  NODES_PER_ELEMENT
   1 3
   2 3
   3 3
   4 3
   5 3
   6 3
   7 3
   8 3
   9 3
   10 3
   11 3
   12 3
   13 3
   14 3
   15 3
   16 3
   17 3
   18 3
   19 3
   20 3
   21 3
   22 3
   23 3
   24 3
   25 3
   26 3
   27 3
   28 3
   29 3
   30 3
   31 3
   32 3
   33 3
   34 3
   35 3
   36 3
   37 3
   38 3
   39 3
   40 3
   41 3
   42 3
   43 3
   44 3
   45 3
   46 3
   47 3
   48 3
   49 3
   50 3
   51 3
   52 3
   53 3
   54 3
   55 3
   56 3
   57 3
   58 3
   59 3
   60 3
   61 3
   62 3
   63 3
   64 3
   65 3
   66 3
   67 3
   68 3
   69 3
   70 3
   71 3
   72 3
   73 3
   74 3
   75 3
   76 3
   77 3
   78 3
   79 3
   80 3
   81 3
   82 3
   83 3
   84 3
   85 3
   86 3
   87 3
   88 3
   89 3
   90 3
   91 3
   92 3
   93 3
   94 3
   95 3
   96 3
   97 3
   98 3
   99 3
   100 3
   101 3
   102 3
   103 3
   104 3
   105 3
   106 3
   107 3
   108 3
   109 3
   110 3
   111 3
   112 3
   113 3
   114 3
   115 3
   116 3
   117 3
   118 3
   119 3
   120 3
   121 3
   122 3
   123 3
   124 3
   125 3
   126 3
   127 3
   128 3
   129 3
   130 3
   131 3
   132 3
   133 3
   134 3
   135 3
   136 3
   137 3
   138 3
   139 3
   140 3
   141 3
   142 3
   143 3
   144 3
   145 3
   146 3
   147 3
   148 3
   149 3
   150 3
   151 3
   152 3
   153 3
   154 3
   155 3
   156 3
   157 3
   158 3
   159 3
   160 3
   161 3
   162 3
   163 3
   164 3
   165 3
   166 3
   167 3
   168 3
   169 3
   170 3
   171 3
   172 3
   173 3
   174 3
   175 3
   176 3
   177 3
   178 3
   179 3
   180 3
   181 3
   182 3
   183 3
   184 3
   185 3
   186 3
   187 3
   188 3
   189 3
   190 3
   191 3
   192 3
   193 3
   194 3
   195 3
   196 3
   197 3
   198 3
   199 3
   200 3
   201 3
   202 3
   203 3
   204 3
   205 3
   206 3
   207 3
   208 3
   209 3
   210 3
   211 3
   212 3
   213 3
   214 3
   215 3
   216 3
   217 3
   218 3
   219 3
   220 3
   221 3
   222 3
   223 3
   224 3
   225 3
   226 3
   227 3
   228 3
   229 3
   230 3
   231 3
   232 3
   233 3
   234 3
   235 3
   236 3
   237 3
   238 3
   239 3
   240 3
   241 3
   242 3
   243 3
   244 3
   245 3
   246 3
   247 3
   248 3
   249 3
   250 3
   251 3
   252 3
   253 3
   254 3
   255 3
   256 3
   257 3
   258 3
   259 3
   260 3
   261 3
   262 3
   263 3
   264 3
   265 3
   266 3
   267 3
   268 3
   269 3
   270 3
   271 3
   272 3
   273 3
   274 3
   275 3
   276 3
   277 3
   278 3
   279 3
   280 3
   281 3
   282 3
   283 3
   284 3
   285 3
   286 3
   287 3
   288 3
   289 3
   290 3
   291 3
   292 3
   293 3
   294 3
   295 3
   296 3
   297 3
   298 3
   299 3
   300 3
   301 3
   302 3
   303 3
   304 3
   305 3
   306 3
   307 3
   308 3
   309 3
   310 3
   311 3
   312 3
   313 3
   314 3
   315 3
   316 3
   317 3
   318 3
   319 3
   320 3
   321 3
   322 3
   323 3
   324 3
   325 3
   326 3
   327 3
   328 3
   329 3
   330 3
   331 3
   332 3
   333 3
   334 3
   335 3
   336 3
   337 3
   338 3
   339 3
   340 3
   341 3
   342 3
   343 3
   344 3
   345 3
   346 3
   347 3
   348 3
   349 3
   350 3
   351 3
   352 3
   353 3
   354 3
   355 3
   356 3
   357 3
   358 3
   359 3
   360 3
   361 3
   362 3
   363 3
   364 3
   365 3
   366 3
   367 3
   368 3
   369 3
   370 3
   371 3
   372 3
   373 3
   374 3
   375 3
   376 3
   377 3
   378 3
   379 3
   380 3
   381 3
   382 3
   383 3
   384 3
   385 3
   386 3
   387 3
   388 3
   389 3
   390 3
   391 3
   392 3
   393 3
   394 3
   395 3
   396 3
   397 3
   398 3
   399 3
   400 3
   401 3
   402 3
   403 3
   404 3
   405 3
   406 3
   407 3
   408 3
   409 3
   410 3
   411 3
   412 3
   413 3
   414 3
   415 3
   416 3
   417 3
   418 3
   419 3
   420 3
   421 3
   422 3
   423 3
   424 3
   425 3
   426 3
   427 3
   428 3
   429 3
   430 3
   431 3
   432 3
   433 3
   434 3
   435 3
   436 3
   437 3
   438 3
   439 3
   440 3
   441 3
   442 3
   443 3
   444 3
   445 3
   446 3
   447 3
   448 3
   449 3
   450 3
   451 3
   452 3
   453 3
   454 3
   455 3
   456 3
   457 3
   458 3
   459 3
   460 3
   461 3
   462 3
   463 3
   464 3
   465 3
   466 3
   467 3
   468 3
   469 3
   470 3
   471 3
   472 3
   473 3
   474 3
   475 3
   476 3
   477 3
   478 3
   479 3
   480 3
   481 3
   482 3
   483 3
   484 3
   485 3
   486 3
   487 3
   488 3
   489 3
   490 3
   491 3
   492 3
   493 3
   494 3
   495 3
   496 3
   497 3
   498 3
   499 3
   500 3
   501 3
   502 3
   503 3
   504 3
   505 3
   506 3
   507 3
   508 3
   509 3
   510 3
   511 3
   512 3
   513 3
   514 3
   515 3
   516 3
   517 3
   518 3
   519 3
   520 3
   521 3
   522 3
   523 3
   524 3
   525 3
   526 3
   527 3
   528 3
   529 3
   530 3
   531 3
   532 3
   533 3
   534 3
   535 3
   536 3
   537 3
   538 3
   539 3
   540 3
   541 3
   542 3
   543 3
   544 3
   545 3
   546 3
   547 3
   548 3
   549 3
   550 3
   551 3
   552 3
   553 3
   554 3
   555 3
   556 3
   557 3
   558 3
   559 3
   560 3
   561 3
   562 3
   563 3
   564 3
   565 3
   566 3
   567 3
   568 3
   569 3
   570 3
   571 3
   572 3
   573 3
   574 3
   575 3
   576 3
   577 3
   578 3
   579 3
   580 3
   581 3
   582 3
   583 3
   584 3
   585 3
   586 3
   587 3
   588 3
   589 3
   590 3
   591 3
   592 3
   593 3
   594 3
   595 3
   596 3
   597 3
   598 3
   599 3
   600 3
   601 3
   602 3
   603 3
   604 3
   605 3
   606 3
   607 3
   608 3
   609 3
   610 3
   611 3
   612 3
   613 3
   614 3
   615 3
   616 3
   617 3
   618 3
   619 3
   620 3
   621 3
   622 3
   623 3
   624 3
   625 3
   626 3
   627 3
   628 3
   629 3
   630 3
   631 3
   632 3
   633 3
   634 3
   635 3
   636 3
   637 3
   638 3
   639 3
   640 3
   641 3
   642 3
   643 3
   644 3
   645 3
   646 3
   647 3
   648 3
   649 3
   650 3
   651 3
   652 3
   653 3
   654 3
   655 3
   656 3
   657 3
   658 3
   659 3
   660 3
   661 3
   662 3
   663 3
   664 3
   665 3
   666 3
   667 3
   668 3
   669 3
   670 3
   671 3
   672 3
   673 3
   674 3
   675 3
   676 3
   677 3
   678 3
   679 3
   680 3
   681 3
   682 3
   683 3
   684 3
   685 3
   686 3
   687 3
   688 3
   689 3
   690 3
   691 3
   692 3
   693 3
   694 3
   695 3
   696 3
   697 3
   698 3
   699 3
   700 3
   701 3
   702 3
   703 3
   704 3
   705 3
   706 3
   707 3
   708 3
   709 3
   710 3
   711 3
   712 3
   713 3
   714 3
   715 3
   716 3
   717 3
   718 3
   719 3
   720 3
   721 3
   722 3
   723 3
   724 3
   725 3
   726 3
   727 3
   728 3
   729 3
   730 3
   731 3
   732 3
   733 3
   734 3
   735 3
   736 3
   737 3
   738 3
   739 3
   740 3
   741 3
   742 3
   743 3
   744 3
   745 3
   746 3
   747 3
   748 3
   749 3
   750 3
   751 3
   752 3
   753 3
   754 3
   755 3
   756 3
   757 3
   758 3
   759 3
   760 3
   761 3
   762 3
   763 3
   764 3
   765 3
   766 3
   767 3
   768 3
   769 3
   770 3
   771 3
   772 3
   773 3
   774 3
   775 3
   776 3
   777 3
   778 3
   779 3
   780 3
   781 3
   782 3
   783 3
   784 3
   785 3
   786 3
   787 3
   788 3
   789 3
   790 3
   791 3
   792 3
   793 3
   794 3
   795 3
   796 3
   797 3
   798 3
   799 3
   800 3
   801 3
   802 3
   803 3
   804 3
   805 3
   806 3
   807 3
   808 3
   809 3
   810 3
   811 3
   812 3
   813 3
   814 3
   815 3
   816 3
   817 3
   818 3
   819 3
   820 3
   821 3
   822 3
   823 3
   824 3
   825 3
   826 3
   827 3
   828 3
   829 3
   830 3
   831 3
   832 3
   833 3
   834 3
   835 3
   836 3
   837 3
   838 3
   839 3
   840 3
   841 3
   842 3
   843 3
   844 3
   845 3
   846 3
   847 3
   848 3
   849 3
   850 3
   851 3
   852 3
   853 3
   854 3
   855 3
   856 3
   857 3
   858 3
   859 3
   860 3
   861 3
   862 3
   863 3
   864 3
   865 3
   866 3
   867 3
   868 3
   869 3
   870 3
   871 3
   872 3
   873 3
   874 3
   875 3
   876 3
   877 3
   878 3
   879 3
   880 3
   881 3
   882 3
   883 3
   884 3
   885 3
   886 3
   887 3
   888 3
   889 3
   890 3
   891 3
   892 3
   893 3
   894 3
   895 3
   896 3
   897 3
   898 3
   899 3
   900 3
   901 3
   902 3
   903 3
   904 3
   905 3
   906 3
   907 3
   908 3
   909 3
   910 3
   911 3
   912 3
   913 3
   914 3
   915 3
   916 3
   917 3
   918 3
   919 3
   920 3
   921 3
   922 3
   923 3
   924 3
   925 3
   926 3
   927 3
   928 3
   929 3
   930 3
   931 3
   932 3
   933 3
   934 3
   935 3
   936 3
   937 3
   938 3
   939 3
   940 3
   941 3
   942 3
   943 3
   944 3
   945 3
   946 3
   947 3
   948 3
   949 3
   950 3
   951 3
   952 3
   953 3
   954 3
   955 3
   956 3
   957 3
   958 3
   959 3
   960 3
   961 3
   962 3
   963 3
   964 3
   965 3
   966 3
   967 3
   968 3
   969 3
   970 3
   971 3
   972 3
   973 3
   974 3
   975 3
   976 3
   977 3
   978 3
   979 3
   980 3
   981 3
   982 3
   983 3
   984 3
   985 3
   986 3
   987 3
   988 3
   989 3
   990 3
   991 3
   992 3
   993 3
   994 3
   995 3
   996 3
   997 3
   998 3
   999 3
   1000 3
   1001 3
   1002 3
   1003 3
   1004 3
   1005 3
   1006 3
   1007 3
   1008 3
   1009 3
   1010 3
   1011 3
   1012 3
   1013 3
   1014 3
   1015 3
   1016 3
   1017 3
   1018 3
   1019 3
   1020 3
   1021 3
   1022 3
   1023 3
   1024 3
   1025 3
   1026 3
   1027 3
   1028 3
   1029 3
   1030 3
   1031 3
   1032 3
   1033 3
   1034 3
   1035 3
   1036 3
   1037 3
   1038 3
   1039 3
   1040 3
   1041 3
   1042 3
   1043 3
   1044 3
   1045 3
   1046 3
   1047 3
   1048 3
   1049 3
   1050 3
   1051 3
   1052 3
   1053 3
   1054 3
   1055 3
   1056 3
   1057 3
   1058 3
   1059 3
   1060 3
   1061 3
   1062 3
   1063 3
   1064 3
   1065 3
   1066 3
   1067 3
   1068 3
   1069 3
   1070 3
   1071 3
   1072 3
   1073 3
   1074 3
   1075 3
   1076 3
   1077 3
   1078 3
   1079 3
   1080 3
   1081 3
   1082 3
   1083 3
   1084 3
   1085 3
   1086 3
   1087 3
   1088 3
   1089 3
   1090 3
   1091 3
   1092 3
   1093 3
   1094 3
   1095 3
   1096 3
   1097 3
   1098 3
   1099 3
   1100 3
   1101 3
   1102 3
   1103 3
   1104 3
   1105 3
   1106 3
   1107 3
   1108 3
   1109 3
   1110 3
   1111 3
   1112 3
   1113 3
   1114 3
   1115 3
   1116 3
   1117 3
   1118 3
   1119 3
   1120 3
   1121 3
   1122 3
   1123 3
   1124 3
   1125 3
   1126 3
   1127 3
   1128 3
   1129 3
   1130 3
   1131 3
   1132 3
   1133 3
   1134 3
   1135 3
   1136 3
   1137 3
   1138 3
   1139 3
   1140 3
   1141 3
   1142 3
   1143 3
   1144 3
   1145 3
   1146 3
   1147 3
   1148 3
   1149 3
   1150 3
   1151 3
   1152 3
   1153 3
   1154 3
   1155 3
   1156 3
   1157 3
   1158 3
   1159 3
   1160 3
   1161 3
   1162 3
   1163 3
   1164 3
   1165 3
   1166 3
   1167 3
   1168 3
   1169 3
   1170 3
   1171 3
   1172 3
   1173 3
   1174 3
   1175 3
   1176 3
   1177 3
   1178 3
   1179 3
   1180 3
   1181 3
   1182 3
   1183 3
   1184 3
   1185 3
   1186 3
   1187 3
   1188 3
   1189 3
   1190 3
   1191 3
   1192 3
   1193 3
   1194 3
   1195 3
   1196 3
   1197 3
   1198 3
   1199 3
   1200 3
   1201 3
   1202 3
   1203 3
   1204 3
   1205 3
   1206 3
   1207 3
   1208 3
   1209 3
   1210 3
   1211 3
   1212 3
   1213 3
   1214 3
   1215 3
   1216 3
   1217 3
   1218 3
   1219 3
   1220 3
   1221 3
   1222 3
   1223 3
   1224 3
   1225 3
   1226 3
   1227 3
   1228 3
   1229 3
   1230 3
   1231 3
   1232 3
   1233 3
   1234 3
   1235 3
   1236 3
   1237 3
   1238 3
   1239 3
   1240 3
   1241 3
   1242 3
   1243 3
   1244 3
   1245 3
   1246 3
   1247 3
   1248 3
   1249 3
   1250 3
   1251 3
   1252 3
   1253 3
   1254 3
   1255 3
   1256 3
   1257 3
   1258 3
   1259 3
   1260 3
   1261 3
   1262 3
   1263 3
   1264 3
   1265 3
   1266 3
   1267 3
   1268 3
   1269 3
   1270 3
   1271 3
   1272 3
   1273 3
   1274 3
   1275 3
   1276 3
   1277 3
   1278 3
   1279 3
   1280 3
   1281 3
   1282 3
   1283 3
   1284 3
   1285 3
   1286 3
   1287 3
   1288 3
   1289 3
   1290 3
   1291 3
   1292 3
   1293 3
   1294 3
   1295 3
   1296 3
   1297 3
   1298 3
   1299 3
   1300 3
   1301 3
   1302 3
   1303 3
   1304 3
   1305 3
   1306 3
   1307 3
   1308 3
   1309 3
   1310 3
   1311 3
   1312 3
   1313 3
   1314 3
   1315 3
   1316 3
   1317 3
   1318 3
   1319 3
   1320 3
   1321 3
   1322 3
   1323 3
   1324 3
   1325 3
   1326 3
   1327 3
   1328 3
   1329 3
   1330 3
   1331 3
   1332 3
   1333 3
   1334 3
   1335 3
   1336 3
   1337 3
   1338 3
   1339 3
   1340 3
   1341 3
   1342 3
   1343 3
   1344 3
   1345 3
   1346 3
   1347 3
   1348 3
   1349 3
   1350 3
   1351 3
   1352 3
   1353 3
   1354 3
   1355 3
   1356 3
   1357 3
   1358 3
   1359 3
   1360 3
   1361 3
   1362 3
   1363 3
   1364 3
   1365 3
   1366 3
   1367 3
   1368 3
   1369 3
   1370 3
   1371 3
   1372 3
   1373 3
   1374 3
   1375 3
   1376 3
   1377 3
   1378 3
   1379 3
   1380 3
   1381 3
   1382 3
   1383 3
   1384 3
   1385 3
   1386 3
   1387 3
   1388 3
   1389 3
   1390 3
   1391 3
   1392 3
   1393 3
   1394 3
   1395 3
   1396 3
   1397 3
   1398 3
   1399 3
   1400 3
   1401 3
   1402 3
   1403 3
   1404 3
   1405 3
   1406 3
   1407 3
   1408 3
   1409 3
   1410 3
   1411 3
   1412 3
   1413 3
   1414 3
   1415 3
   1416 3
   1417 3
   1418 3
   1419 3
   1420 3
   1421 3
   1422 3
   1423 3
   1424 3
   1425 3
   1426 3
   1427 3
   1428 3
   1429 3
   1430 3
   1431 3
   1432 3
   1433 3
   1434 3
   1435 3
   1436 3
   1437 3
   1438 3
   1439 3
   1440 3
  END_NODES_PER_ELEMENT
  ELEMENTS
  1 1 2 3  
  2 481 492 465  
  3 735 732 715  
  4 64 50 57  
  5 465 492 483  
  6 481 465 450  
  7 715 732 707  
  8 57 50 43  
  9 483 492 511  
  10 450 465 435  
  11 707 732 726  
  12 43 50 38  
  13 435 465 454  
  14 450 435 418  
  15 43 38 31  
  16 454 465 483  
  17 418 435 404  
  18 450 418 434  
  19 31 38 28  
  20 454 483 470  
  21 404 435 423  
  22 434 418 402  
  23 31 28 22  
  24 470 483 501  
  25 423 435 454  
  26 402 418 383  
  27 22 28 18  
  28 501 483 511  
  29 383 418 404  
  30 402 383 366  
  31 501 511 527  
  32 366 383 348  
  33 402 366 384  
  34 501 527 515  
  35 348 383 367  
  36 366 348 331  
  37 384 366 349  
  38 515 527 543  
  39 367 383 404  
  40 331 348 315  
  41 349 366 331  
  42 515 543 536  
  43 315 348 334  
  44 331 315 296  
  45 349 331 316  
  46 536 543 562  
  47 334 348 367  
  48 296 315 284  
  49 316 331 296  
  50 536 562 553  
  51 334 367 351  
  52 284 315 299  
  53 316 296 285  
  54 553 562 580  
  55 351 367 389  
  56 299 315 334  
  57 285 296 264  
  58 553 580 573  
  59 389 367 404  
  60 299 334 318  
  61 264 296 284  
  62 573 580 600  
  63 318 334 351  
  64 299 318 286  
  65 573 600 588  
  66 318 351 342  
  67 286 318 308  
  68 299 286 265  
  69 588 600 618  
  70 342 351 376  
  71 308 318 342  
  72 265 286 256  
  73 376 351 389  
  74 342 376 362  
  75 256 286 275  
  76 265 256 236  
  77 362 376 399  
  78 342 362 327  
  79 275 286 308  
  80 399 376 410  
  81 342 327 308  
  82 410 376 389  
  83 399 410 431  
  84 308 327 293  
  85 431 410 440  
  86 293 327 317  
  87 308 293 275  
  88 440 410 423  
  89 317 327 350  
  90 275 293 263  
  91 440 423 454  
  92 350 327 362  
  93 263 293 287  
  94 350 362 385  
  95 287 293 317  
  96 385 362 399  
  97 350 385 378  
  98 385 399 420  
  99 378 385 411  
  100 420 399 431  
  101 385 420 411  
  102 420 431 451  
  103 411 420 441  
  104 451 431 460  
  105 420 451 441  
  106 460 431 440  
  107 441 451 469  
  108 460 440 470  
  109 469 451 479  
  110 470 440 454  
  111 460 470 488  
  112 479 451 460  
  113 488 470 501  
  114 460 488 479  
  115 488 501 515  
  116 479 488 508  
  117 508 488 515  
  118 508 515 536  
  119 508 536 526  
  120 526 536 553  
  121 508 526 498  
  122 498 526 516  
  123 508 498 479  
  124 516 526 546  
  125 479 498 469  
  126 546 526 553  
  127 469 498 489  
  128 546 553 573  
  129 489 498 516  
  130 546 573 563  
  131 563 573 588  
  132 546 563 538  
  133 563 588 585  
  134 538 563 559  
  135 585 588 610  
  136 563 585 559  
  137 610 588 618  
  138 559 585 579  
  139 610 618 633  
  140 579 585 605  
  141 559 579 554  
  142 605 585 610  
  143 579 605 601  
  144 554 579 576  
  145 605 610 630  
  146 601 605 626  
  147 576 579 601  
  148 630 610 633  
  149 626 605 630  
  150 630 633 655  
  151 626 630 650  
  152 630 655 650  
  153 650 655 675  
  154 650 675 671  
  155 671 675 695  
  156 650 671 648  
  157 671 695 692  
  158 648 671 669  
  159 692 695 713  
  160 669 671 692  
  161 648 669 644  
  162 692 713 709  
  163 669 692 686  
  164 644 669 666  
  165 709 713 733  
  166 686 692 709  
  167 666 669 686  
  168 686 709 706  
  169 666 686 684  
  170 706 709 730  
  171 686 706 684  
  172 730 709 733  
  173 684 706 704  
  174 730 733 746  
  175 704 706 728  
  176 730 746 743  
  177 728 706 730  
  178 704 728 724  
  179 743 746 756  
  180 728 730 743  
  181 724 728 741  
  182 728 743 741  
  183 724 741 739  
  184 741 743 753  
  185 739 741 752  
  186 724 739 721  
  187 753 743 756  
  188 752 741 753  
  189 721 739 738  
  190 752 753 760  
  191 738 739 750  
  192 760 753 762  
  193 752 760 759  
  194 750 739 752  
  195 762 753 756  
  196 759 760 768  
  197 750 752 759  
  198 768 760 767  
  199 767 760 762  
  200 768 767 771  
  201 768 771 772  
  202 236 256 227  
  203 227 256 246  
  204 236 227 208  
  205 246 256 275  
  206 208 227 199  
  207 199 227 216  
  208 208 199 182  
  209 216 227 246  
  210 182 199 173  
  211 208 182 192  
  212 173 199 189  
  213 182 173 157  
  214 192 182 168  
  215 189 199 216  
  216 157 173 148  
  217 168 182 157  
  218 148 173 165  
  219 157 148 135  
  220 165 173 189  
  221 148 165 142  
  222 135 148 127  
  223 142 165 158  
  224 148 142 127  
  225 158 165 181  
  226 127 142 121  
  227 181 165 189  
  228 158 181 177  
  229 121 142 136  
  230 177 181 202  
  231 158 177 154  
  232 136 142 158  
  233 202 181 207  
  234 154 177 174  
  235 136 158 154  
  236 207 181 189  
  237 174 177 198  
  238 207 189 216  
  239 198 177 202  
  240 207 216 234  
  241 198 202 224  
  242 234 216 246  
  243 224 202 229  
  244 234 246 263  
  245 229 202 207  
  246 263 246 275  
  247 234 263 257  
  248 257 263 287  
  249 234 257 229  
  250 257 287 281  
  251 229 257 252  
  252 281 287 312  
  253 257 281 252  
  254 312 287 317  
  255 252 281 276  
  256 312 317 344  
  257 276 281 306  
  258 344 317 350  
  259 312 344 337  
  260 306 281 312  
  261 344 350 378  
  262 337 344 368  
  263 306 312 337  
  264 344 378 368  
  265 368 378 403  
  266 403 378 411  
  267 368 403 398  
  268 403 411 433  
  269 398 403 429  
  270 433 411 441  
  271 403 433 429  
  272 433 441 461  
  273 429 433 457  
  274 461 441 469  
  275 433 461 457  
  276 461 469 489  
  277 457 461 485  
  278 461 489 485  
  279 485 489 512  
  280 512 489 516  
  281 485 512 507  
  282 512 516 538  
  283 507 512 534  
  284 538 516 546  
  285 512 538 534  
  286 224 229 252  
  287 224 252 248  
  288 248 252 276  
  289 224 248 220  
  290 248 276 270  
  291 220 248 244  
  292 270 276 300  
  293 244 248 270  
  294 300 276 306  
  295 270 300 295  
  296 300 306 330  
  297 295 300 326  
  298 330 306 337  
  299 300 330 326  
  300 330 337 363  
  301 326 330 359  
  302 363 337 368  
  303 330 363 359  
  304 363 368 398  
  305 359 363 393  
  306 363 398 393  
  307 359 393 390  
  308 393 398 424  
  309 390 393 419  
  310 359 390 355  
  311 424 398 429  
  312 419 393 424  
  313 355 390 386  
  314 419 424 448  
  315 386 390 416  
  316 355 386 354  
  317 448 424 453  
  318 416 390 419  
  319 354 386 388  
  320 453 424 429  
  321 416 419 446  
  322 388 386 415  
  323 453 429 457  
  324 446 419 448  
  325 415 386 416  
  326 446 448 473  
  327 415 416 442  
  328 473 448 477  
  329 442 416 446  
  330 477 448 453  
  331 473 477 497  
  332 477 453 480  
  333 497 477 504  
  334 480 453 457  
  335 477 480 504  
  336 480 457 485  
  337 504 480 507  
  338 480 485 507  
  339 504 507 529  
  340 529 507 534  
  341 504 529 524  
  342 529 534 554  
  343 524 529 551  
  344 554 534 559  
  345 529 554 551  
  346 559 534 538  
  347 551 554 576  
  348 551 576 572  
  349 572 576 597  
  350 551 572 547  
  351 597 576 601  
  352 547 572 569  
  353 597 601 623  
  354 569 572 595  
  355 623 601 626  
  356 595 572 597  
  357 569 595 591  
  358 595 597 619  
  359 591 595 616  
  360 619 597 623  
  361 595 619 616  
  362 619 623 644  
  363 616 619 642  
  364 644 623 648  
  365 619 644 642  
  366 648 623 626  
  367 642 644 666  
  368 648 626 650  
  369 234 229 207  
  370 244 270 267  
  371 267 270 295  
  372 244 267 243  
  373 267 295 294  
  374 243 267 268  
  375 244 243 217  
  376 294 295 324  
  377 267 294 268  
  378 217 243 218  
  379 294 324 325  
  380 268 294 297  
  381 217 218 193  
  382 325 324 354  
  383 297 294 325  
  384 193 218 196  
  385 354 324 355  
  386 196 218 221  
  387 193 196 172  
  388 355 324 326  
  389 221 218 247  
  390 172 196 175  
  391 326 324 295  
  392 247 218 243  
  393 175 196 200  
  394 200 196 221  
  395 175 200 179  
  396 200 221 226  
  397 179 200 205  
  398 226 221 249  
  399 200 226 205  
  400 249 221 247  
  401 205 226 232  
  402 249 247 273  
  403 232 226 254  
  404 273 247 268  
  405 249 273 278  
  406 254 226 249  
  407 268 247 243  
  408 278 273 301  
  409 254 249 278  
  410 301 273 297  
  411 254 278 283  
  412 297 273 268  
  413 301 297 328  
  414 283 278 309  
  415 301 328 333  
  416 309 278 301  
  417 333 328 360  
  418 301 333 309  
  419 360 328 356  
  420 333 360 364  
  421 309 333 340  
  422 360 356 391  
  423 364 360 395  
  424 340 333 364  
  425 391 356 388  
  426 395 360 391  
  427 388 356 354  
  428 391 388 417  
  429 395 391 422  
  430 354 356 325  
  431 417 388 415  
  432 422 391 417  
  433 325 356 328  
  434 422 417 447  
  435 325 328 297  
  436 447 417 443  
  437 443 417 415  
  438 447 443 472  
  439 443 415 442  
  440 472 443 466  
  441 447 472 474  
  442 443 442 466  
  443 474 472 496  
  444 466 442 468  
  445 496 472 494  
  446 474 496 500  
  447 468 442 446  
  448 494 472 466  
  449 500 496 523  
  450 494 466 493  
  451 523 496 519  
  452 493 466 468  
  453 494 493 517  
  454 519 496 494  
  455 517 493 518  
  456 494 517 519  
  457 518 493 495  
  458 519 517 542  
  459 495 493 468  
  460 518 495 522  
  461 542 517 541  
  462 495 468 473  
  463 522 495 497  
  464 541 517 518  
  465 473 468 446  
  466 497 495 473  
  467 541 518 544  
  468 544 518 522  
  469 541 544 567  
  470 544 522 547  
  471 567 544 569  
  472 547 522 524  
  473 544 547 569  
  474 524 522 497  
  475 524 497 504  
  476 175 179 155  
  477 155 179 159  
  478 175 155 152  
  479 159 179 183  
  480 155 159 140  
  481 152 155 134  
  482 183 179 205  
  483 140 159 144  
  484 134 155 140  
  485 183 205 209  
  486 144 159 167  
  487 134 140 120  
  488 209 205 232  
  489 167 159 183  
  490 120 140 122  
  491 209 232 237  
  492 122 140 144  
  493 120 122 104  
  494 237 232 259  
  495 122 144 128  
  496 104 122 108  
  497 259 232 254  
  498 128 144 151  
  499 108 122 128  
  500 151 144 167  
  501 128 151 141  
  502 151 167 176  
  503 141 151 163  
  504 128 141 118  
  505 176 167 191  
  506 163 151 176  
  507 118 141 138  
  508 138 141 161  
  509 191 167 183  
  510 191 183 209  
  511 191 209 219  
  512 219 209 237  
  513 191 219 203  
  514 219 237 250  
  515 203 219 230  
  516 250 237 266  
  517 219 250 230  
  518 266 237 259  
  519 230 250 260  
  520 266 259 289  
  521 260 250 280  
  522 289 259 283  
  523 266 289 298  
  524 280 250 266  
  525 283 259 254  
  526 298 289 320  
  527 280 266 298  
  528 320 289 314  
  529 298 320 332  
  530 280 298 311  
  531 314 289 283  
  532 332 320 353  
  533 311 298 332  
  534 314 283 309  
  535 353 320 347  
  536 314 309 340  
  537 347 320 314  
  538 353 347 380  
  539 314 340 347  
  540 380 347 371  
  541 347 340 371  
  542 380 371 406  
  543 371 340 364  
  544 406 371 400  
  545 380 406 412  
  546 400 371 364  
  547 406 400 430  
  548 412 406 436  
  549 430 400 426  
  550 406 430 436  
  551 426 400 395  
  552 436 430 459  
  553 395 400 364  
  554 426 395 422  
  555 459 430 455  
  556 426 422 449  
  557 455 430 426  
  558 449 422 447  
  559 449 447 474  
  560 449 474 478  
  561 478 474 500  
  562 449 478 455  
  563 478 500 505  
  564 455 478 482  
  565 505 500 525  
  566 478 505 482  
  567 525 500 523  
  568 482 505 509  
  569 525 523 548  
  570 509 505 532  
  571 482 509 486  
  572 548 523 545  
  573 532 505 525  
  574 486 509 513  
  575 545 523 519  
  576 513 509 535  
  577 486 513 491  
  578 535 509 532  
  579 513 535 539  
  580 491 513 521  
  581 535 532 556  
  582 539 535 561  
  583 521 513 539  
  584 556 532 552  
  585 561 535 556  
  586 552 532 525  
  587 556 552 578  
  588 552 525 548  
  589 578 552 574  
  590 552 548 574  
  591 578 574 599  
  592 574 548 570  
  593 599 574 596  
  594 578 599 603  
  595 570 548 545  
  596 596 574 570  
  597 603 599 624  
  598 596 570 593  
  599 624 599 621  
  600 593 570 568  
  601 596 593 617  
  602 621 599 596  
  603 568 570 545  
  604 617 593 615  
  605 621 596 617  
  606 568 545 542  
  607 615 593 590  
  608 542 545 519  
  609 568 542 566  
  610 590 593 568  
  611 566 542 541  
  612 568 566 590  
  613 566 541 567  
  614 590 566 589  
  615 566 567 589  
  616 590 589 613  
  617 589 567 591  
  618 613 589 614  
  619 590 613 615  
  620 591 567 569  
  621 614 589 591  
  622 615 613 637  
  623 637 613 636  
  624 615 637 640  
  625 636 613 614  
  626 640 637 659  
  627 636 614 638  
  628 659 637 657  
  629 640 659 662  
  630 638 614 616  
  631 657 637 636  
  632 662 659 683  
  633 616 614 591  
  634 683 659 681  
  635 662 683 685  
  636 681 659 657  
  637 683 681 703  
  638 685 683 705  
  639 681 657 680  
  640 703 681 701  
  641 705 683 703  
  642 680 657 658  
  643 701 681 680  
  644 658 657 636  
  645 680 658 682  
  646 658 636 638  
  647 682 658 661  
  648 658 638 661  
  649 661 638 642  
  650 642 638 616  
  651 661 642 666  
  652 661 666 684  
  653 661 684 682  
  654 682 684 704  
  655 682 704 702  
  656 702 704 724  
  657 702 724 721  
  658 702 721 701  
  659 701 721 723  
  660 702 701 680  
  661 723 721 738  
  662 701 723 703  
  663 702 680 682  
  664 703 723 727  
  665 727 723 740  
  666 703 727 705  
  667 740 723 738  
  668 705 727 729  
  669 740 738 751  
  670 729 727 742  
  671 751 738 750  
  672 742 727 740  
  673 742 740 755  
  674 755 740 751  
  675 755 751 761  
  676 761 751 764  
  677 755 761 765  
  678 764 751 750  
  679 764 750 759  
  680 353 380 392  
  681 392 380 412  
  682 353 392 365  
  683 365 392 401  
  684 353 365 332  
  685 401 392 425  
  686 332 365 345  
  687 425 392 412  
  688 401 425 432  
  689 345 365 379  
  690 432 425 456  
  691 401 432 413  
  692 379 365 401  
  693 456 425 444  
  694 413 432 445  
  695 379 401 413  
  696 444 425 412  
  697 445 432 462  
  698 444 412 436  
  699 462 432 456  
  700 444 436 464  
  701 462 456 484  
  702 464 436 459  
  703 444 464 475  
  704 484 456 475  
  705 475 464 491  
  706 444 475 456  
  707 491 464 486  
  708 486 464 459  
  709 486 459 482  
  710 482 459 455  
  711 449 455 426  
  712 462 484 490  
  713 490 484 510  
  714 462 490 476  
  715 510 484 503  
  716 490 510 520  
  717 476 490 506  
  718 503 484 475  
  719 490 520 506  
  720 503 475 491  
  721 506 520 533  
  722 503 491 521  
  723 533 520 550  
  724 506 533 514  
  725 503 521 531  
  726 550 520 537  
  727 514 533 540  
  728 531 521 549  
  729 537 520 510  
  730 540 533 560  
  731 549 521 539  
  732 537 510 531  
  733 560 533 550  
  734 531 510 503  
  735 537 531 558  
  736 560 550 577  
  737 558 531 549  
  738 577 550 564  
  739 560 577 586  
  740 558 549 575  
  741 564 550 537  
  742 586 577 604  
  743 575 549 565  
  744 604 577 592  
  745 586 604 612  
  746 565 549 539  
  747 592 577 564  
  748 612 604 629  
  749 592 564 584  
  750 629 604 620  
  751 612 629 641  
  752 584 564 558  
  753 620 604 592  
  754 641 629 654  
  755 558 564 537  
  756 620 592 608  
  757 654 629 646  
  758 608 592 584  
  759 620 608 632  
  760 646 629 620  
  761 608 584 602  
  762 632 608 628  
  763 646 620 632  
  764 602 584 575  
  765 628 608 602  
  766 646 632 660  
  767 575 584 558  
  768 628 602 622  
  769 660 632 653  
  770 622 602 594  
  771 628 622 647  
  772 653 632 628  
  773 594 602 575  
  774 647 622 639  
  775 653 628 647  
  776 594 575 565  
  777 639 622 611  
  778 653 647 672  
  779 594 565 587  
  780 611 622 594  
  781 672 647 665  
  782 587 565 561  
  783 611 594 587  
  784 665 647 639  
  785 561 565 539  
  786 665 639 656  
  787 656 639 631  
  788 665 656 679  
  789 631 639 611  
  790 656 631 652  
  791 679 656 676  
  792 631 611 606  
  793 652 631 627  
  794 676 656 652  
  795 606 611 587  
  796 627 631 606  
  797 606 587 581  
  798 627 606 603  
  799 581 587 561  
  800 606 581 603  
  801 581 561 556  
  802 603 581 578  
  803 581 556 578  
  804 462 476 445  
  805 445 476 458  
  806 458 476 487  
  807 445 458 428  
  808 487 476 506  
  809 458 487 471  
  810 428 458 439  
  811 487 506 514  
  812 471 487 502  
  813 439 458 471  
  814 502 487 514  
  815 471 502 467  
  816 471 467 438  
  817 502 514 530  
  818 530 514 540  
  819 502 530 499  
  820 502 499 467  
  821 530 540 557  
  822 557 540 571  
  823 530 557 528  
  824 530 528 499  
  825 571 540 560  
  826 557 571 583  
  827 571 560 586  
  828 583 571 598  
  829 557 583 555  
  830 557 555 528  
  831 598 571 586  
  832 583 598 609  
  833 598 586 612  
  834 609 598 625  
  835 583 609 582  
  836 583 582 555  
  837 625 598 612  
  838 609 625 635  
  839 635 625 651  
  840 609 635 607  
  841 609 607 582  
  842 651 625 641  
  843 641 625 612  
  844 651 641 668  
  845 668 641 654  
  846 651 668 677  
  847 668 654 687  
  848 677 668 693  
  849 651 677 664  
  850 687 654 673  
  851 693 668 687  
  852 664 677 690  
  853 673 654 646  
  854 690 677 716  
  855 664 690 663  
  856 664 663 634  
  857 665 679 691  
  858 691 679 711  
  859 665 691 672  
  860 711 679 700  
  861 691 711 715  
  862 672 691 696  
  863 700 679 676  
  864 696 691 715  
  865 696 715 707  
  866 696 707 678  
  867 678 707 698  
  868 696 678 672  
  869 698 707 726  
  870 678 698 660  
  871 700 676 697  
  872 697 676 674  
  873 700 697 722  
  874 674 676 652  
  875 722 697 717  
  876 700 722 725  
  877 717 697 694  
  878 722 717 736  
  879 725 722 744  
  880 694 697 674  
  881 736 717 734  
  882 694 674 670  
  883 734 717 710  
  884 736 734 749  
  885 670 674 649  
  886 710 717 694  
  887 649 674 652  
  888 670 649 645  
  889 649 652 627  
  890 645 649 624  
  891 649 627 624  
  892 624 627 603  
  893 428 439 409  
  894 409 439 408  
  895 409 408 373  
  896 428 409 396  
  897 396 409 374  
  898 428 396 413  
  899 374 409 373  
  900 374 373 339  
  901 396 374 358  
  902 413 396 379  
  903 358 374 341  
  904 396 358 379  
  905 341 374 339  
  906 341 339 305  
  907 379 358 345  
  908 345 358 322  
  909 322 358 341  
  910 322 341 307  
  911 307 341 305  
  912 307 305 272  
  913 322 307 291  
  914 291 307 274  
  915 322 291 311  
  916 274 307 272  
  917 274 272 240  
  918 291 274 260  
  919 311 291 280  
  920 260 274 241  
  921 280 291 260  
  922 241 274 240  
  923 241 240 212  
  924 687 673 699  
  925 699 673 698  
  926 687 699 719  
  927 711 700 725  
  928 711 725 737  
  929 428 413 445  
  930 239 271 258  
  931 258 271 288  
  932 239 258 228  
  933 288 271 304  
  934 258 288 277  
  935 228 258 245  
  936 239 228 211  
  937 277 288 310  
  938 228 245 214  
  939 211 228 201  
  940 277 310 292  
  941 214 245 233  
  942 201 228 214  
  943 292 310 329  
  944 233 245 262  
  945 329 310 343  
  946 292 329 319  
  947 262 245 277  
  948 343 310 323  
  949 319 329 352  
  950 277 245 258  
  951 323 310 288  
  952 352 329 382  
  953 323 288 304  
  954 323 304 338  
  955 323 338 375  
  956 329 343 382  
  957 434 402 421  
  958 421 402 384  
  959 434 421 452  
  960 421 384 407  
  961 452 421 437  
  962 434 452 463  
  963 407 384 370  
  964 421 407 437  
  965 434 463 450  
  966 407 370 394  
  967 437 407 427  
  968 394 370 357  
  969 427 407 394  
  970 357 370 336  
  971 394 357 381  
  972 427 394 414  
  973 336 370 349  
  974 381 357 346  
  975 414 394 381  
  976 336 349 316  
  977 346 357 321  
  978 414 381 405  
  979 336 316 302  
  980 321 357 336  
  981 405 381 369  
  982 336 302 321  
  983 369 381 346  
  984 405 369 397  
  985 321 302 290  
  986 397 369 361  
  987 321 290 313  
  988 361 369 335  
  989 313 290 282  
  990 321 313 346  
  991 335 369 346  
  992 282 290 261  
  993 346 313 335  
  994 261 290 269  
  995 335 313 303  
  996 269 290 302  
  997 261 269 238  
  998 303 313 282  
  999 238 269 255  
  1000 261 238 231  
  1001 303 282 279  
  1002 255 269 285  
  1003 231 238 210  
  1004 279 282 251  
  1005 285 269 302  
  1006 210 238 225  
  1007 251 282 261  
  1008 285 302 316  
  1009 225 238 255  
  1010 251 261 231  
  1011 225 255 235  
  1012 251 231 223  
  1013 235 255 264  
  1014 225 235 206  
  1015 223 231 204  
  1016 264 255 285  
  1017 206 235 222  
  1018 204 231 210  
  1019 206 222 192  
  1020 204 210 184  
  1021 192 222 208  
  1022 206 192 180  
  1023 184 210 197  
  1024 208 222 236  
  1025 180 192 168  
  1026 197 210 225  
  1027 236 222 253  
  1028 180 168 156  
  1029 197 225 206  
  1030 253 222 235  
  1031 156 168 145  
  1032 197 206 180  
  1033 145 168 157  
  1034 156 145 133  
  1035 145 157 135  
  1036 133 145 123  
  1037 145 135 123  
  1038 123 135 112  
  1039 112 135 127  
  1040 123 112 103  
  1041 112 127 106  
  1042 103 112 94  
  1043 106 127 121  
  1044 112 106 94  
  1045 106 121 102  
  1046 94 106 89  
  1047 102 121 117  
  1048 106 102 89  
  1049 117 121 136  
  1050 89 102 84  
  1051 117 136 132  
  1052 84 102 100  
  1053 132 136 154  
  1054 117 132 113  
  1055 100 102 117  
  1056 132 154 150  
  1057 113 132 130  
  1058 100 117 113  
  1059 150 154 174  
  1060 130 132 150  
  1061 150 174 171  
  1062 130 150 149  
  1063 171 174 194  
  1064 149 150 171  
  1065 194 174 198  
  1066 171 194 193  
  1067 194 198 220  
  1068 193 194 217  
  1069 220 198 224  
  1070 194 220 217  
  1071 217 220 244  
  1072 370 384 349  
  1073 450 463 481  
  1074 113 130 111  
  1075 111 130 131  
  1076 113 111 97  
  1077 131 130 149  
  1078 111 131 114  
  1079 97 111 98  
  1080 114 131 134  
  1081 111 114 98  
  1082 134 131 152  
  1083 98 114 101  
  1084 152 131 149  
  1085 101 114 120  
  1086 98 101 83  
  1087 152 149 172  
  1088 120 114 134  
  1089 83 101 86  
  1090 172 149 171  
  1091 152 172 175  
  1092 83 86 71  
  1093 172 171 193  
  1094 71 86 74  
  1095 83 71 67  
  1096 74 86 91  
  1097 71 74 59  
  1098 67 71 56  
  1099 83 67 81  
  1100 91 86 104  
  1101 59 74 57  
  1102 59 57 43  
  1103 56 71 59  
  1104 81 67 66  
  1105 104 86 101  
  1106 56 59 46  
  1107 66 67 53  
  1108 104 101 120  
  1109 46 59 43  
  1110 46 43 31  
  1111 56 46 44  
  1112 53 67 56  
  1113 44 46 34  
  1114 56 44 53  
  1115 34 46 31  
  1116 34 31 22  
  1117 44 34 32  
  1118 53 44 42  
  1119 44 32 42  
  1120 42 32 33  
  1121 33 32 23  
  1122 42 33 45  
  1123 23 32 25  
  1124 33 23 26  
  1125 45 33 36  
  1126 25 32 34  
  1127 23 25 16  
  1128 26 23 19  
  1129 36 33 26  
  1130 16 25 22  
  1131 22 25 34  
  1132 23 16 19  
  1133 36 26 29  
  1134 19 16 12  
  1135 29 26 20  
  1136 36 29 40  
  1137 12 16 13  
  1138 20 26 19  
  1139 40 29 35  
  1140 12 13 7  
  1141 35 29 24  
  1142 40 35 47  
  1143 7 13 11  
  1144 11 13 18  
  1145 24 29 20  
  1146 47 35 41  
  1147 24 20 15  
  1148 41 35 30  
  1149 15 20 14  
  1150 30 35 24  
  1151 41 30 39  
  1152 14 20 19  
  1153 39 30 27  
  1154 41 39 51  
  1155 51 39 49  
  1156 41 51 54  
  1157 54 51 65  
  1158 41 54 47  
  1159 65 51 62  
  1160 54 65 70  
  1161 47 54 60  
  1162 65 62 76  
  1163 70 65 80  
  1164 60 54 70  
  1165 76 62 78  
  1166 80 65 76  
  1167 80 76 92  
  1168 92 76 90  
  1169 80 92 99  
  1170 90 76 78  
  1171 99 92 109  
  1172 80 99 87  
  1173 109 92 107  
  1174 99 109 119  
  1175 87 99 105  
  1176 107 92 90  
  1177 119 109 129  
  1178 105 99 119  
  1179 129 109 126  
  1180 119 129 139  
  1181 126 109 107  
  1182 129 126 147  
  1183 139 129 153  
  1184 147 126 143  
  1185 129 147 153  
  1186 143 126 124  
  1187 153 147 170  
  1188 124 126 107  
  1189 143 124 137  
  1190 170 147 166  
  1191 166 147 143  
  1192 170 166 190  
  1193 166 143 164  
  1194 190 166 187  
  1195 164 143 137  
  1196 166 164 187  
  1197 187 164 201  
  1198 13 16 22  
  1199 62 51 49  
  1200 70 80 87  
  1201 70 87 75  
  1202 75 87 93  
  1203 70 75 60  
  1204 93 87 105  
  1205 75 93 85  
  1206 60 75 68  
  1207 93 105 110  
  1208 75 85 68  
  1209 60 68 52  
  1210 110 105 125  
  1211 68 85 77  
  1212 60 52 47  
  1213 125 105 119  
  1214 77 85 94  
  1215 47 52 40  
  1216 94 85 103  
  1217 40 52 48  
  1218 103 85 93  
  1219 40 48 36  
  1220 103 93 110  
  1221 36 48 45  
  1222 103 110 123  
  1223 45 48 58  
  1224 123 110 133  
  1225 58 48 61  
  1226 45 58 55  
  1227 133 110 125  
  1228 61 48 52  
  1229 55 58 69  
  1230 133 125 146  
  1231 69 58 73  
  1232 55 69 66  
  1233 146 125 139  
  1234 73 58 61  
  1235 66 69 82  
  1236 139 125 119  
  1237 73 61 77  
  1238 82 69 84  
  1239 77 61 68  
  1240 73 77 89  
  1241 84 69 73  
  1242 68 61 52  
  1243 73 89 84  
  1244 89 77 94  
  1245 211 201 185  
  1246 185 201 164  
  1247 187 201 214  
  1248 235 264 253  
  1249 253 264 284  
  1250 253 284 265  
  1251 265 284 299  
  1252 253 265 236  
  1253 759 768 766  
  1254 766 768 772  
  1255 759 766 764  
  1256 764 770 769  
  1257 660 653 678  
  1258 153 170 178  
  1259 178 170 195  
  1260 153 178 162  
  1261 195 170 190  
  1262 178 195 204  
  1263 162 178 184  
  1264 195 190 215  
  1265 178 204 184  
  1266 215 190 214  
  1267 195 215 223  
  1268 223 215 242  
  1269 195 223 204  
  1270 242 215 233  
  1271 233 215 214  
  1272 242 233 262  
  1273 223 242 251  
  1274 251 242 279  
  1275 279 242 262  
  1276 153 162 139  
  1277 139 162 146  
  1278 146 162 169  
  1279 169 162 184  
  1280 146 169 156  
  1281 156 169 180  
  1282 146 156 133  
  1283 180 169 197  
  1284 197 169 184  
  1285 63 78 62  
  1286 64 57 72  
  1287 72 57 74  
  1288 72 74 91  
  1289 64 72 79  
  1290 79 72 88  
  1291 88 72 91  
  1292 88 91 108  
  1293 79 88 96  
  1294 108 91 104  
  1295 96 88 118  
  1296 705 729 708  
  1297 708 729 731  
  1298 705 708 685  
  1299 731 729 745  
  1300 708 731 710  
  1301 685 708 689  
  1302 731 745 747  
  1303 708 710 689  
  1304 747 745 758  
  1305 731 747 734  
  1306 689 710 694  
  1307 734 747 749  
  1308 731 734 710  
  1309 689 694 670  
  1310 689 670 667  
  1311 667 670 645  
  1312 689 667 685  
  1313 667 645 643  
  1314 685 667 662  
  1315 643 645 621  
  1316 662 667 643  
  1317 621 645 624  
  1318 643 621 617  
  1319 643 617 640  
  1320 640 617 615  
  1321 643 640 662  
  1322 745 729 742  
  1323 745 742 754  
  1324 754 742 755  
  1325 745 754 758  
  1326 754 755 765  
  1327 712 688 690  
  1328 690 688 663  
  1329 128 118 108  
  1330 108 118 88  
  1331 319 352 361  
  1332 387 397 361  
  1333 387 361 352  
  1334 260 241 230  
  1335 230 241 213  
  1336 213 241 212  
  1337 213 212 186  
  1338 230 213 203  
  1339 203 213 188  
  1340 188 213 186  
  1341 188 186 161  
  1342 203 188 176  
  1343 176 188 163  
  1344 203 176 191  
  1345 163 188 161  
  1346 163 161 141  
  1347 765 763 754  
  1348 17 27 21  
  1349 21 27 30  
  1350 17 21 15  
  1351 646 660 673  
  1352 673 660 698  
  1353 15 14 9  
  1354 9 14 8  
  1355 15 10 17  
  1356 8 14 12  
  1357 9 8 5  
  1358 12 14 19  
  1359 8 12 7  
  1360 8 7 4  
  1361 4 7 6  
  1362 6 7 11  
  1363 8 4 5  
  1364 719 718 687  
  1365 372 375 338  
  1366 303 279 319  
  1367 24 15 21  
  1368 773 772 771  
  1369 551 547 524  
  1370 137 160 164  
  1371 81 66 82  
  1372 81 82 97  
  1373 97 82 100  
  1374 81 97 98  
  1375 100 82 84  
  1376 97 100 113  
  1377 81 98 83  
  1378 761 764 769  
  1379 677 693 716  
  1380 138 116 118  
  1381 118 116 96  
  1382 66 53 55  
  1383 55 53 42  
  1384 55 42 45  
  1385 749 748 736  
  1386 5 10 9  
  1387 30 24 21  
  1388 726 720 698  
  1389 438 408 439  
  1390 438 439 471  
  1391 95 115 107  
  1392 332 345 311  
  1393 311 345 322  
  1394 124 107 115  
  1395 262 277 292  
  1396 262 292 279  
  1397 758 757 747  
  1398 355 326 359  
  1399 37 49 39  
  1400 6 3 4  
  1401 4 3 2  
  1402 716 714 690  
  1403 410 389 423  
  1404 423 389 404  
  1405 377 382 343  
  1406 770 764 766  
  1407 335 303 319  
  1408 653 672 678  
  1409 744 737 725  
  1410 2 5 4  
  1411 361 335 319  
  1412 292 319 279  
  1413 190 187 214  
  1414 78 95 90  
  1415 763 758 754  
  1416 27 37 39  
  1417 718 716 693  
  1418 375 377 343  
  1419 772 770 766  
  1420 160 185 164  
  1421 693 687 718  
  1422 748 744 722  
  1423 10 15 9  
  1424 22 18 13  
  1425 635 651 664  
  1426 635 664 634  
  1427 635 634 607  
  1428 720 719 699  
  1429 115 137 124  
  1430 722 736 748  
  1431 757 749 747  
  1432 49 63 62  
  1433 735 715 711  
  1434 107 90 95  
  1435 714 712 690  
  1436 382 387 352  
  1437 343 323 375  
  1438 769 765 761  
  1439 737 735 711  
  1440 698 720 699  
  END_ELEMENTS  
  COORDINATES  
   1   3.500000e+00 -4.000000e+00   
   2   3.750000e+00 -4.000000e+00   
   3   3.500000e+00 -3.750000e+00   
   4   3.736860e+00 -3.750000e+00   
   5   4.000000e+00 -4.000000e+00   
   6   3.500000e+00 -3.500000e+00   
   7   3.736860e+00 -3.500000e+00   
   8   3.961139e+00 -3.645833e+00   
   9   4.169873e+00 -3.750000e+00   
   10   4.250000e+00 -4.000000e+00   
   11   3.500000e+00 -3.250000e+00   
   12   3.953367e+00 -3.375000e+00   
   13   3.736860e+00 -3.250000e+00   
   14   4.169873e+00 -3.500000e+00   
   15   4.386287e+00 -3.701213e+00   
   16   3.953367e+00 -3.125000e+00   
   17   4.500000e+00 -4.000000e+00   
   18   3.500000e+00 -3.000000e+00   
   19   4.169873e+00 -3.250000e+00   
   20   4.386379e+00 -3.375000e+00   
   21   4.610137e+00 -3.770526e+00   
   22   3.716506e+00 -2.875000e+00   
   23   4.169873e+00 -3.000000e+00   
   24   4.602886e+00 -3.500000e+00   
   25   3.953367e+00 -2.875000e+00   
   26   4.386379e+00 -3.125000e+00   
   27   4.750000e+00 -4.000000e+00   
   28   3.500000e+00 -2.750000e+00   
   29   4.602886e+00 -3.250000e+00   
   30   4.811512e+00 -3.651416e+00   
   31   3.716506e+00 -2.625000e+00   
   32   4.169873e+00 -2.750000e+00   
   33   4.386379e+00 -2.875000e+00   
   34   3.953367e+00 -2.625000e+00   
   35   4.819392e+00 -3.375000e+00   
   36   4.602886e+00 -3.000000e+00   
   37   5.000000e+00 -4.000000e+00   
   38   3.500000e+00 -2.500000e+00   
   39   5.035898e+00 -3.750000e+00   
   40   4.819392e+00 -3.125000e+00   
   41   5.035898e+00 -3.500000e+00   
   42   4.386379e+00 -2.625000e+00   
   43   3.716506e+00 -2.375000e+00   
   44   4.169873e+00 -2.500000e+00   
   45   4.602886e+00 -2.750000e+00   
   46   3.953367e+00 -2.375000e+00   
   47   5.035898e+00 -3.250000e+00   
   48   4.819392e+00 -2.875000e+00   
   49   5.250000e+00 -4.000000e+00   
   50   3.500000e+00 -2.250000e+00   
   51   5.252405e+00 -3.625000e+00   
   52   5.035898e+00 -3.000000e+00   
   53   4.386379e+00 -2.375000e+00   
   54   5.252405e+00 -3.375000e+00   
   55   4.602886e+00 -2.500000e+00   
   56   4.169873e+00 -2.250000e+00   
   57   3.716506e+00 -2.125000e+00   
   58   4.819392e+00 -2.625000e+00   
   59   3.953367e+00 -2.125000e+00   
   60   5.252405e+00 -3.125000e+00   
   61   5.035898e+00 -2.750000e+00   
   62   5.468911e+00 -3.750000e+00   
   63   5.500000e+00 -4.000000e+00   
   64   3.500000e+00 -2.000000e+00   
   65   5.468911e+00 -3.500000e+00   
   66   4.602886e+00 -2.250000e+00   
   67   4.386379e+00 -2.125000e+00   
   68   5.252405e+00 -2.875000e+00   
   69   4.819392e+00 -2.375000e+00   
   70   5.468911e+00 -3.250000e+00   
   71   4.169873e+00 -2.000000e+00   
   72   3.716506e+00 -1.875000e+00   
   73   5.035898e+00 -2.500000e+00   
   74   3.953367e+00 -1.875000e+00   
   75   5.468911e+00 -3.000000e+00   
   76   5.696181e+00 -3.645833e+00   
   77   5.252405e+00 -2.625000e+00   
   78   5.750000e+00 -4.000000e+00   
   79   3.500000e+00 -1.750000e+00   
   80   5.685417e+00 -3.375000e+00   
   81   4.602886e+00 -2.000000e+00   
   82   4.819392e+00 -2.125000e+00   
   83   4.386379e+00 -1.875000e+00   
   84   5.035898e+00 -2.250000e+00   
   85   5.468911e+00 -2.750000e+00   
   86   4.169873e+00 -1.750000e+00   
   87   5.685417e+00 -3.125000e+00   
   88   3.716506e+00 -1.625000e+00   
   89   5.252405e+00 -2.375000e+00   
   90   5.893682e+00 -3.768452e+00   
   91   3.953367e+00 -1.625000e+00   
   92   5.901924e+00 -3.500000e+00   
   93   5.685417e+00 -2.875000e+00   
   94   5.468911e+00 -2.500000e+00   
   95   6.000000e+00 -4.000000e+00   
   96   3.500000e+00 -1.500000e+00   
   97   4.819392e+00 -1.875000e+00   
   98   4.602886e+00 -1.750000e+00   
   99   5.901924e+00 -3.250000e+00   
   100   5.035898e+00 -2.000000e+00   
   101   4.386379e+00 -1.625000e+00   
   102   5.252405e+00 -2.125000e+00   
   103   5.685417e+00 -2.625000e+00   
   104   4.169873e+00 -1.500000e+00   
   105   5.901924e+00 -3.000000e+00   
   106   5.468911e+00 -2.250000e+00   
   107   6.120307e+00 -3.696429e+00   
   108   3.953367e+00 -1.375000e+00   
   109   6.118430e+00 -3.375000e+00   
   110   5.901924e+00 -2.750000e+00   
   111   4.819392e+00 -1.625000e+00   
   112   5.685417e+00 -2.375000e+00   
   113   5.035898e+00 -1.750000e+00   
   114   4.602886e+00 -1.500000e+00   
   115   6.250000e+00 -4.000000e+00   
   116   3.500000e+00 -1.250000e+00   
   117   5.252405e+00 -1.875000e+00   
   118   3.736860e+00 -1.250000e+00   
   119   6.118430e+00 -3.125000e+00   
   120   4.386379e+00 -1.375000e+00   
   121   5.468911e+00 -2.000000e+00   
   122   4.169873e+00 -1.250000e+00   
   123   5.901924e+00 -2.500000e+00   
   124   6.334936e+00 -3.750000e+00   
   125   6.118430e+00 -2.875000e+00   
   126   6.334936e+00 -3.500000e+00   
   127   5.685417e+00 -2.125000e+00   
   128   3.953367e+00 -1.125000e+00   
   129   6.334936e+00 -3.250000e+00   
   130   5.035898e+00 -1.500000e+00   
   131   4.819392e+00 -1.375000e+00   
   132   5.252405e+00 -1.625000e+00   
   133   6.118430e+00 -2.625000e+00   
   134   4.602886e+00 -1.250000e+00   
   135   5.901924e+00 -2.250000e+00   
   136   5.468911e+00 -1.750000e+00   
   137   6.500000e+00 -4.000000e+00   
   138   3.500000e+00 -1.000000e+00   
   139   6.334936e+00 -3.000000e+00   
   140   4.386379e+00 -1.125000e+00   
   141   3.736860e+00 -1.000000e+00   
   142   5.685417e+00 -1.875000e+00   
   143   6.542869e+00 -3.645833e+00   
   144   4.169873e+00 -1.000000e+00   
   145   6.118430e+00 -2.375000e+00   
   146   6.334936e+00 -2.750000e+00   
   147   6.551443e+00 -3.375000e+00   
   148   5.901924e+00 -2.000000e+00   
   149   5.035898e+00 -1.250000e+00   
   150   5.252405e+00 -1.375000e+00   
   151   3.953367e+00 -8.750000e-01   
   152   4.819392e+00 -1.125000e+00   
   153   6.551443e+00 -3.125000e+00   
   154   5.468911e+00 -1.500000e+00   
   155   4.602886e+00 -1.000000e+00   
   156   6.334936e+00 -2.500000e+00   
   157   6.118430e+00 -2.125000e+00   
   158   5.685417e+00 -1.625000e+00   
   159   4.386379e+00 -8.750000e-01   
   160   6.750000e+00 -4.000000e+00   
   161   3.500000e+00 -7.500000e-01   
   162   6.551443e+00 -2.875000e+00   
   163   3.736860e+00 -7.500000e-01   
   164   6.767949e+00 -3.750000e+00   
   165   5.901924e+00 -1.750000e+00   
   166   6.767949e+00 -3.500000e+00   
   167   4.169873e+00 -7.500000e-01   
   168   6.334936e+00 -2.250000e+00   
   169   6.551443e+00 -2.625000e+00   
   170   6.767949e+00 -3.250000e+00   
   171   5.252405e+00 -1.125000e+00   
   172   5.035898e+00 -1.000000e+00   
   173   6.118430e+00 -1.875000e+00   
   174   5.468911e+00 -1.250000e+00   
   175   4.819392e+00 -8.750000e-01   
   176   3.953367e+00 -6.250000e-01   
   177   5.685417e+00 -1.375000e+00   
   178   6.767949e+00 -3.000000e+00   
   179   4.602886e+00 -7.500000e-01   
   180   6.551443e+00 -2.375000e+00   
   181   5.901924e+00 -1.500000e+00   
   182   6.334936e+00 -2.000000e+00   
   183   4.386379e+00 -6.250000e-01   
   184   6.767949e+00 -2.750000e+00   
   185   7.000000e+00 -4.000000e+00   
   186   3.500000e+00 -5.000000e-01   
   187   6.979071e+00 -3.595096e+00   
   188   3.736860e+00 -5.000000e-01   
   189   6.118430e+00 -1.625000e+00   
   190   6.984456e+00 -3.375000e+00   
   191   4.169873e+00 -5.000000e-01   
   192   6.551443e+00 -2.125000e+00   
   193   5.252405e+00 -8.750000e-01   
   194   5.468911e+00 -1.000000e+00   
   195   6.984456e+00 -3.125000e+00   
   196   5.035898e+00 -7.500000e-01   
   197   6.767949e+00 -2.500000e+00   
   198   5.685417e+00 -1.125000e+00   
   199   6.334936e+00 -1.750000e+00   
   200   4.819392e+00 -6.250000e-01   
   201   7.125000e+00 -3.783494e+00   
   202   5.901924e+00 -1.250000e+00   
   203   3.953367e+00 -3.750000e-01   
   204   6.984456e+00 -2.875000e+00   
   205   4.602886e+00 -5.000000e-01   
   206   6.767949e+00 -2.250000e+00   
   207   6.118430e+00 -1.375000e+00   
   208   6.551443e+00 -1.875000e+00   
   209   4.386379e+00 -3.750000e-01   
   210   6.984456e+00 -2.625000e+00   
   211   7.250000e+00 -4.000000e+00   
   212   3.500000e+00 -2.500000e-01   
   213   3.736860e+00 -2.500000e-01   
   214   7.250000e+00 -3.566987e+00   
   215   7.200962e+00 -3.250000e+00   
   216   6.334936e+00 -1.500000e+00   
   217   5.468911e+00 -7.500000e-01   
   218   5.252405e+00 -6.250000e-01   
   219   4.169873e+00 -2.500000e-01   
   220   5.685417e+00 -8.750000e-01   
   221   5.035898e+00 -5.000000e-01   
   222   6.767949e+00 -2.000000e+00   
   223   7.200962e+00 -3.000000e+00   
   224   5.901924e+00 -1.000000e+00   
   225   6.984456e+00 -2.375000e+00   
   226   4.819392e+00 -3.750000e-01   
   227   6.551443e+00 -1.625000e+00   
   228   7.375000e+00 -3.783494e+00   
   229   6.118430e+00 -1.125000e+00   
   230   3.953367e+00 -1.250000e-01   
   231   7.200962e+00 -2.750000e+00   
   232   4.602886e+00 -2.500000e-01   
   233   7.393884e+00 -3.369316e+00   
   234   6.334936e+00 -1.250000e+00   
   235   6.984456e+00 -2.125000e+00   
   236   6.767949e+00 -1.750000e+00   
   237   4.386379e+00 -1.250000e-01   
   238   7.200962e+00 -2.500000e+00   
   239   7.500000e+00 -4.000000e+00   
   240   3.500000e+00  0.000000e+00   
   241   3.736860e+00 -8.881784e-16   
   242   7.417468e+00 -3.125000e+00   
   243   5.468911e+00 -5.000000e-01   
   244   5.685417e+00 -6.250000e-01   
   245   7.500000e+00 -3.566987e+00   
   246   6.551443e+00 -1.375000e+00   
   247   5.252405e+00 -3.750000e-01   
   248   5.901924e+00 -7.500000e-01   
   249   5.035898e+00 -2.500000e-01   
   250   4.169873e+00 -4.440892e-16   
   251   7.417468e+00 -2.875000e+00   
   252   6.118430e+00 -8.750000e-01   
   253   6.984456e+00 -1.875000e+00   
   254   4.819392e+00 -1.250000e-01   
   255   7.200962e+00 -2.250000e+00   
   256   6.767949e+00 -1.500000e+00   
   257   6.334936e+00 -1.000000e+00   
   258   7.625000e+00 -3.783494e+00   
   259   4.602886e+00 -4.440892e-16   
   260   3.953367e+00  1.250000e-01   
   261   7.417468e+00 -2.625000e+00   
   262   7.600992e+00 -3.337607e+00   
   263   6.551443e+00 -1.125000e+00   
   264   7.200962e+00 -2.000000e+00   
   265   6.984456e+00 -1.625000e+00   
   266   4.386379e+00  1.250000e-01   
   267   5.685417e+00 -3.750000e-01   
   268   5.468911e+00 -2.500000e-01   
   269   7.417468e+00 -2.375000e+00   
   270   5.901924e+00 -5.000000e-01   
   271   7.750000e+00 -4.000000e+00   
   272   3.500000e+00  2.500000e-01   
   273   5.252405e+00 -1.250000e-01   
   274   3.736860e+00  2.500000e-01   
   275   6.767949e+00 -1.250000e+00   
   276   6.118430e+00 -6.250000e-01   
   277   7.750000e+00 -3.566987e+00   
   278   5.035898e+00 -4.440892e-16   
   279   7.688485e+00 -3.065705e+00   
   280   4.169873e+00  2.500000e-01   
   281   6.334936e+00 -7.500000e-01   
   282   7.633975e+00 -2.750000e+00   
   283   4.819392e+00  1.250000e-01   
   284   7.200962e+00 -1.750000e+00   
   285   7.417468e+00 -2.125000e+00   
   286   6.984456e+00 -1.375000e+00   
   287   6.551443e+00 -8.750000e-01   
   288   7.875000e+00 -3.783494e+00   
   289   4.602886e+00  2.500000e-01   
   290   7.633975e+00 -2.500000e+00   
   291   3.953367e+00  3.750000e-01   
   292   7.875000e+00 -3.350481e+00   
   293   6.767949e+00 -1.000000e+00   
   294   5.685417e+00 -1.250000e-01   
   295   5.901924e+00 -2.500000e-01   
   296   7.417468e+00 -1.875000e+00   
   297   5.468911e+00 -4.440892e-16   
   298   4.386379e+00  3.750000e-01   
   299   7.200962e+00 -1.500000e+00   
   300   6.118430e+00 -3.750000e-01   
   301   5.252405e+00  1.250000e-01   
   302   7.633975e+00 -2.250000e+00   
   303   7.850481e+00 -2.875000e+00   
   304   8.000000e+00 -4.000000e+00   
   305   3.500000e+00  5.000000e-01   
   306   6.334936e+00 -5.000000e-01   
   307   3.736860e+00  5.000000e-01   
   308   6.984456e+00 -1.125000e+00   
   309   5.035898e+00  2.500000e-01   
   310   8.000000e+00 -3.566987e+00   
   311   4.169873e+00  5.000000e-01   
   312   6.551443e+00 -6.250000e-01   
   313   7.850481e+00 -2.625000e+00   
   314   4.819392e+00  3.750000e-01   
   315   7.417468e+00 -1.625000e+00   
   316   7.633975e+00 -2.000000e+00   
   317   6.767949e+00 -7.500000e-01   
   318   7.200962e+00 -1.250000e+00   
   319   8.027625e+00 -3.051682e+00   
   320   4.602886e+00  5.000000e-01   
   321   7.850481e+00 -2.375000e+00   
   322   3.953367e+00  6.250000e-01   
   323   8.145833e+00 -3.777911e+00   
   324   5.901924e+00 -8.881784e-16   
   325   5.685417e+00  1.250000e-01   
   326   6.118430e+00 -1.250000e-01   
   327   6.984456e+00 -8.750000e-01   
   328   5.468911e+00  2.500000e-01   
   329   8.145833e+00 -3.333734e+00   
   330   6.334936e+00 -2.500000e-01   
   331   7.633975e+00 -1.750000e+00   
   332   4.386379e+00  6.250000e-01   
   333   5.252405e+00  3.750000e-01   
   334   7.417468e+00 -1.375000e+00   
   335   8.059639e+00 -2.759140e+00   
   336   7.850481e+00 -2.125000e+00   
   337   6.551443e+00 -3.750000e-01   
   338   8.250000e+00 -4.000000e+00   
   339   3.500000e+00  7.500000e-01   
   340   5.035898e+00  5.000000e-01   
   341   3.736860e+00  7.500000e-01   
   342   7.200962e+00 -1.000000e+00   
   343   8.250000e+00 -3.566987e+00   
   344   6.767949e+00 -5.000000e-01   
   345   4.169873e+00  7.500000e-01   
   346   8.066987e+00 -2.500000e+00   
   347   4.819392e+00  6.250000e-01   
   348   7.633975e+00 -1.500000e+00   
   349   7.850481e+00 -1.875000e+00   
   350   6.984456e+00 -6.250000e-01   
   351   7.417468e+00 -1.125000e+00   
   352   8.290445e+00 -3.102715e+00   
   353   4.602886e+00  7.500000e-01   
   354   5.901924e+00  2.500000e-01   
   355   6.118430e+00  1.250000e-01   
   356   5.685417e+00  3.750000e-01   
   357   8.066987e+00 -2.250000e+00   
   358   3.953367e+00  8.750000e-01   
   359   6.334936e+00 -8.881784e-16   
   360   5.468911e+00  5.000000e-01   
   361   8.283494e+00 -2.875000e+00   
   362   7.200962e+00 -7.500000e-01   
   363   6.551443e+00 -1.250000e-01   
   364   5.252405e+00  6.250000e-01   
   365   4.386379e+00  8.750000e-01   
   366   7.850481e+00 -1.625000e+00   
   367   7.633975e+00 -1.250000e+00   
   368   6.767949e+00 -2.500000e-01   
   369   8.283494e+00 -2.625000e+00   
   370   8.066987e+00 -2.000000e+00   
   371   5.035898e+00  7.500000e-01   
   372   8.500000e+00 -4.000000e+00   
   373   3.500000e+00  1.000000e+00   
   374   3.736860e+00  1.000000e+00   
   375   8.500000e+00 -3.750000e+00   
   376   7.417468e+00 -8.750000e-01   
   377   8.500000e+00 -3.500000e+00   
   378   6.984456e+00 -3.750000e-01   
   379   4.169873e+00  1.000000e+00   
   380   4.819392e+00  8.750000e-01   
   381   8.283494e+00 -2.375000e+00   
   382   8.500000e+00 -3.250000e+00   
   383   7.850481e+00 -1.375000e+00   
   384   8.066987e+00 -1.750000e+00   
   385   7.200962e+00 -5.000000e-01   
   386   6.118430e+00  3.750000e-01   
   387   8.500000e+00 -3.000000e+00   
   388   5.901924e+00  5.000000e-01   
   389   7.633975e+00 -1.000000e+00   
   390   6.334936e+00  2.500000e-01   
   391   5.685417e+00  6.250000e-01   
   392   4.602886e+00  1.000000e+00   
   393   6.551443e+00  1.250000e-01   
   394   8.283494e+00 -2.125000e+00   
   395   5.468911e+00  7.500000e-01   
   396   3.953367e+00  1.125000e+00   
   397   8.500000e+00 -2.750000e+00   
   398   6.767949e+00 -8.881784e-16   
   399   7.417468e+00 -6.250000e-01   
   400   5.252405e+00  8.750000e-01   
   401   4.386379e+00  1.125000e+00   
   402   8.066987e+00 -1.500000e+00   
   403   6.984456e+00 -1.250000e-01   
   404   7.850481e+00 -1.125000e+00   
   405   8.500000e+00 -2.500000e+00   
   406   5.035898e+00  1.000000e+00   
   407   8.283494e+00 -1.875000e+00   
   408   3.500000e+00  1.250000e+00   
   409   3.736860e+00  1.250000e+00   
   410   7.633975e+00 -7.500000e-01   
   411   7.200962e+00 -2.500000e-01   
   412   4.819392e+00  1.125000e+00   
   413   4.169873e+00  1.250000e+00   
   414   8.500000e+00 -2.250000e+00   
   415   6.118430e+00  6.250000e-01   
   416   6.334936e+00  5.000000e-01   
   417   5.901924e+00  7.500000e-01   
   418   8.066987e+00 -1.250000e+00   
   419   6.551443e+00  3.750000e-01   
   420   7.417468e+00 -3.750000e-01   
   421   8.283494e+00 -1.625000e+00   
   422   5.685417e+00  8.750000e-01   
   423   7.850481e+00 -8.750000e-01   
   424   6.767949e+00  2.500000e-01   
   425   4.602886e+00  1.250000e+00   
   426   5.468911e+00  1.000000e+00   
   427   8.500000e+00 -2.000000e+00   
   428   3.953367e+00  1.375000e+00   
   429   6.984456e+00  1.250000e-01   
   430   5.252405e+00  1.125000e+00   
   431   7.633975e+00 -5.000000e-01   
   432   4.386379e+00  1.375000e+00   
   433   7.200962e+00 -8.881784e-16   
   434   8.283494e+00 -1.375000e+00   
   435   8.066987e+00 -1.000000e+00   
   436   5.035898e+00  1.250000e+00   
   437   8.500000e+00 -1.750000e+00   
   438   3.500000e+00  1.500000e+00   
   439   3.736860e+00  1.500000e+00   
   440   7.850481e+00 -6.250000e-01   
   441   7.417468e+00 -1.250000e-01   
   442   6.334936e+00  7.500000e-01   
   443   6.118430e+00  8.750000e-01   
   444   4.819392e+00  1.375000e+00   
   445   4.169873e+00  1.500000e+00   
   446   6.551443e+00  6.250000e-01   
   447   5.901924e+00  1.000000e+00   
   448   6.767949e+00  5.000000e-01   
   449   5.685417e+00  1.125000e+00   
   450   8.283494e+00 -1.125000e+00   
   451   7.633975e+00 -2.500000e-01   
   452   8.500000e+00 -1.500000e+00   
   453   6.984456e+00  3.750000e-01   
   454   8.066987e+00 -7.500000e-01   
   455   5.468911e+00  1.250000e+00   
   456   4.602886e+00  1.500000e+00   
   457   7.200962e+00  2.500000e-01   
   458   3.953367e+00  1.625000e+00   
   459   5.252405e+00  1.375000e+00   
   460   7.850481e+00 -3.750000e-01   
   461   7.417468e+00  1.250000e-01   
   462   4.386379e+00  1.625000e+00   
   463   8.500000e+00 -1.250000e+00   
   464   5.035898e+00  1.500000e+00   
   465   8.283494e+00 -8.750000e-01   
   466   6.334936e+00  1.000000e+00   
   467   3.500000e+00  1.750000e+00   
   468   6.551443e+00  8.750000e-01   
   469   7.633975e+00 -8.881784e-16   
   470   8.066987e+00 -5.000000e-01   
   471   3.736860e+00  1.750000e+00   
   472   6.118430e+00  1.125000e+00   
   473   6.767949e+00  7.500000e-01   
   474   5.901924e+00  1.250000e+00   
   475   4.819392e+00  1.625000e+00   
   476   4.169873e+00  1.750000e+00   
   477   6.984456e+00  6.250000e-01   
   478   5.685417e+00  1.375000e+00   
   479   7.850481e+00 -1.250000e-01   
   480   7.200962e+00  5.000000e-01   
   481   8.500000e+00 -1.000000e+00   
   482   5.468911e+00  1.500000e+00   
   483   8.283494e+00 -6.250000e-01   
   484   4.602886e+00  1.750000e+00   
   485   7.417468e+00  3.750000e-01   
   486   5.252405e+00  1.625000e+00   
   487   3.953367e+00  1.875000e+00   
   488   8.066987e+00 -2.500000e-01   
   489   7.633975e+00  2.500000e-01   
   490   4.386379e+00  1.875000e+00   
   491   5.035898e+00  1.750000e+00   
   492   8.500000e+00 -7.500000e-01   
   493   6.551443e+00  1.125000e+00   
   494   6.334936e+00  1.250000e+00   
   495   6.767949e+00  1.000000e+00   
   496   6.118430e+00  1.375000e+00   
   497   6.984456e+00  8.750000e-01   
   498   7.850481e+00  1.250000e-01   
   499   3.500000e+00  2.000000e+00   
   500   5.901924e+00  1.500000e+00   
   501   8.283494e+00 -3.750000e-01   
   502   3.736860e+00  2.000000e+00   
   503   4.819392e+00  1.875000e+00   
   504   7.200962e+00  7.500000e-01   
   505   5.685417e+00  1.625000e+00   
   506   4.169873e+00  2.000000e+00   
   507   7.417468e+00  6.250000e-01   
   508   8.066987e+00 -8.881784e-16   
   509   5.468911e+00  1.750000e+00   
   510   4.602886e+00  2.000000e+00   
   511   8.500000e+00 -5.000000e-01   
   512   7.633975e+00  5.000000e-01   
   513   5.252405e+00  1.875000e+00   
   514   3.953367e+00  2.125000e+00   
   515   8.283494e+00 -1.250000e-01   
   516   7.850481e+00  3.750000e-01   
   517   6.551443e+00  1.375000e+00   
   518   6.767949e+00  1.250000e+00   
   519   6.334936e+00  1.500000e+00   
   520   4.386379e+00  2.125000e+00   
   521   5.035898e+00  2.000000e+00   
   522   6.984456e+00  1.125000e+00   
   523   6.118430e+00  1.625000e+00   
   524   7.200962e+00  1.000000e+00   
   525   5.901924e+00  1.750000e+00   
   526   8.066987e+00  2.500000e-01   
   527   8.500000e+00 -2.500000e-01   
   528   3.500000e+00  2.250000e+00   
   529   7.417468e+00  8.750000e-01   
   530   3.736860e+00  2.250000e+00   
   531   4.819392e+00  2.125000e+00   
   532   5.685417e+00  1.875000e+00   
   533   4.169873e+00  2.250000e+00   
   534   7.633975e+00  7.500000e-01   
   535   5.468911e+00  2.000000e+00   
   536   8.283494e+00  1.250000e-01   
   537   4.602886e+00  2.250000e+00   
   538   7.850481e+00  6.250000e-01   
   539   5.252405e+00  2.125000e+00   
   540   3.953367e+00  2.375000e+00   
   541   6.767949e+00  1.500000e+00   
   542   6.551443e+00  1.625000e+00   
   543   8.500000e+00  0.000000e+00   
   544   6.984456e+00  1.375000e+00   
   545   6.334936e+00  1.750000e+00   
   546   8.066987e+00  5.000000e-01   
   547   7.200962e+00  1.250000e+00   
   548   6.118430e+00  1.875000e+00   
   549   5.035898e+00  2.250000e+00   
   550   4.386379e+00  2.375000e+00   
   551   7.417468e+00  1.125000e+00   
   552   5.901924e+00  2.000000e+00   
   553   8.283494e+00  3.750000e-01   
   554   7.633975e+00  1.000000e+00   
   555   3.500000e+00  2.500000e+00   
   556   5.685417e+00  2.125000e+00   
   557   3.736860e+00  2.500000e+00   
   558   4.819392e+00  2.375000e+00   
   559   7.850481e+00  8.750000e-01   
   560   4.169873e+00  2.500000e+00   
   561   5.468911e+00  2.250000e+00   
   562   8.500000e+00  2.500000e-01   
   563   8.066987e+00  7.500000e-01   
   564   4.602886e+00  2.500000e+00   
   565   5.252405e+00  2.375000e+00   
   566   6.767949e+00  1.750000e+00   
   567   6.984456e+00  1.625000e+00   
   568   6.551443e+00  1.875000e+00   
   569   7.200962e+00  1.500000e+00   
   570   6.334936e+00  2.000000e+00   
   571   3.953367e+00  2.625000e+00   
   572   7.417468e+00  1.375000e+00   
   573   8.283494e+00  6.250000e-01   
   574   6.118430e+00  2.125000e+00   
   575   5.035898e+00  2.500000e+00   
   576   7.633975e+00  1.250000e+00   
   577   4.386379e+00  2.625000e+00   
   578   5.901924e+00  2.250000e+00   
   579   7.850481e+00  1.125000e+00   
   580   8.500000e+00  5.000000e-01   
   581   5.685417e+00  2.375000e+00   
   582   3.500000e+00  2.750000e+00   
   583   3.736860e+00  2.750000e+00   
   584   4.819392e+00  2.625000e+00   
   585   8.066987e+00  1.000000e+00   
   586   4.169873e+00  2.750000e+00   
   587   5.468911e+00  2.500000e+00   
   588   8.283494e+00  8.750000e-01   
   589   6.984456e+00  1.875000e+00   
   590   6.767949e+00  2.000000e+00   
   591   7.200962e+00  1.750000e+00   
   592   4.602886e+00  2.750000e+00   
   593   6.551443e+00  2.125000e+00   
   594   5.252405e+00  2.625000e+00   
   595   7.417468e+00  1.625000e+00   
   596   6.334936e+00  2.250000e+00   
   597   7.633975e+00  1.500000e+00   
   598   3.953367e+00  2.875000e+00   
   599   6.118430e+00  2.375000e+00   
   600   8.500000e+00  7.500000e-01   
   601   7.850481e+00  1.375000e+00   
   602   5.035898e+00  2.750000e+00   
   603   5.901924e+00  2.500000e+00   
   604   4.386379e+00  2.875000e+00   
   605   8.066987e+00  1.250000e+00   
   606   5.685417e+00  2.625000e+00   
   607   3.500000e+00  3.000000e+00   
   608   4.819392e+00  2.875000e+00   
   609   3.736860e+00  3.000000e+00   
   610   8.283494e+00  1.125000e+00   
   611   5.468911e+00  2.750000e+00   
   612   4.169873e+00  3.000000e+00   
   613   6.984456e+00  2.125000e+00   
   614   7.200962e+00  2.000000e+00   
   615   6.767949e+00  2.250000e+00   
   616   7.417468e+00  1.875000e+00   
   617   6.551443e+00  2.375000e+00   
   618   8.500000e+00  1.000000e+00   
   619   7.633975e+00  1.750000e+00   
   620   4.602886e+00  3.000000e+00   
   621   6.334936e+00  2.500000e+00   
   622   5.252405e+00  2.875000e+00   
   623   7.850481e+00  1.625000e+00   
   624   6.118430e+00  2.625000e+00   
   625   3.953367e+00  3.125000e+00   
   626   8.066987e+00  1.500000e+00   
   627   5.901924e+00  2.750000e+00   
   628   5.035898e+00  3.000000e+00   
   629   4.386379e+00  3.125000e+00   
   630   8.283494e+00  1.375000e+00   
   631   5.685417e+00  2.875000e+00   
   632   4.819392e+00  3.125000e+00   
   633   8.500000e+00  1.250000e+00   
   634   3.500000e+00  3.250000e+00   
   635   3.736860e+00  3.250000e+00   
   636   7.200962e+00  2.250000e+00   
   637   6.984456e+00  2.375000e+00   
   638   7.417468e+00  2.125000e+00   
   639   5.468911e+00  3.000000e+00   
   640   6.767949e+00  2.500000e+00   
   641   4.169873e+00  3.250000e+00   
   642   7.633975e+00  2.000000e+00   
   643   6.551443e+00  2.625000e+00   
   644   7.850481e+00  1.875000e+00   
   645   6.334936e+00  2.750000e+00   
   646   4.602886e+00  3.250000e+00   
   647   5.252405e+00  3.125000e+00   
   648   8.066987e+00  1.750000e+00   
   649   6.118430e+00  2.875000e+00   
   650   8.283494e+00  1.625000e+00   
   651   3.953367e+00  3.375000e+00   
   652   5.901924e+00  3.000000e+00   
   653   5.035898e+00  3.250000e+00   
   654   4.386379e+00  3.375000e+00   
   655   8.500000e+00  1.500000e+00   
   656   5.685417e+00  3.125000e+00   
   657   7.200962e+00  2.500000e+00   
   658   7.417468e+00  2.375000e+00   
   659   6.984456e+00  2.625000e+00   
   660   4.819392e+00  3.375000e+00   
   661   7.633975e+00  2.250000e+00   
   662   6.767949e+00  2.750000e+00   
   663   3.500000e+00  3.500000e+00   
   664   3.736860e+00  3.500000e+00   
   665   5.468911e+00  3.250000e+00   
   666   7.850481e+00  2.125000e+00   
   667   6.551443e+00  2.875000e+00   
   668   4.169873e+00  3.500000e+00   
   669   8.066987e+00  2.000000e+00   
   670   6.334936e+00  3.000000e+00   
   671   8.283494e+00  1.875000e+00   
   672   5.252405e+00  3.375000e+00   
   673   4.602886e+00  3.500000e+00   
   674   6.118430e+00  3.125000e+00   
   675   8.500000e+00  1.750000e+00   
   676   5.901924e+00  3.250000e+00   
   677   3.961139e+00  3.645833e+00   
   678   5.055139e+00  3.519918e+00   
   679   5.685417e+00  3.375000e+00   
   680   7.417468e+00  2.625000e+00   
   681   7.200962e+00  2.750000e+00   
   682   7.633975e+00  2.500000e+00   
   683   6.984456e+00  2.875000e+00   
   684   7.850481e+00  2.375000e+00   
   685   6.767949e+00  3.000000e+00   
   686   8.066987e+00  2.250000e+00   
   687   4.383128e+00  3.696429e+00   
   688   3.500000e+00  3.750000e+00   
   689   6.551443e+00  3.125000e+00   
   690   3.736860e+00  3.750000e+00   
   691   5.468911e+00  3.500000e+00   
   692   8.283494e+00  2.125000e+00   
   693   4.169873e+00  3.750000e+00   
   694   6.334936e+00  3.250000e+00   
   695   8.500000e+00  2.000000e+00   
   696   5.252405e+00  3.625000e+00   
   697   6.118430e+00  3.375000e+00   
   698   4.845731e+00  3.711014e+00   
   699   4.616349e+00  3.781488e+00   
   700   5.901924e+00  3.500000e+00   
   701   7.417468e+00  2.875000e+00   
   702   7.633975e+00  2.750000e+00   
   703   7.200962e+00  3.000000e+00   
   704   7.850481e+00  2.625000e+00   
   705   6.984456e+00  3.125000e+00   
   706   8.066987e+00  2.500000e+00   
   707   5.125000e+00  3.783494e+00   
   708   6.767949e+00  3.250000e+00   
   709   8.283494e+00  2.375000e+00   
   710   6.551443e+00  3.375000e+00   
   711   5.654739e+00  3.701213e+00   
   712   3.500000e+00  4.000000e+00   
   713   8.500000e+00  2.250000e+00   
   714   3.750000e+00  4.000000e+00   
   715   5.375000e+00  3.783494e+00   
   716   4.000000e+00  4.000000e+00   
   717   6.334936e+00  3.500000e+00   
   718   4.250000e+00  4.000000e+00   
   719   4.500000e+00  4.000000e+00   
   720   4.750000e+00  4.000000e+00   
   721   7.633975e+00  3.000000e+00   
   722   6.120307e+00  3.696429e+00   
   723   7.417468e+00  3.125000e+00   
   724   7.850481e+00  2.875000e+00   
   725   5.885394e+00  3.779528e+00   
   726   5.000000e+00  4.000000e+00   
   727   7.200962e+00  3.250000e+00   
   728   8.066987e+00  2.750000e+00   
   729   6.984456e+00  3.375000e+00   
   730   8.283494e+00  2.625000e+00   
   731   6.767949e+00  3.500000e+00   
   732   5.250000e+00  4.000000e+00   
   733   8.500000e+00  2.500000e+00   
   734   6.542869e+00  3.645833e+00   
   735   5.500000e+00  4.000000e+00   
   736   6.334936e+00  3.750000e+00   
   737   5.750000e+00  4.000000e+00   
   738   7.633975e+00  3.250000e+00   
   739   7.850481e+00  3.125000e+00   
   740   7.417468e+00  3.375000e+00   
   741   8.066987e+00  3.000000e+00   
   742   7.200962e+00  3.500000e+00   
   743   8.283494e+00  2.875000e+00   
   744   6.000000e+00  4.000000e+00   
   745   6.984456e+00  3.625000e+00   
   746   8.500000e+00  2.750000e+00   
   747   6.767949e+00  3.750000e+00   
   748   6.250000e+00  4.000000e+00   
   749   6.500000e+00  4.000000e+00   
   750   7.850481e+00  3.375000e+00   
   751   7.633975e+00  3.500000e+00   
   752   8.066987e+00  3.250000e+00   
   753   8.283494e+00  3.125000e+00   
   754   7.200962e+00  3.750000e+00   
   755   7.431224e+00  3.645833e+00   
   756   8.500000e+00  3.000000e+00   
   757   6.750000e+00  4.000000e+00   
   758   7.000000e+00  4.000000e+00   
   759   8.066987e+00  3.500000e+00   
   760   8.283494e+00  3.375000e+00   
   761   7.634537e+00  3.768452e+00   
   762   8.500000e+00  3.250000e+00   
   763   7.250000e+00  4.000000e+00   
   764   7.857486e+00  3.696429e+00   
   765   7.500000e+00  4.000000e+00   
   766   8.066987e+00  3.750000e+00   
   767   8.500000e+00  3.500000e+00   
   768   8.277911e+00  3.645833e+00   
   769   7.750000e+00  4.000000e+00   
   770   8.000000e+00  4.000000e+00   
   771   8.500000e+00  3.750000e+00   
   772   8.250000e+00  4.000000e+00   
   773   8.500000e+00  4.000000e+00   
  END_COORDINATES
  BOUNDARIES, ELEMENT
    1         1     2         1     
    2         3     1         1     
    3         481     492         2     
    4         735     732         3     
    5         64     50         4     
    6         492     511         9     
    7         732     726         11     
    8         50     38         12     
    9         38     28         19     
    10         28     18         27     
    11         511     527         31     
    12         527     543         38     
    13         543     562         46     
    14         562     580         54     
    15         580     600         62     
    16         600     618         69     
    17         618     633         139     
    18         633     655         150     
    19         655     675         153     
    20         675     695         155     
    21         695     713         159     
    22         713     733         165     
    23         733     746         174     
    24         746     756         179     
    25         756     762         195     
    26         762     767         199     
    27         767     771         200     
    28         161     138         508     
    29         467     438         816     
    30         499     467         820     
    31         528     499         824     
    32         555     528         830     
    33         582     555         836     
    34         607     582         841     
    35         663     634         856     
    36         408     373         895     
    37         373     339         900     
    38         339     305         906     
    39         305     272         912     
    40         272     240         917     
    41         240     212         923     
    42         239     271         930     
    43         271     304         933     
    44         211     239         936     
    45         304     338         954     
    46         437     452         961     
    47         452     463         962     
    48         427     437         967     
    49         414     427         972     
    50         405     414         978     
    51         397     405         984     
    52         463     481         1073     
    53         18     11         1144     
    54         185     211         1245     
    55         770     769         1256     
    56         63     78         1285     
    57         79     64         1289     
    58         96     79         1293     
    59         712     688         1327     
    60         688     663         1328     
    61         387     397         1332     
    62         212     186         1337     
    63         186     161         1341     
    64         765     763         1347     
    65         17     27         1348     
    66         10     17         1355     
    67         11     6         1362     
    68         719     718         1364     
    69         338     372         1365     
    70         372     375         1365     
    71         771     773         1368     
    72         773     772         1368     
    73         137     160         1370     
    74         138     116         1380     
    75         116     96         1381     
    76         749     748         1385     
    77         5     10         1386     
    78         726     720         1388     
    79         438     408         1389     
    80         95     115         1391     
    81         758     757         1397     
    82         37     49         1399     
    83         6     3         1400     
    84         716     714         1402     
    85         377     382         1405     
    86         744     737         1409     
    87         2     5         1410     
    88         78     95         1414     
    89         763     758         1415     
    90         27     37         1416     
    91         718     716         1417     
    92         375     377         1418     
    93         772     770         1419     
    94         160     185         1420     
    95         748     744         1422     
    96         634     607         1427     
    97         720     719         1428     
    98         115     137         1429     
    99         757     749         1431     
    100         49     63         1432     
    101         714     712         1435     
    102         382     387         1436     
    103         769     765         1438     
    104         737     735         1439     
  END_BOUNDARIES
  MATERIALS, NUMBER= 1, DEFAULT=1
  END_MATERIALS
  SUBDOMAINS
  END_SUBDOMAINS
  CHARACTERISTICS
  END_CHARACTERISTICS
