  NODES_PER_ELEMENT
   1 6
   2 6
   3 6
   4 6
   5 6
   6 6
   7 6
   8 6
   9 6
   10 6
   11 6
   12 6
   13 6
   14 6
   15 6
   16 6
   17 6
   18 6
   19 6
   20 6
   21 6
   22 6
   23 6
   24 6
   25 6
   26 6
   27 6
   28 6
   29 6
   30 6
   31 6
   32 6
   33 6
   34 6
   35 6
   36 6
   37 6
   38 6
   39 6
   40 6
   41 6
   42 6
   43 6
   44 6
   45 6
   46 6
   47 6
   48 6
   49 6
   50 6
   51 6
   52 6
   53 6
   54 6
   55 6
   56 6
   57 6
   58 6
   59 6
   60 6
   61 6
   62 6
   63 6
   64 6
   65 6
   66 6
   67 6
   68 6
   69 6
   70 6
   71 6
   72 6
   73 6
   74 6
   75 6
   76 6
   77 6
   78 6
   79 6
   80 6
   81 6
   82 6
   83 6
   84 6
   85 6
   86 6
   87 6
   88 6
   89 6
   90 6
   91 6
   92 6
   93 6
   94 6
   95 6
   96 6
   97 6
   98 6
   99 6
   100 6
   101 6
   102 6
   103 6
   104 6
   105 6
   106 6
   107 6
   108 6
   109 6
   110 6
   111 6
   112 6
   113 6
   114 6
   115 6
   116 6
   117 6
   118 6
   119 6
   120 6
   121 6
   122 6
   123 6
   124 6
   125 6
   126 6
   127 6
   128 6
   129 6
   130 6
   131 6
   132 6
   133 6
   134 6
   135 6
   136 6
   137 6
   138 6
   139 6
   140 6
   141 6
   142 6
   143 6
   144 6
   145 6
   146 6
   147 6
   148 6
   149 6
   150 6
   151 6
   152 6
   153 6
   154 6
   155 6
   156 6
   157 6
   158 6
   159 6
   160 6
   161 6
   162 6
   163 6
   164 6
   165 6
   166 6
   167 6
   168 6
   169 6
   170 6
   171 6
   172 6
   173 6
   174 6
   175 6
   176 6
   177 6
   178 6
   179 6
   180 6
   181 6
   182 6
   183 6
   184 6
   185 6
   186 6
   187 6
   188 6
   189 6
   190 6
   191 6
   192 6
   193 6
   194 6
   195 6
   196 6
   197 6
   198 6
   199 6
   200 6
   201 6
   202 6
   203 6
   204 6
   205 6
   206 6
   207 6
   208 6
   209 6
   210 6
   211 6
   212 6
   213 6
   214 6
   215 6
   216 6
   217 6
   218 6
   219 6
   220 6
   221 6
   222 6
   223 6
   224 6
   225 6
   226 6
   227 6
   228 6
   229 6
   230 6
   231 6
   232 6
   233 6
   234 6
   235 6
   236 6
   237 6
   238 6
   239 6
   240 6
   241 6
   242 6
   243 6
   244 6
   245 6
   246 6
   247 6
   248 6
   249 6
   250 6
   251 6
   252 6
   253 6
   254 6
   255 6
   256 6
   257 6
   258 6
   259 6
   260 6
   261 6
   262 6
   263 6
   264 6
   265 6
   266 6
   267 6
   268 6
   269 6
   270 6
   271 6
   272 6
   273 6
   274 6
   275 6
   276 6
   277 6
   278 6
   279 6
   280 6
   281 6
   282 6
   283 6
   284 6
   285 6
   286 6
   287 6
   288 6
   289 6
   290 6
   291 6
   292 6
   293 6
   294 6
   295 6
   296 6
   297 6
   298 6
   299 6
   300 6
   301 6
   302 6
   303 6
   304 6
   305 6
   306 6
   307 6
   308 6
   309 6
   310 6
   311 6
   312 6
   313 6
   314 6
   315 6
   316 6
   317 6
   318 6
   319 6
   320 6
   321 6
   322 6
   323 6
   324 6
   325 6
   326 6
   327 6
   328 6
   329 6
   330 6
   331 6
   332 6
   333 6
   334 6
   335 6
   336 6
   337 6
   338 6
   339 6
   340 6
   341 6
   342 6
   343 6
   344 6
   345 6
   346 6
   347 6
   348 6
   349 6
   350 6
   351 6
   352 6
   353 6
   354 6
   355 6
   356 6
   357 6
   358 6
   359 6
   360 6
   361 6
   362 6
   363 6
   364 6
   365 6
   366 6
   367 6
   368 6
   369 6
   370 6
   371 6
   372 6
   373 6
   374 6
   375 6
   376 6
   377 6
   378 6
   379 6
   380 6
   381 6
   382 6
   383 6
   384 6
   385 6
   386 6
   387 6
   388 6
   389 6
   390 6
   391 6
   392 6
   393 6
   394 6
   395 6
   396 6
   397 6
   398 6
   399 6
   400 6
   401 6
   402 6
   403 6
   404 6
   405 6
   406 6
   407 6
   408 6
   409 6
   410 6
   411 6
   412 6
   413 6
   414 6
   415 6
   416 6
   417 6
   418 6
   419 6
   420 6
   421 6
   422 6
   423 6
   424 6
   425 6
   426 6
   427 6
   428 6
   429 6
   430 6
   431 6
   432 6
   433 6
   434 6
   435 6
   436 6
   437 6
   438 6
   439 6
   440 6
   441 6
   442 6
   443 6
   444 6
   445 6
   446 6
   447 6
   448 6
   449 6
   450 6
   451 6
   452 6
   453 6
   454 6
   455 6
   456 6
   457 6
   458 6
   459 6
   460 6
   461 6
   462 6
   463 6
   464 6
   465 6
   466 6
   467 6
   468 6
   469 6
   470 6
   471 6
   472 6
   473 6
   474 6
   475 6
   476 6
   477 6
   478 6
   479 6
   480 6
   481 6
   482 6
   483 6
   484 6
   485 6
   486 6
   487 6
   488 6
   489 6
   490 6
   491 6
   492 6
   493 6
   494 6
   495 6
   496 6
   497 6
   498 6
   499 6
   500 6
   501 6
   502 6
   503 6
   504 6
   505 6
   506 6
   507 6
   508 6
   509 6
   510 6
   511 6
   512 6
   513 6
   514 6
   515 6
   516 6
   517 6
   518 6
   519 6
   520 6
   521 6
   522 6
   523 6
   524 6
   525 6
   526 6
   527 6
   528 6
   529 6
   530 6
   531 6
   532 6
   533 6
   534 6
   535 6
   536 6
   537 6
   538 6
   539 6
   540 6
   541 6
   542 6
   543 6
   544 6
   545 6
   546 6
   547 6
   548 6
   549 6
   550 6
   551 6
   552 6
   553 6
   554 6
   555 6
   556 6
   557 6
   558 6
   559 6
   560 6
   561 6
   562 6
   563 6
   564 6
   565 6
   566 6
   567 6
   568 6
   569 6
   570 6
   571 6
   572 6
   573 6
   574 6
   575 6
   576 6
   577 6
   578 6
   579 6
   580 6
   581 6
   582 6
   583 6
   584 6
   585 6
   586 6
   587 6
   588 6
   589 6
   590 6
   591 6
   592 6
   593 6
   594 6
   595 6
   596 6
   597 6
   598 6
   599 6
   600 6
   601 6
   602 6
   603 6
   604 6
   605 6
   606 6
   607 6
   608 6
   609 6
   610 6
   611 6
   612 6
   613 6
   614 6
   615 6
   616 6
   617 6
   618 6
   619 6
   620 6
   621 6
   622 6
   623 6
   624 6
   625 6
   626 6
   627 6
   628 6
   629 6
   630 6
   631 6
   632 6
   633 6
   634 6
   635 6
   636 6
   637 6
   638 6
   639 6
   640 6
   641 6
   642 6
   643 6
   644 6
   645 6
   646 6
   647 6
   648 6
   649 6
  END_NODES_PER_ELEMENT
  ELEMENTS
  1 1268 1254 1235 1262 1247 1252  
  2 1387 1391 1370 1389 1382 1377  
  3 1370 1391 1374 1382 1384 1372  
  4 1387 1370 1355 1377 1364 1371  
  5 1374 1391 1396 1384 1393 1388  
  6 1370 1374 1345 1372 1359 1356  
  7 1355 1370 1330 1364 1349 1342  
  8 1387 1355 1369 1371 1361 1376  
  9 1369 1355 1328 1361 1341 1346  
  10 344 318 321 329 319 331  
  11 276 251 254 259 252 263  
  12 32 48 37 41 44 34  
  13 1316 1339 1307 1327 1319 1310  
  14 1235 1254 1223 1247 1238 1229  
  15 1268 1235 1253 1252 1246 1260  
  16 1345 1374 1353 1359 1365 1348  
  17 1370 1345 1330 1356 1338 1349  
  18 1330 1345 1301 1338 1321 1312  
  19 1355 1330 1328 1342 1329 1341  
  20 1230 1217 1197 1224 1205 1213  
  21 448 422 411 433 413 426  
  22 191 171 182 179 175 187  
  23 321 318 286 319 300 302  
  24 344 321 356 331 340 350  
  25 254 251 224 252 239 241  
  26 276 254 286 263 271 281  
  27 1314 1302 1279 1309 1288 1297  
  28 37 48 63 44 54 50  
  29 32 37 19 34 27 24  
  30 1307 1339 1328 1319 1332 1313  
  31 1316 1307 1267 1310 1285 1289  
  32 1153 1137 1120 1144 1127 1140  
  33 1302 1286 1264 1295 1277 1282  
  34 1197 1217 1167 1205 1190 1181  
  35 1230 1197 1223 1213 1209 1226  
  36 411 386 356 394 371 384  
  37 448 411 456 426 436 450  
  38 182 171 143 175 157 163  
  39 191 182 218 187 198 204  
  40 1223 1254 1230 1238 1243 1226  
  41 1235 1223 1194 1229 1208 1218  
  42 1253 1235 1222 1246 1228 1237  
  43 1268 1253 1286 1260 1272 1278  
  44 1286 1253 1264 1272 1259 1277  
  45 1369 1328 1339 1346 1332 1352  
  46 1137 1115 1108 1126 1112 1121  
  47 171 146 143 158 144 157  
  48 143 146 117 144 133 131  
  49 1394 1390 1360 1392 1375 1380  
  50 286 254 258 271 256 274  
  51 357 389 360 375 378 358  
  52 919 957 925 935 940 923  
  53 1171 1153 1139 1161 1145 1154  
  54 1 7 8 2 6 3  
  55 1353 1374 1396 1365 1388 1378  
  56 1345 1353 1301 1348 1326 1321  
  57 742 713 707 725 710 722  
  58 47 28 33 35 29 39  
  59 276 286 318 281 300 295  
  60 1390 1381 1344 1385 1362 1367  
  61 1279 1302 1264 1288 1282 1273  
  62 1279 1264 1232 1273 1249 1255  
  63 1314 1279 1292 1297 1284 1303  
  64 1307 1328 1281 1313 1305 1293  
  65 1026 1001 991 1012 995 1006  
  66 224 251 218 239 234 220  
  67 224 218 182 220 198 203  
  68 254 224 219 241 221 237  
  69 321 286 293 302 290 307  
  70 344 356 386 350 371 361  
  71 386 411 422 394 413 404  
  72 356 321 325 340 323 343  
  73 95 72 79 82 74 85  
  74 966 941 936 956 937 955  
  75 141 166 160 155 162 150  
  76 1150 1183 1134 1166 1159 1142  
  77 1381 1368 1331 1373 1347 1354  
  78 635 607 604 625 605 622  
  79 202 227 201 214 213 199  
  80 1079 1107 1070 1093 1089 1072  
  81 481 448 456 461 450 469  
  82 481 456 513 469 484 494  
  83 115 141 124 129 135 119  
  84 1183 1219 1177 1200 1198 1180  
  85 1223 1197 1194 1209 1195 1208  
  86 1217 1193 1167 1204 1179 1190  
  87 1167 1171 1139 1169 1154 1151  
  88 117 95 112 104 100 113  
  89 1120 1137 1108 1127 1121 1114  
  90 1120 1108 1086 1114 1095 1101  
  91 1153 1120 1139 1140 1128 1145  
  92 1139 1120 1086 1128 1101 1109  
  93 1115 1096 1080 1106 1090 1098  
  94 607 574 578 593 577 594  
  95 63 48 71 54 61 65  
  96 63 71 93 65 80 77  
  97 19 37 30 27 31 21  
  98 1267 1307 1281 1285 1293 1275  
  99 37 63 49 50 57 45  
  100 32 19 15 24 16 22  
  101 15 19 7 16 11 10  
  102 1316 1267 1283 1289 1276 1299  
  103 1283 1267 1251 1276 1257 1269  
  104 7 19 8 11 12 6  
  105 1368 1351 1315 1358 1334 1340  
  106 1264 1253 1222 1259 1237 1244  
  107 574 545 542 562 543 560  
  108 93 115 90 103 101 92  
  109 1219 1251 1212 1233 1231 1216  
  110 545 513 512 529 511 528  
  111 1351 1335 1292 1343 1311 1318  
  112 1292 1335 1314 1311 1324 1303  
  113 1353 1396 1398 1378 1397 1379  
  114 713 679 652 694 665 684  
  115 1330 1301 1281 1312 1290 1306  
  116 1108 1115 1080 1112 1098 1094  
  117 1108 1080 1086 1094 1082 1095  
  118 1197 1167 1148 1181 1158 1172  
  119 456 411 423 436 416 444  
  120 1360 1390 1344 1375 1367 1350  
  121 1360 1344 1308 1350 1323 1333  
  122 1394 1360 1366 1380 1363 1383  
  123 360 389 425 378 409 393  
  124 357 360 315 358 339 335  
  125 925 957 972 940 960 948  
  126 919 925 860 923 894 889  
  127 1 8 9 3 5 4  
  128 182 143 154 163 149 167  
  129 1171 1167 1193 1169 1179 1182  
  130 269 308 262 287 285 264  
  131 1003 1037 1005 1022 1025 1004  
  132 1328 1330 1281 1329 1306 1305  
  133 707 713 652 710 684 680  
  134 707 652 661 680 656 682  
  135 742 707 752 722 727 747  
  136 33 28 9 29 18 20  
  137 47 33 72 39 53 60  
  138 1235 1194 1222 1218 1207 1228  
  139 1222 1194 1156 1207 1174 1188  
  140 1344 1381 1331 1362 1354 1337  
  141 1344 1331 1308 1337 1317 1323  
  142 1096 1075 1057 1084 1065 1076  
  143 991 1001 936 995 970 963  
  144 1026 991 1046 1006 1021 1035  
  145 79 72 33 74 53 58  
  146 95 79 112 85 94 100  
  147 112 79 89 94 81 98  
  148 936 941 882 937 911 909  
  149 966 936 1001 955 970 985  
  150 160 202 201 180 199 178  
  151 141 160 124 150 139 135  
  152 124 160 126 139 140 123  
  153 1134 1183 1177 1159 1180 1155  
  154 1134 1177 1157 1155 1168 1146  
  155 1150 1134 1107 1142 1118 1130  
  156 201 269 262 232 264 230  
  157 202 160 166 180 162 185  
  158 1070 1107 1134 1089 1118 1099  
  159 1079 1070 1037 1072 1053 1058  
  160 1331 1368 1315 1347 1340 1322  
  161 1331 1315 1274 1322 1294 1300  
  162 604 607 578 605 594 592  
  163 604 578 568 592 571 586  
  164 635 604 679 622 644 658  
  165 1292 1279 1232 1284 1255 1263  
  166 115 124 90 119 106 101  
  167 90 124 126 106 123 108  
  168 1177 1219 1212 1198 1216 1196  
  169 1177 1212 1157 1196 1184 1168  
  170 258 254 219 256 237 240  
  171 258 219 238 240 226 245  
  172 286 258 293 274 275 290  
  173 293 258 238 275 245 260  
  174 117 112 143 113 128 131  
  175 219 224 192 221 209 206  
  176 1080 1096 1057 1090 1076 1069  
  177 1080 1057 1030 1069 1044 1056  
  178 578 574 542 577 560 563  
  179 578 542 568 563 556 571  
  180 321 293 325 307 310 323  
  181 325 293 296 310 294 313  
  182 356 325 379 343 352 366  
  183 1315 1351 1292 1334 1318 1304  
  184 93 90 63 92 76 77  
  185 1212 1251 1267 1231 1257 1240  
  186 542 545 512 543 528 527  
  187 542 512 505 527 507 525  
  188 30 37 49 31 45 40  
  189 30 49 55 40 51 43  
  190 19 30 8 21 17 12  
  191 49 63 90 57 76 68  
  192 512 513 456 511 484 483  
  193 652 679 604 665 644 630  
  194 262 308 315 285 312 289  
  195 315 308 357 312 330 335  
  196 262 315 288 289 298 277  
  197 269 201 227 232 213 249  
  198 1005 1037 1070 1025 1053 1040  
  199 1003 1005 972 1004 990 989  
  200 972 1005 964 990 987 969  
  201 1003 972 957 989 960 978  
  202 1075 1046 1028 1063 1038 1050  
  203 1366 1360 1308 1363 1333 1336  
  204 1394 1366 1398 1383 1386 1395  
  205 1398 1366 1353 1386 1357 1379  
  206 1057 1075 1028 1065 1050 1043  
  207 1057 1028 1030 1043 1029 1044  
  208 425 389 441 409 415 435  
  209 425 441 486 435 463 455  
  210 315 360 288 339 324 298  
  211 860 925 888 894 907 874  
  212 360 425 372 393 399 364  
  213 925 972 964 948 969 945  
  214 919 860 870 889 866 896  
  215 870 860 821 866 842 847  
  216 1148 1167 1122 1158 1143 1136  
  217 1197 1148 1194 1172 1170 1195  
  218 423 411 379 416 391 403  
  219 379 411 356 391 384 366  
  220 456 423 512 444 471 483  
  221 154 143 112 149 128 132  
  222 182 154 192 167 174 188  
  223 182 192 224 188 209 203  
  224 1232 1264 1222 1249 1244 1227  
  225 752 707 661 727 682 701  
  226 742 752 786 747 767 763  
  227 786 752 827 767 788 809  
  228 882 941 903 911 920 893  
  229 882 903 861 893 880 873  
  230 936 882 871 909 875 905  
  231 423 379 374 403 376 396  
  232 192 154 177 174 165 184  
  233 219 192 177 206 184 197  
  234 379 325 374 352 349 376  
  235 861 827 813 845 816 836  
  236 580 628 590 603 608 584  
  237 628 672 634 649 654 631  
  238 672 723 685 697 700 678  
  239 533 580 539 558 561 537  
  240 723 777 733 751 753 728  
  241 486 533 496 509 515 490  
  242 777 821 785 800 805 780  
  243 1028 1046 991 1038 1021 1009  
  244 1281 1301 1239 1290 1271 1261  
  245 661 652 568 656 613 615  
  246 1156 1194 1148 1174 1170 1152  
  247 1222 1156 1232 1188 1192 1227  
  248 89 79 33 81 58 62  
  249 112 89 154 98 118 132  
  250 126 160 201 140 178 164  
  251 1134 1092 1070 1113 1081 1099  
  252 888 925 964 907 945 926  
  253 860 888 823 874 855 843  
  254 372 425 443 399 434 407  
  255 360 372 288 364 328 324  
  256 1274 1315 1292 1294 1304 1280  
  257 1331 1274 1308 1300 1287 1317  
  258 1122 1167 1139 1143 1151 1129  
  259 1122 1139 1086 1129 1109 1100  
  260 1148 1122 1088 1136 1102 1116  
  261 604 568 652 586 613 630  
  262 1353 1366 1291 1357 1325 1320  
  263 238 219 177 226 197 210  
  264 1080 1030 1086 1056 1059 1082  
  265 296 293 238 294 260 265  
  266 325 296 374 313 334 349  
  267 1301 1353 1291 1326 1320 1296  
  268 871 882 813 875 848 840  
  269 936 871 924 905 900 930  
  270 1308 1274 1221 1287 1248 1266  
  271 590 628 634 608 631 616  
  272 590 634 600 616 619 595  
  273 634 672 685 654 678 662  
  274 634 676 600 657 637 619  
  275 685 723 733 700 728 709  
  276 685 733 676 709 705 681  
  277 580 590 539 584 566 561  
  278 539 590 503 566 546 523  
  279 813 827 752 816 788 781  
  280 861 813 882 836 848 873  
  281 533 539 496 537 517 515  
  282 496 539 503 517 523 499  
  283 733 777 785 753 780 757  
  284 733 755 676 745 716 705  
  285 486 496 425 490 458 455  
  286 785 821 860 805 842 819  
  287 505 512 423 507 471 467  
  288 542 505 568 525 538 556  
  289 1239 1301 1291 1271 1296 1265  
  290 1281 1239 1214 1261 1225 1250  
  291 55 49 86 51 66 70  
  292 30 55 26 43 38 25  
  293 262 288 223 277 255 243  
  294 964 1005 1032 987 1019 998  
  295 296 238 261 265 250 280  
  296 1086 1030 1020 1059 1027 1052  
  297 1267 1281 1214 1275 1250 1241  
  298 568 505 519 538 514 541  
  299 423 374 446 396 410 432  
  300 177 154 127 165 137 153  
  301 685 676 634 681 657 662  
  302 503 590 600 546 595 551  
  303 496 503 443 499 475 470  
  304 496 443 425 470 434 458  
  305 823 888 844 855 864 832  
  306 860 823 785 843 807 819  
  307 785 823 755 807 790 775  
  308 372 443 395 407 420 387  
  309 1088 1122 1020 1102 1071 1054  
  310 1148 1088 1156 1116 1119 1152  
  311 1212 1267 1214 1240 1241 1211  
  312 1212 1214 1157 1211 1185 1184  
  313 1122 1086 1020 1100 1052 1071  
  314 1291 1366 1308 1325 1336 1298  
  315 1291 1308 1221 1298 1266 1256  
  316 924 871 858 900 862 892  
  317 936 924 991 930 959 963  
  318 991 924 971 959 947 980  
  319 1221 1274 1199 1248 1234 1210  
  320 1214 1239 1165 1225 1201 1187  
  321 755 823 844 790 832 801  
  322 785 755 733 775 745 757  
  323 676 755 711 716 732 692  
  324 86 49 90 66 68 87  
  325 86 90 126 87 108 105  
  326 86 126 120 105 121 102  
  327 120 126 169 121 148 145  
  328 86 120 55 102 84 70  
  329 26 55 64 38 59 46  
  330 30 26 8 25 14 17  
  331 8 26 9 14 13 5  
  332 971 924 901 947 910 934  
  333 991 971 1028 980 999 1009  
  334 1028 971 1030 999 1000 1029  
  335 261 238 200 250 217 229  
  336 296 261 337 280 297 316  
  337 223 288 247 255 266 235  
  338 262 223 201 243 212 230  
  339 201 223 169 212 194 183  
  340 1032 1005 1070 1019 1040 1049  
  341 1032 1070 1092 1049 1081 1064  
  342 964 1032 986 998 1007 973  
  343 1020 1030 965 1027 996 993  
  344 1292 1232 1245 1263 1236 1270  
  345 1245 1232 1173 1236 1202 1206  
  346 1292 1245 1274 1270 1258 1280  
  347 1274 1245 1199 1258 1220 1234  
  348 1199 1245 1173 1220 1206 1186  
  349 1199 1173 1131 1186 1149 1162  
  350 1131 1173 1105 1149 1141 1117  
  351 1199 1131 1163 1162 1147 1178  
  352 711 755 782 732 773 748  
  353 676 711 643 692 673 660  
  354 1173 1232 1156 1202 1192 1164  
  355 519 505 446 514 478 482  
  356 446 505 423 478 467 432  
  357 568 519 587 541 554 575  
  358 446 374 392 410 383 419  
  359 127 154 89 137 118 109  
  360 127 89 91 109 88 110  
  361 91 89 52 88 67 69  
  362 127 91 138 110 114 134  
  363 177 127 138 153 134 159  
  364 844 888 912 864 902 876  
  365 395 443 503 420 475 452  
  366 372 395 322 387 359 347  
  367 1092 1134 1157 1113 1146 1125  
  368 1092 1157 1103 1125 1132 1097  
  369 1103 1157 1165 1132 1160 1135  
  370 1092 1103 1045 1097 1074 1067  
  371 1032 1092 1045 1064 1067 1036  
  372 1045 1103 1062 1074 1083 1051  
  373 1032 1045 986 1036 1018 1007  
  374 986 1045 1002 1018 1024 992  
  375 1002 1045 1062 1024 1051 1033  
  376 1002 1062 1023 1033 1042 1011  
  377 986 1002 928 992 967 958  
  378 1023 1062 1085 1042 1073 1055  
  379 1002 1023 953 1011 988 974  
  380 1221 1199 1163 1210 1178 1191  
  381 1221 1163 1189 1191 1175 1203  
  382 1189 1163 1085 1175 1123 1138  
  383 1221 1189 1291 1203 1242 1256  
  384 169 126 201 148 164 183  
  385 120 169 173 145 168 147  
  386 858 871 808 862 838 831  
  387 924 858 901 892 878 910  
  388 901 858 839 878 849 868  
  389 839 858 789 849 824 815  
  390 901 839 897 868 867 899  
  391 789 858 808 824 831 794  
  392 789 808 734 794 771 760  
  393 734 808 762 771 783 750  
  394 789 734 719 760 726 754  
  395 839 789 770 815 779 806  
  396 897 839 833 867 834 863  
  397 901 897 965 899 929 931  
  398 965 897 933 929 915 951  
  399 933 897 833 915 863 881  
  400 965 933 1020 951 977 993  
  401 734 762 689 750 724 712  
  402 719 734 664 726 696 693  
  403 789 719 770 754 746 779  
  404 770 719 706 746 715 739  
  405 706 719 650 715 687 677  
  406 770 706 769 739 738 768  
  407 650 719 664 687 693 659  
  408 650 664 599 659 633 627  
  409 599 664 624 633 645 610  
  410 650 599 591 627 596 623  
  411 706 650 636 677 646 669  
  412 769 706 703 738 702 737  
  413 770 769 833 768 803 802  
  414 833 769 826 803 795 829  
  415 1105 1173 1156 1141 1164 1133  
  416 1163 1131 1085 1147 1104 1123  
  417 599 624 553 610 588 573  
  418 650 591 636 623 618 646  
  419 636 591 579 618 583 609  
  420 579 591 524 583 559 549  
  421 636 579 642 609 611 638  
  422 624 664 689 645 675 653  
  423 624 689 661 653 671 640  
  424 591 599 534 596 567 565  
  425 1165 1239 1189 1201 1215 1176  
  426 1214 1165 1157 1187 1160 1185  
  427 64 55 96 59 73 78  
  428 26 64 52 46 56 36  
  429 52 64 91 56 75 69  
  430 91 64 111 75 83 97  
  431 111 64 96 83 78 99  
  432 111 96 142 99 116 125  
  433 142 96 120 116 107 130  
  434 120 96 55 107 73 84  
  435 111 142 161 125 152 136  
  436 91 111 138 97 122 114  
  437 971 901 965 934 931 968  
  438 524 591 534 559 565 530  
  439 524 534 472 530 500 497  
  440 472 534 487 500 508 479  
  441 524 472 464 497 466 493  
  442 579 524 516 549 520 547  
  443 642 579 582 611 581 614  
  444 636 642 703 638 670 668  
  445 703 642 698 670 667 699  
  446 200 238 177 217 210 190  
  447 200 177 138 190 159 172  
  448 261 200 233 229 215 246  
  449 337 261 309 297 283 320  
  450 296 337 374 316 353 334  
  451 374 337 392 353 363 383  
  452 392 337 309 363 320 351  
  453 247 288 322 266 304 284  
  454 322 288 372 304 328 347  
  455 223 247 169 235 208 194  
  456 964 986 912 973 950 939  
  457 964 912 888 939 902 926  
  458 965 1030 971 996 1000 968  
  459 826 769 756 795 761 791  
  460 833 826 933 829 877 881  
  461 52 89 33 67 62 42  
  462 52 33 26 42 23 36  
  463 986 928 912 958 922 950  
  464 472 487 418 479 453 445  
  465 524 464 516 493 489 520  
  466 516 464 457 489 460 488  
  467 457 464 398 460 431 428  
  468 516 457 526 488 492 522  
  469 928 1002 953 967 974 943  
  470 928 953 879 943 914 906  
  471 487 534 553 508 540 521  
  472 487 553 468 521 506 477  
  473 464 472 405 466 439 437  
  474 161 142 195 152 170 176  
  475 111 161 138 136 151 122  
  476 138 161 233 151 193 186  
  477 879 953 904 914 927 890  
  478 928 879 859 906 869 895  
  479 782 755 844 773 801 814  
  480 782 844 859 814 850 818  
  481 859 844 912 850 876 886  
  482 711 782 740 748 759 720  
  483 643 711 663 673 686 648  
  484 676 643 600 660 620 637  
  485 398 464 405 431 437 400  
  486 398 405 333 400 369 365  
  487 333 405 348 369 377 341  
  488 398 333 338 365 332 367  
  489 457 398 401 428 397 430  
  490 526 457 473 492 465 498  
  491 516 526 582 522 555 548  
  492 582 526 589 555 557 585  
  493 1085 1062 1165 1073 1111 1124  
  494 1023 1085 1048 1055 1066 1034  
  495 953 1023 975 988 997 962  
  496 348 405 418 377 412 385  
  497 348 418 362 385 388 354  
  498 333 348 279 341 314 303  
  499 338 333 270 332 299 301  
  500 398 338 401 367 370 397  
  501 401 338 346 370 342 373  
  502 346 338 278 342 306 311  
  503 401 346 417 373 381 408  
  504 587 519 553 554 535 569  
  505 568 587 661 575 626 615  
  506 698 642 639 667 641 666  
  507 703 698 756 699 729 731  
  508 703 756 769 731 761 737  
  509 756 698 772 729 735 764  
  510 772 698 714 735 708 741  
  511 756 772 828 764 798 792  
  512 446 392 468 419 429 454  
  513 346 278 292 311 282 317  
  514 401 417 473 408 447 440  
  515 473 417 485 447 451 480  
  516 278 338 270 306 301 273  
  517 278 270 195 273 228 231  
  518 417 346 368 381 355 390  
  519 322 395 368 359 382 345  
  520 368 395 442 382 421 406  
  521 442 395 503 421 452 474  
  522 368 442 417 406 427 390  
  523 417 442 485 427 462 451  
  524 485 442 504 462 476 495  
  525 504 442 503 476 474 502  
  526 504 503 600 502 551 550  
  527 485 504 552 495 531 518  
  528 552 504 600 531 550 572  
  529 485 552 536 518 544 510  
  530 589 526 536 557 532 564  
  531 589 536 601 564 570 597  
  532 601 536 552 570 544 576  
  533 589 601 651 597 629 621  
  534 582 589 639 585 617 612  
  535 582 639 642 612 641 614  
  536 639 589 651 617 621 647  
  537 839 770 833 806 802 834  
  538 808 871 813 838 840 810  
  539 808 813 762 810 787 783  
  540 689 762 718 724 743 704  
  541 664 734 689 696 712 675  
  542 348 362 309 354 336 326  
  543 309 362 392 336 380 351  
  544 392 362 438 380 402 414  
  545 438 362 418 402 388 424  
  546 438 418 487 424 453 459  
  547 438 487 468 459 477 449  
  548 438 468 392 449 429 414  
  549 1062 1103 1165 1083 1135 1111  
  550 706 636 703 669 668 702  
  551 173 169 247 168 208 207  
  552 473 485 536 480 510 501  
  553 473 536 526 501 532 498  
  554 120 173 142 147 156 130  
  555 142 173 195 156 181 170  
  556 553 624 587 588 602 569  
  557 534 599 553 567 573 540  
  558 756 828 826 792 825 791  
  559 826 828 885 825 854 853  
  560 885 828 883 854 852 884  
  561 826 885 933 853 908 877  
  562 883 828 820 852 822 851  
  563 885 883 949 884 916 917  
  564 820 828 772 822 798 797  
  565 820 772 776 797 774 799  
  566 776 772 714 774 741 744  
  567 776 714 721 744 717 749  
  568 820 776 841 799 811 830  
  569 721 714 651 717 683 688  
  570 776 721 793 749 758 784  
  571 841 776 793 811 784 817  
  572 841 793 879 817 837 857  
  573 820 841 891 830 865 856  
  574 793 721 740 758 730 765  
  575 883 820 891 851 856 887  
  576 883 891 954 887 921 918  
  577 954 891 975 921 932 961  
  578 883 954 949 918 952 916  
  579 949 954 1014 952 983 981  
  580 1014 954 1016 983 984 1013  
  581 949 1014 1008 981 1010 979  
  582 1016 954 975 984 961 994  
  583 1014 1016 1105 1013 1061 1060  
  584 1008 1014 1068 1010 1041 1039  
  585 949 1008 944 979 976 946  
  586 885 949 944 917 946 913  
  587 885 944 933 913 938 908  
  588 933 944 1020 938 982 977  
  589 891 841 904 865 872 898  
  590 904 841 879 872 857 890  
  591 891 904 975 898 942 932  
  592 975 904 953 942 927 962  
  593 1068 1014 1105 1041 1060 1087  
  594 1008 1068 1088 1039 1078 1047  
  595 1105 1016 1048 1061 1031 1077  
  596 1105 1048 1131 1077 1091 1117  
  597 1048 1016 975 1031 994 1017  
  598 714 698 639 708 666 674  
  599 944 1008 1020 976 1015 982  
  600 579 516 582 547 548 581  
  601 261 233 309 246 268 283  
  602 233 200 138 215 172 186  
  603 405 472 418 439 445 412  
  604 859 879 812 869 846 835  
  605 663 711 740 686 720 695  
  606 473 457 401 465 430 440  
  607 740 782 812 759 796 778  
  608 161 195 216 176 205 189  
  609 928 859 912 895 886 922  
  610 643 663 552 648 606 598  
  611 1048 1085 1131 1066 1104 1091  
  612 279 348 309 314 326 291  
  613 975 1023 1048 997 1034 1017  
  614 270 333 279 299 303 272  
  615 651 601 663 629 632 655  
  616 292 278 225 282 248 257  
  617 368 346 292 355 317 327  
  618 446 468 519 454 491 482  
  619 519 468 553 491 506 535  
  620 718 762 813 743 787 766  
  621 689 718 661 704 690 671  
  622 661 718 752 690 736 701  
  623 752 718 813 736 766 781  
  624 812 782 859 796 818 835  
  625 812 879 793 846 837 804  
  626 812 793 740 804 765 778  
  627 216 195 270 205 228 242  
  628 161 216 233 189 222 193  
  629 225 278 195 248 231 211  
  630 292 225 247 257 236 267  
  631 292 247 322 267 284 305  
  632 33 9 26 20 13 23  
  633 651 714 639 683 674 647  
  634 721 651 663 688 655 691  
  635 601 552 663 576 606 632  
  636 740 721 663 730 691 695  
  637 600 643 552 620 598 572  
  638 368 292 322 327 305 345  
  639 216 270 279 242 272 244  
  640 216 279 233 244 253 222  
  641 247 225 173 236 196 207  
  642 173 225 195 196 211 181  
  643 309 233 279 268 253 291  
  644 1165 1189 1085 1176 1138 1124  
  645 1239 1291 1189 1265 1242 1215  
  646 1068 1105 1156 1087 1133 1110  
  647 1088 1068 1156 1078 1110 1119  
  648 661 587 624 626 602 640  
  649 1008 1088 1020 1047 1054 1015  
  END_ELEMENTS  
  COORDINATES  
   1   5.152542e+00  3.240496e+00   
   2   5.084746e+00  3.218864e+00   
   3   5.141110e+00  3.159271e+00   
   4   5.254237e+00  3.252136e+00   
   5   5.242804e+00  3.170911e+00   
   6   5.073313e+00  3.137639e+00   
   7   5.016949e+00  3.197232e+00   
   8   5.129677e+00  3.078045e+00   
   9   5.355932e+00  3.263777e+00   
   10   4.949153e+00  3.161292e+00   
   11   4.969601e+00  3.111161e+00   
   12   5.025965e+00  3.051567e+00   
   13   5.305214e+00  3.061135e+00   
   14   5.192086e+00  2.968270e+00   
   15   4.881356e+00  3.125352e+00   
   16   4.901805e+00  3.075220e+00   
   17   5.048206e+00  2.957487e+00   
   18   5.457627e+00  3.255691e+00   
   19   4.922254e+00  3.025089e+00   
   20   5.477223e+00  3.174556e+00   
   21   4.944494e+00  2.931009e+00   
   22   4.813559e+00  3.070870e+00   
   23   5.426505e+00  2.971915e+00   
   24   4.834008e+00  3.020739e+00   
   25   5.110615e+00  2.847712e+00   
   26   5.254496e+00  2.858494e+00   
   27   4.857648e+00  2.960838e+00   
   28   5.559322e+00  3.247605e+00   
   29   5.578918e+00  3.166470e+00   
   30   4.966734e+00  2.836929e+00   
   31   4.879888e+00  2.866758e+00   
   32   4.745763e+00  3.016389e+00   
   33   5.598514e+00  3.085335e+00   
   34   4.769402e+00  2.956488e+00   
   35   5.630120e+00  3.232389e+00   
   36   5.414859e+00  2.839886e+00   
   37   4.793042e+00  2.896587e+00   
   38   5.173568e+00  2.739043e+00   
   39   5.649716e+00  3.151253e+00   
   40   4.916424e+00  2.782513e+00   
   41   4.707835e+00  2.975366e+00   
   42   5.586868e+00  2.953307e+00   
   43   5.029687e+00  2.728260e+00   
   44   4.731474e+00  2.915465e+00   
   45   4.829578e+00  2.812342e+00   
   46   5.321578e+00  2.725906e+00   
   47   5.700919e+00  3.217172e+00   
   48   4.669907e+00  2.934343e+00   
   49   4.866113e+00  2.728098e+00   
   50   4.733529e+00  2.826396e+00   
   51   4.979377e+00  2.673845e+00   
   52   5.575222e+00  2.821278e+00   
   53   5.748409e+00  3.118662e+00   
   54   4.671961e+00  2.845274e+00   
   55   5.092640e+00  2.619592e+00   
   56   5.481941e+00  2.707298e+00   
   57   4.770064e+00  2.742151e+00   
   58   5.751618e+00  3.033478e+00   
   59   5.240650e+00  2.606455e+00   
   60   5.799612e+00  3.184580e+00   
   61   4.618918e+00  2.863636e+00   
   62   5.731815e+00  2.919310e+00   
   63   4.674015e+00  2.756205e+00   
   64   5.388659e+00  2.593318e+00   
   65   4.620972e+00  2.774567e+00   
   66   4.866627e+00  2.583814e+00   
   67   5.720169e+00  2.787281e+00   
   68   4.759826e+00  2.627971e+00   
   69   5.621993e+00  2.679935e+00   
   70   4.979890e+00  2.529561e+00   
   71   4.567929e+00  2.792929e+00   
   72   5.898305e+00  3.151989e+00   
   73   5.155160e+00  2.483628e+00   
   74   5.901514e+00  3.066805e+00   
   75   5.528712e+00  2.565955e+00   
   76   4.663776e+00  2.642025e+00   
   77   4.581297e+00  2.703860e+00   
   78   5.303170e+00  2.470491e+00   
   79   5.904723e+00  2.981620e+00   
   80   4.528254e+00  2.722222e+00   
   81   5.884919e+00  2.867452e+00   
   82   5.966102e+00  3.122439e+00   
   83   5.433776e+00  2.452143e+00   
   84   5.051558e+00  2.405372e+00   
   85   5.969311e+00  3.037254e+00   
   86   4.867140e+00  2.439531e+00   
   87   4.760339e+00  2.483688e+00   
   88   5.766940e+00  2.645938e+00   
   89   5.865116e+00  2.753284e+00   
   90   4.653538e+00  2.527844e+00   
   91   5.668765e+00  2.538592e+00   
   92   4.571059e+00  2.589680e+00   
   93   4.488580e+00  2.651515e+00   
   94   5.990924e+00  2.932743e+00   
   95   6.033898e+00  3.092888e+00   
   96   5.217680e+00  2.347665e+00   
   97   5.573829e+00  2.424780e+00   
   98   5.971121e+00  2.818575e+00   
   99   5.348287e+00  2.329317e+00   
   100   6.055512e+00  2.988377e+00   
   101   4.538997e+00  2.518973e+00   
   102   4.938808e+00  2.315341e+00   
   103   4.456518e+00  2.580808e+00   
   104   6.101695e+00  3.057911e+00   
   105   4.797568e+00  2.340048e+00   
   106   4.590001e+00  2.448371e+00   
   107   5.114078e+00  2.269408e+00   
   108   4.690766e+00  2.384205e+00   
   109   5.911629e+00  2.630878e+00   
   110   5.813453e+00  2.523532e+00   
   111   5.478893e+00  2.310969e+00   
   112   6.077126e+00  2.883865e+00   
   113   6.123309e+00  2.953400e+00   
   114   5.727661e+00  2.401856e+00   
   115   4.424457e+00  2.510101e+00   
   116   5.264912e+00  2.209850e+00   
   117   6.169492e+00  3.022934e+00   
   118   6.045851e+00  2.691409e+00   
   119   4.475461e+00  2.439499e+00   
   120   5.010476e+00  2.191152e+00   
   121   4.869235e+00  2.215859e+00   
   122   5.632725e+00  2.288045e+00   
   123   4.627230e+00  2.304731e+00   
   124   4.526465e+00  2.368897e+00   
   125   5.395518e+00  2.191502e+00   
   126   4.727995e+00  2.240565e+00   
   127   5.958142e+00  2.508473e+00   
   128   6.170033e+00  2.853398e+00   
   129   4.397814e+00  2.439394e+00   
   130   5.161310e+00  2.131594e+00   
   131   6.216215e+00  2.922933e+00   
   132   6.151856e+00  2.756700e+00   
   133   6.237288e+00  2.982628e+00   
   134   5.872350e+00  2.386797e+00   
   135   4.448818e+00  2.368792e+00   
   136   5.543732e+00  2.176891e+00   
   137   6.092365e+00  2.569003e+00   
   138   5.786557e+00  2.265121e+00   
   139   4.488323e+00  2.280137e+00   
   140   4.589088e+00  2.215971e+00   
   141   4.371172e+00  2.368687e+00   
   142   5.312143e+00  2.072035e+00   
   143   6.262939e+00  2.822931e+00   
   144   6.284012e+00  2.882627e+00   
   145   4.917472e+00  2.075544e+00   
   146   6.305085e+00  2.942322e+00   
   147   5.065190e+00  2.051922e+00   
   148   4.776231e+00  2.100251e+00   
   149   6.244763e+00  2.726232e+00   
   150   4.410676e+00  2.280032e+00   
   151   5.697564e+00  2.153967e+00   
   152   5.460357e+00  2.057424e+00   
   153   6.083153e+00  2.430679e+00   
   154   6.226587e+00  2.629534e+00   
   155   4.348569e+00  2.297980e+00   
   156   5.216024e+00  1.992363e+00   
   157   6.342530e+00  2.843284e+00   
   158   6.363603e+00  2.902979e+00   
   159   5.997361e+00  2.309003e+00   
   160   4.450180e+00  2.191377e+00   
   161   5.608572e+00  2.042813e+00   
   162   4.388073e+00  2.209325e+00   
   163   6.353706e+00  2.761760e+00   
   164   4.594040e+00  2.074004e+00   
   165   6.217376e+00  2.491210e+00   
   166   4.325967e+00  2.227273e+00   
   167   6.335529e+00  2.665062e+00   
   168   4.972186e+00  1.936314e+00   
   169   4.824468e+00  1.959937e+00   
   170   5.373506e+00  1.935453e+00   
   171   6.422121e+00  2.863636e+00   
   172   5.976093e+00  2.199143e+00   
   173   5.119904e+00  1.912692e+00   
   174   6.319945e+00  2.584472e+00   
   175   6.433296e+00  2.782113e+00   
   176   5.521720e+00  1.920842e+00   
   177   6.208165e+00  2.352886e+00   
   178   4.455132e+00  2.049410e+00   
   179   6.470432e+00  2.828283e+00   
   180   4.360683e+00  2.105808e+00   
   181   5.277387e+00  1.855781e+00   
   182   6.444472e+00  2.700589e+00   
   183   4.642276e+00  1.933690e+00   
   184   6.310734e+00  2.446148e+00   
   185   4.298577e+00  2.123756e+00   
   186   5.926598e+00  2.057869e+00   
   187   6.481607e+00  2.746759e+00   
   188   6.428888e+00  2.620000e+00   
   189   5.670964e+00  1.906479e+00   
   190   6.186897e+00  2.243026e+00   
   191   6.518742e+00  2.792929e+00   
   192   6.413304e+00  2.539410e+00   
   193   5.837605e+00  1.946716e+00   
   194   4.719126e+00  1.837456e+00   
   195   5.434869e+00  1.798870e+00   
   196   5.134862e+00  1.765319e+00   
   197   6.362988e+00  2.378143e+00   
   198   6.544270e+00  2.696488e+00   
   199   4.365635e+00  1.963841e+00   
   200   6.165628e+00  2.133165e+00   
   201   4.460085e+00  1.907443e+00   
   202   4.271186e+00  2.020239e+00   
   203   6.534006e+00  2.631944e+00   
   204   6.581405e+00  2.742658e+00   
   205   5.584113e+00  1.784507e+00   
   206   6.465557e+00  2.471404e+00   
   207   4.985124e+00  1.723536e+00   
   208   4.837406e+00  1.747159e+00   
   209   6.518422e+00  2.551354e+00   
   210   6.333737e+00  2.266891e+00   
   211   5.292344e+00  1.708408e+00   
   212   4.536935e+00  1.811209e+00   
   213   4.349589e+00  1.890590e+00   
   214   4.255140e+00  1.946988e+00   
   215   6.116134e+00  1.991891e+00   
   216   5.733357e+00  1.770144e+00   
   217   6.312469e+00  2.157030e+00   
   218   6.644068e+00  2.692387e+00   
   219   6.517810e+00  2.403399e+00   
   220   6.633804e+00  2.627843e+00   
   221   6.570676e+00  2.483349e+00   
   222   5.899998e+00  1.810381e+00   
   223   4.613785e+00  1.714975e+00   
   224   6.623541e+00  2.563299e+00   
   225   5.149819e+00  1.617946e+00   
   226   6.488560e+00  2.292147e+00   
   227   4.239093e+00  1.873737e+00   
   228   5.531367e+00  1.637809e+00   
   229   6.263026e+00  2.020712e+00   
   230   4.425164e+00  1.759379e+00   
   231   5.396482e+00  1.600510e+00   
   232   4.331737e+00  1.795030e+00   
   233   6.066639e+00  1.850618e+00   
   234   6.706958e+00  2.636597e+00   
   235   4.732065e+00  1.624677e+00   
   236   5.000082e+00  1.576163e+00   
   237   6.624699e+00  2.433252e+00   
   238   6.459310e+00  2.180896e+00   
   239   6.696695e+00  2.572053e+00   
   240   6.594383e+00  2.362098e+00   
   241   6.677564e+00  2.513202e+00   
   242   5.680611e+00  1.623446e+00   
   243   4.502015e+00  1.663145e+00   
   244   5.832230e+00  1.665287e+00   
   245   6.565133e+00  2.250847e+00   
   246   6.213531e+00  1.879439e+00   
   247   4.850344e+00  1.534380e+00   
   248   5.253956e+00  1.510048e+00   
   249   4.221242e+00  1.778177e+00   
   250   6.409867e+00  2.044578e+00   
   251   6.769849e+00  2.580808e+00   
   252   6.750718e+00  2.521957e+00   
   253   5.998871e+00  1.705524e+00   
   254   6.731587e+00  2.463105e+00   
   255   4.593170e+00  1.571274e+00   
   256   6.701271e+00  2.391951e+00   
   257   5.108594e+00  1.473769e+00   
   258   6.670956e+00  2.320797e+00   
   259   6.808653e+00  2.543705e+00   
   260   6.611241e+00  2.190868e+00   
   261   6.360423e+00  1.908260e+00   
   262   4.390244e+00  1.611315e+00   
   263   6.789522e+00  2.484854e+00   
   264   4.296817e+00  1.646966e+00   
   265   6.548317e+00  2.087692e+00   
   266   4.711449e+00  1.480977e+00   
   267   4.958857e+00  1.431986e+00   
   268   6.177977e+00  1.734030e+00   
   269   4.203390e+00  1.682617e+00   
   270   5.627865e+00  1.476748e+00   
   271   6.781887e+00  2.413319e+00   
   272   5.779484e+00  1.518589e+00   
   273   5.492980e+00  1.439449e+00   
   274   6.751572e+00  2.342165e+00   
   275   6.717063e+00  2.260819e+00   
   276   6.847458e+00  2.506602e+00   
   277   4.481399e+00  1.519445e+00   
   278   5.358094e+00  1.402150e+00   
   279   5.931103e+00  1.560430e+00   
   280   6.498873e+00  1.951374e+00   
   281   6.839823e+00  2.435067e+00   
   282   5.212731e+00  1.365871e+00   
   283   6.324869e+00  1.762851e+00   
   284   4.804580e+00  1.386600e+00   
   285   4.284131e+00  1.565759e+00   
   286   6.832188e+00  2.363532e+00   
   287   4.190704e+00  1.601410e+00   
   288   4.572554e+00  1.427574e+00   
   289   4.351939e+00  1.513198e+00   
   290   6.797679e+00  2.282186e+00   
   291   6.110209e+00  1.588936e+00   
   292   5.067369e+00  1.329591e+00   
   293   6.763171e+00  2.200840e+00   
   294   6.700247e+00  2.097664e+00   
   295   6.913556e+00  2.437644e+00   
   296   6.637323e+00  1.994489e+00   
   297   6.468272e+00  1.805788e+00   
   298   4.443094e+00  1.421328e+00   
   299   5.737588e+00  1.374776e+00   
   300   6.905921e+00  2.366109e+00   
   301   5.595123e+00  1.330579e+00   
   302   6.881877e+00  2.308996e+00   
   303   5.889207e+00  1.416617e+00   
   304   4.665685e+00  1.333197e+00   
   305   4.913092e+00  1.284205e+00   
   306   5.460237e+00  1.293280e+00   
   307   6.847368e+00  2.227650e+00   
   308   4.178018e+00  1.520202e+00   
   309   6.289315e+00  1.617441e+00   
   310   6.810389e+00  2.147397e+00   
   311   5.317276e+00  1.258554e+00   
   312   4.245826e+00  1.467641e+00   
   313   6.747465e+00  2.044221e+00   
   314   6.034176e+00  1.451741e+00   
   315   4.313633e+00  1.415081e+00   
   316   6.606722e+00  1.848902e+00   
   317   5.171913e+00  1.222275e+00   
   318   6.979654e+00  2.368687e+00   
   319   6.955610e+00  2.311573e+00   
   320   6.432718e+00  1.660379e+00   
   321   6.931566e+00  2.254460e+00   
   322   4.758815e+00  1.238819e+00   
   323   6.894587e+00  2.174207e+00   
   324   4.431035e+00  1.324470e+00   
   325   6.857608e+00  2.093954e+00   
   326   6.213282e+00  1.480247e+00   
   327   5.028689e+00  1.178307e+00   
   328   4.532253e+00  1.265984e+00   
   329   7.015251e+00  2.328397e+00   
   330   4.164188e+00  1.414141e+00   
   331   6.991207e+00  2.271284e+00   
   332   5.704846e+00  1.228607e+00   
   333   5.847312e+00  1.272804e+00   
   334   6.721980e+00  1.862328e+00   
   335   4.231996e+00  1.361581e+00   
   336   6.355516e+00  1.526394e+00   
   337   6.576120e+00  1.703316e+00   
   338   5.562381e+00  1.184410e+00   
   339   4.301574e+00  1.318223e+00   
   340   6.979564e+00  2.198430e+00   
   341   5.992281e+00  1.307928e+00   
   342   5.419419e+00  1.149684e+00   
   343   6.942585e+00  2.118177e+00   
   344   7.050847e+00  2.288108e+00   
   345   4.874412e+00  1.132921e+00   
   346   5.276458e+00  1.114958e+00   
   347   4.625384e+00  1.171606e+00   
   348   6.137250e+00  1.343053e+00   
   349   6.832122e+00  1.912060e+00   
   350   7.039205e+00  2.215254e+00   
   351   6.473390e+00  1.544460e+00   
   352   6.926493e+00  2.013465e+00   
   353   6.691379e+00  1.716741e+00   
   354   6.279484e+00  1.389199e+00   
   355   5.133233e+00  1.070990e+00   
   356   7.027563e+00  2.142400e+00   
   357   4.150359e+00  1.308081e+00   
   358   4.219937e+00  1.264723e+00   
   359   4.748234e+00  1.089790e+00   
   360   4.289515e+00  1.221365e+00   
   361   7.104482e+00  2.222337e+00   
   362   6.421718e+00  1.435346e+00   
   363   6.616793e+00  1.587397e+00   
   364   4.390734e+00  1.162879e+00   
   365   5.816318e+00  1.129491e+00   
   366   7.011470e+00  2.037689e+00   
   367   5.673852e+00  1.085294e+00   
   368   4.990009e+00  1.027023e+00   
   369   5.947419e+00  1.165671e+00   
   370   5.528169e+00  1.050601e+00   
   371   7.092840e+00  2.149483e+00   
   372   4.491953e+00  1.104393e+00   
   373   5.385207e+00  1.015875e+00   
   374   6.806637e+00  1.730167e+00   
   375   4.142651e+00  1.237374e+00   
   376   6.901007e+00  1.831572e+00   
   377   6.092389e+00  1.200795e+00   
   378   4.212230e+00  1.194016e+00   
   379   6.995377e+00  1.932977e+00   
   380   6.539591e+00  1.453412e+00   
   381   5.243344e+00  9.693921e-01   
   382   4.863831e+00  9.838922e-01   
   383   6.732051e+00  1.600822e+00   
   384   7.093630e+00  2.050161e+00   
   385   6.246743e+00  1.243295e+00   
   386   7.158116e+00  2.156566e+00   
   387   4.614803e+00  1.022577e+00   
   388   6.388977e+00  1.289442e+00   
   389   4.134944e+00  1.166667e+00   
   390   5.100119e+00  9.254244e-01   
   391   7.077537e+00  1.945449e+00   
   392   6.657465e+00  1.471478e+00   
   393   4.281646e+00  1.084968e+00   
   394   7.158907e+00  2.057244e+00   
   395   4.737653e+00  9.407618e-01   
   396   6.945036e+00  1.736034e+00   
   397   5.639640e+00  9.514854e-01   
   398   5.785324e+00  9.861788e-01   
   399   4.382864e+00  1.026482e+00   
   400   5.916425e+00  1.022358e+00   
   401   5.493957e+00  9.167921e-01   
   402   6.500335e+00  1.315975e+00   
   403   7.039406e+00  1.837439e+00   
   404   7.206177e+00  2.092531e+00   
   405   6.047527e+00  1.058537e+00   
   406   4.968937e+00  8.825364e-01   
   407   4.478964e+00  9.648394e-01   
   408   5.352093e+00  8.703092e-01   
   409   4.204360e+00  1.057619e+00   
   410   6.881339e+00  1.603313e+00   
   411   7.159697e+00  1.957922e+00   
   412   6.201881e+00  1.101037e+00   
   413   7.206967e+00  1.993209e+00   
   414   6.618208e+00  1.334041e+00   
   415   4.125506e+00  1.060606e+00   
   416   7.121566e+00  1.849911e+00   
   417   5.210229e+00  8.238263e-01   
   418   6.356235e+00  1.143538e+00   
   419   6.806753e+00  1.473969e+00   
   420   4.601814e+00  8.830238e-01   
   421   4.842759e+00  8.394060e-01   
   422   7.254237e+00  2.028497e+00   
   423   7.083435e+00  1.741901e+00   
   424   6.467593e+00  1.170070e+00   
   425   4.273776e+00  9.485718e-01   
   426   7.240865e+00  1.944108e+00   
   427   5.079047e+00  7.809383e-01   
   428   5.743138e+00  8.432468e-01   
   429   6.734276e+00  1.342838e+00   
   430   5.597454e+00  8.085535e-01   
   431   5.885521e+00  8.758624e-01   
   432   7.019738e+00  1.609180e+00   
   433   7.288136e+00  1.979395e+00   
   434   4.369875e+00  8.869289e-01   
   435   4.194922e+00  9.515586e-01   
   436   7.218406e+00  1.865369e+00   
   437   6.016623e+00  9.120416e-01   
   438   6.578952e+00  1.196603e+00   
   439   6.158292e+00  9.578034e-01   
   440   5.454756e+00  7.631161e-01   
   441   4.116068e+00  9.545455e-01   
   442   4.947865e+00  7.380503e-01   
   443   4.465975e+00  8.252859e-01   
   444   7.180275e+00  1.757359e+00   
   445   6.312645e+00  1.000304e+00   
   446   6.956040e+00  1.476459e+00   
   447   5.312892e+00  7.166332e-01   
   448   7.322034e+00  1.930294e+00   
   449   6.695019e+00  1.205400e+00   
   450   7.299574e+00  1.851555e+00   
   451   5.167744e+00  6.803777e-01   
   452   4.654656e+00  7.254895e-01   
   453   6.457772e+00  1.033509e+00   
   454   6.883563e+00  1.345328e+00   
   455   4.187637e+00  8.454980e-01   
   456   7.277115e+00  1.772816e+00   
   457   5.700952e+00  7.003149e-01   
   458   4.295127e+00  7.869473e-01   
   459   6.569130e+00  1.060042e+00   
   460   5.843335e+00  7.329305e-01   
   461   7.362532e+00  1.866662e+00   
   462   5.036562e+00  6.374897e-01   
   463   4.108783e+00  8.484848e-01   
   464   5.985718e+00  7.655460e-01   
   465   5.558253e+00  6.548775e-01   
   466   6.127387e+00  8.113078e-01   
   467   7.143401e+00  1.540562e+00   
   468   6.811086e+00  1.214197e+00   
   469   7.340073e+00  1.787923e+00   
   470   4.391227e+00  7.253043e-01   
   471   7.229155e+00  1.628074e+00   
   472   6.269056e+00  8.570695e-01   
   473   5.415555e+00  6.094401e-01   
   474   4.759762e+00  6.241338e-01   
   475   4.518817e+00  6.677516e-01   
   476   4.894791e+00  6.018409e-01   
   477   6.685197e+00  1.068839e+00   
   478   7.079704e+00  1.407842e+00   
   479   6.414182e+00  8.902747e-01   
   480   5.270407e+00  5.731846e-01   
   481   7.403031e+00  1.803030e+00   
   482   6.994650e+00  1.287998e+00   
   483   7.325995e+00  1.643532e+00   
   484   7.380972e+00  1.717216e+00   
   485   5.125259e+00  5.369291e-01   
   486   4.101498e+00  7.424242e-01   
   487   6.559308e+00  9.234799e-01   
   488   5.810314e+00  6.034823e-01   
   489   5.952698e+00  6.360978e-01   
   490   4.208988e+00  6.838735e-01   
   491   6.922173e+00  1.156867e+00   
   492   5.669518e+00  5.546402e-01   
   493   6.098784e+00  6.686941e-01   
   494   7.443930e+00  1.732323e+00   
   495   4.983487e+00  5.012803e-01   
   496   4.316478e+00  6.253227e-01   
   497   6.240453e+00  7.144558e-01   
   498   5.526820e+00  5.092028e-01   
   499   4.444069e+00  5.677700e-01   
   500   6.366628e+00  7.491973e-01   
   501   5.376133e+00  4.671119e-01   
   502   4.706688e+00  4.879244e-01   
   503   4.571659e+00  5.102173e-01   
   504   4.841716e+00  4.656316e-01   
   505   7.203368e+00  1.339224e+00   
   506   6.795501e+00  9.711355e-01   
   507   7.289121e+00  1.426735e+00   
   508   6.511755e+00  7.824025e-01   
   509   4.096183e+00  6.363636e-01   
   510   5.230984e+00  4.308564e-01   
   511   7.429852e+00  1.587931e+00   
   512   7.374875e+00  1.514247e+00   
   513   7.484830e+00  1.661616e+00   
   514   7.118313e+00  1.219381e+00   
   515   4.203673e+00  5.778129e-01   
   516   5.919677e+00  5.066497e-01   
   517   4.294781e+00  5.319191e-01   
   518   5.086052e+00  3.931227e-01   
   519   7.033259e+00  1.099537e+00   
   520   6.065764e+00  5.392459e-01   
   521   6.669612e+00  8.257769e-01   
   522   5.778881e+00  4.578076e-01   
   523   4.422371e+00  4.743664e-01   
   524   6.211850e+00  5.718421e-01   
   525   7.324116e+00  1.360004e+00   
   526   5.638084e+00  4.089655e-01   
   527   7.409869e+00  1.447516e+00   
   528   7.466761e+00  1.517224e+00   
   529   7.521739e+00  1.590909e+00   
   530   6.338025e+00  6.065836e-01   
   531   4.944280e+00  3.574739e-01   
   532   5.487397e+00  3.668746e-01   
   533   4.090867e+00  5.303030e-01   
   534   6.464201e+00  6.413251e-01   
   535   6.906587e+00  9.138056e-01   
   536   5.336710e+00  3.247837e-01   
   537   4.181975e+00  4.844093e-01   
   538   7.265243e+00  1.216513e+00   
   539   4.273083e+00  4.385156e-01   
   540   6.622058e+00  6.846994e-01   
   541   7.180189e+00  1.096670e+00   
   542   7.444864e+00  1.380784e+00   
   543   7.501756e+00  1.450493e+00   
   544   5.191777e+00  2.870500e-01   
   545   7.558647e+00  1.520202e+00   
   546   4.437076e+00  3.593851e-01   
   547   6.021769e+00  3.971915e-01   
   548   5.879775e+00  3.498466e-01   
   549   6.167855e+00  4.297878e-01   
   550   4.701575e+00  2.838840e-01   
   551   4.566546e+00  3.061768e-01   
   552   5.046845e+00  2.493163e-01   
   553   6.779915e+00  7.280738e-01   
   554   7.104189e+00  9.682247e-01   
   555   5.738979e+00  3.010045e-01   
   556   7.385991e+00  1.237293e+00   
   557   5.593622e+00  2.662879e-01   
   558   4.087391e+00  4.242424e-01   
   559   6.309509e+00  4.596914e-01   
   560   7.534836e+00  1.379786e+00   
   561   4.178499e+00  3.783487e-01   
   562   7.591728e+00  1.449495e+00   
   563   7.486771e+00  1.310724e+00   
   564   5.442935e+00  2.241970e-01   
   565   6.435684e+00  4.944329e-01   
   566   4.287788e+00  3.235342e-01   
   567   6.576317e+00  5.422273e-01   
   568   7.327119e+00  1.093803e+00   
   569   6.977517e+00  7.824928e-01   
   570   5.300504e+00  1.801654e-01   
   571   7.427899e+00  1.167233e+00   
   572   4.804139e+00  1.757263e-01   
   573   6.734175e+00  5.856017e-01   
   574   7.624808e+00  1.378788e+00   
   575   7.251119e+00  9.653573e-01   
   576   5.155571e+00  1.424317e-01   
   577   7.576743e+00  1.309725e+00   
   578   7.528679e+00  1.240663e+00   
   579   6.123860e+00  2.877334e-01   
   580   4.083916e+00  3.181818e-01   
   581   5.981866e+00  2.403885e-01   
   582   5.839873e+00  1.930436e-01   
   583   6.265514e+00  3.176371e-01   
   584   4.193204e+00  2.633674e-01   
   585   5.694516e+00  1.583269e-01   
   586   7.445005e+00  1.103185e+00   
   587   7.175120e+00  8.369119e-01   
   588   6.879485e+00  6.163758e-01   
   589   5.549159e+00  1.236103e-01   
   590   4.302493e+00  2.085529e-01   
   591   6.407167e+00  3.475407e-01   
   592   7.545785e+00  1.176615e+00   
   593   7.654259e+00  1.308081e+00   
   594   7.606194e+00  1.239018e+00   
   595   4.431963e+00  1.553446e-01   
   596   6.547801e+00  3.953351e-01   
   597   5.406729e+00  7.957872e-02   
   598   4.918163e+00  6.936690e-02   
   599   6.688434e+00  4.431295e-01   
   600   4.561433e+00  1.021364e-01   
   601   5.264298e+00  3.554719e-02   
   602   7.077087e+00  6.707948e-01   
   603   4.082198e+00  2.121212e-01   
   604   7.562892e+00  1.112566e+00   
   605   7.623301e+00  1.174970e+00   
   606   5.058759e+00  1.781993e-02   
   607   7.683710e+00  1.237374e+00   
   608   4.191487e+00  1.573068e-01   
   609   6.233990e+00  1.937576e-01   
   610   6.833744e+00  4.739036e-01   
   611   6.094603e+00  1.419288e-01   
   612   5.805812e+00  6.471285e-02   
   613   7.472075e+00  9.740903e-01   
   614   5.952609e+00  9.458388e-02   
   615   7.364842e+00  8.611155e-01   
   616   4.301634e+00  1.042765e-01   
   617   5.660455e+00  2.999618e-02   
   618   6.375643e+00  2.236612e-01   
   619   4.431104e+00  5.106819e-02   
   620   4.675458e+00 -4.223049e-03   
   621   5.516311e+00 -2.251412e-02   
   622   7.649347e+00  1.104263e+00   
   623   6.522208e+00  2.535846e-01   
   624   6.979054e+00  5.046778e-01   
   625   7.709756e+00  1.166667e+00   
   626   7.288842e+00  7.326701e-01   
   627   6.662841e+00  3.013790e-01   
   628   4.080480e+00  1.060606e-01   
   629   5.373880e+00 -6.654566e-02   
   630   7.589962e+00  9.834722e-01   
   631   4.190628e+00  5.303030e-02   
   632   5.167485e+00 -8.906461e-02   
   633   6.782863e+00  3.343574e-01   
   634   4.300775e+00 -8.881784e-16   
   635   7.735802e+00  1.095960e+00   
   636   6.344119e+00  9.978174e-02   
   637   4.545063e+00 -6.379284e-02   
   638   6.204732e+00  4.795295e-02   
   639   5.771750e+00 -6.361790e-02   
   640   7.190810e+00  5.665530e-01   
   641   5.918548e+00 -3.374687e-02   
   642   6.065345e+00 -3.875844e-03   
   643   4.789482e+00 -1.105825e-01   
   644   7.679751e+00  1.006170e+00   
   645   6.928173e+00  3.651315e-01   
   646   6.490684e+00  1.297051e-01   
   647   5.627607e+00 -1.161282e-01   
   648   4.930077e+00 -1.621294e-01   
   649   4.080480e+00 -2.220446e-16   
   650   6.637248e+00  1.596285e-01   
   651   5.483463e+00 -1.686385e-01   
   652   7.617031e+00  8.543780e-01   
   653   7.090143e+00  4.096941e-01   
   654   4.190628e+00 -5.303030e-02   
   655   5.277068e+00 -1.911575e-01   
   656   7.509798e+00  7.414031e-01   
   657   4.414734e+00 -1.148610e-01   
   658   7.766206e+00  9.978665e-01   
   659   6.757270e+00  1.926069e-01   
   660   4.659088e+00 -1.701523e-01   
   661   7.402565e+00  6.284283e-01   
   662   4.301634e+00 -1.042765e-01   
   663   5.070672e+00 -2.136764e-01   
   664   6.877292e+00  2.255852e-01   
   665   7.706821e+00  8.770757e-01   
   666   5.871522e+00 -1.753645e-01   
   667   6.018320e+00 -1.454935e-01   
   668   6.303291e+00 -6.092269e-02   
   669   6.444384e+00 -1.122959e-02   
   670   6.163904e+00 -1.127515e-01   
   671   7.301899e+00  4.715694e-01   
   672   4.080480e+00 -1.060606e-01   
   673   4.814577e+00 -2.574388e-01   
   674   5.731120e+00 -2.271156e-01   
   675   7.039262e+00  2.701478e-01   
   676   4.528693e+00 -2.297221e-01   
   677   6.590949e+00  1.869381e-02   
   678   4.191487e+00 -1.573068e-01   
   679   7.796610e+00  8.997735e-01   
   680   7.660418e+00  7.477849e-01   
   681   4.415593e+00 -2.191375e-01   
   682   7.553185e+00  6.348100e-01   
   683   5.586977e+00 -2.796259e-01   
   684   7.726502e+00  7.984011e-01   
   685   4.302493e+00 -2.085529e-01   
   686   4.955172e+00 -3.089858e-01   
   687   6.731729e+00  4.526232e-02   
   688   5.447234e+00 -3.153101e-01   
   689   7.201233e+00  3.147105e-01   
   690   7.449190e+00  4.993366e-01   
   691   5.240839e+00 -3.378291e-01   
   692   4.684183e+00 -3.170086e-01   
   693   6.851751e+00  7.824065e-02   
   694   7.816291e+00  8.210989e-01   
   695   5.091318e+00 -3.713439e-01   
   696   6.991098e+00  1.285748e-01   
   697   4.082198e+00 -2.121212e-01   
   698   5.971294e+00 -2.871112e-01   
   699   6.116879e+00 -2.543692e-01   
   700   4.193204e+00 -2.633674e-01   
   701   7.561956e+00  5.199685e-01   
   702   6.403556e+00 -1.719340e-01   
   703   6.262464e+00 -2.216271e-01   
   704   7.348524e+00  3.424777e-01   
   705   4.418190e+00 -3.233725e-01   
   706   6.544649e+00 -1.222409e-01   
   707   7.703805e+00  6.411918e-01   
   708   5.830892e+00 -3.388622e-01   
   709   4.305090e+00 -3.127880e-01   
   710   7.769889e+00  6.918080e-01   
   711   4.839672e+00 -4.042952e-01   
   712   7.153068e+00  1.731374e-01   
   713   7.835972e+00  7.424242e-01   
   714   5.690490e+00 -3.906132e-01   
   715   6.685429e+00 -9.567241e-02   
   716   4.564002e+00 -3.997296e-01   
   717   5.550748e+00 -4.262975e-01   
   718   7.495815e+00  3.702449e-01   
   719   6.826210e+00 -6.910390e-02   
   720   4.975818e+00 -4.666533e-01   
   721   5.411006e+00 -4.619818e-01   
   722   7.784585e+00  6.211009e-01   
   723   4.083916e+00 -3.181818e-01   
   724   7.298551e+00  2.011680e-01   
   725   7.850669e+00  6.717172e-01   
   726   6.965557e+00 -1.876975e-02   
   727   7.712576e+00  5.263503e-01   
   728   4.195801e+00 -3.676024e-01   
   729   6.083988e+00 -3.768553e-01   
   730   5.261485e+00 -4.954966e-01   
   731   6.229572e+00 -3.441133e-01   
   732   4.719491e+00 -4.870162e-01   
   733   4.307687e+00 -4.170230e-01   
   734   7.104903e+00  3.156440e-02   
   735   5.946717e+00 -4.336015e-01   
   736   7.608581e+00  3.908769e-01   
   737   6.376973e+00 -3.178778e-01   
   738   6.518066e+00 -2.681847e-01   
   739   6.655677e+00 -2.127827e-01   
   740   5.111963e+00 -5.290114e-01   
   741   5.806315e+00 -4.853526e-01   
   742   7.865365e+00  6.010101e-01   
   743   7.445842e+00  2.289353e-01   
   744   5.665664e+00 -5.134497e-01   
   745   4.453499e+00 -4.933801e-01   
   746   6.796457e+00 -1.862142e-01   
   747   7.793356e+00  5.062594e-01   
   748   4.853234e+00 -5.526617e-01   
   749   5.525922e+00 -5.491339e-01   
   750   7.250387e+00  5.959499e-02   
   751   4.087391e+00 -4.242424e-01   
   752   7.721347e+00  4.115088e-01   
   753   4.199277e+00 -4.736630e-01   
   754   6.943555e+00 -1.595537e-01   
   755   4.599310e+00 -5.697372e-01   
   756   6.196681e+00 -4.665995e-01   
   757   4.312083e+00 -5.211729e-01   
   758   5.389966e+00 -6.090623e-01   
   759   4.989380e+00 -6.150198e-01   
   760   7.082902e+00 -1.092196e-01   
   761   6.344082e+00 -4.403639e-01   
   762   7.395870e+00  8.762559e-02   
   763   7.881059e+00  4.949495e-01   
   764   6.059410e+00 -5.233457e-01   
   765   5.240445e+00 -6.425771e-01   
   766   7.596383e+00  2.180969e-01   
   767   7.809050e+00  4.001988e-01   
   768   6.629093e+00 -3.587264e-01   
   769   6.491482e+00 -4.141284e-01   
   770   6.766705e+00 -3.033245e-01   
   771   7.195825e+00 -7.815132e-02   
   772   5.922139e+00 -5.800919e-01   
   773   4.733053e+00 -6.353827e-01   
   774   5.781489e+00 -6.081890e-01   
   775   4.457894e+00 -5.975299e-01   
   776   5.640838e+00 -6.362861e-01   
   777   4.090867e+00 -5.303030e-01   
   778   5.125283e+00 -6.783554e-01   
   779   6.913802e+00 -2.766640e-01   
   780   4.203673e+00 -5.778129e-01   
   781   7.709149e+00  2.387288e-01   
   782   4.866797e+00 -7.010282e-01   
   783   7.341308e+00 -5.012073e-02   
   784   5.504883e+00 -6.962144e-01   
   785   4.316478e+00 -6.253227e-01   
   786   7.896752e+00  3.888889e-01   
   787   7.546410e+00  7.678725e-02   
   788   7.818151e+00  2.941382e-01   
   789   7.060900e+00 -2.500036e-01   
   790   4.532642e+00 -6.975115e-01   
   791   6.293852e+00 -5.804985e-01   
   792   6.177673e+00 -6.150230e-01   
   793   5.368927e+00 -7.561428e-01   
   794   7.173823e+00 -2.189353e-01   
   795   6.441253e+00 -5.542629e-01   
   796   5.002700e+00 -7.643638e-01   
   797   5.893162e+00 -6.981949e-01   
   798   6.040402e+00 -6.717692e-01   
   799   5.752512e+00 -7.262920e-01   
   800   4.096183e+00 -6.363636e-01   
   801   4.668482e+00 -7.552495e-01   
   802   6.724576e+00 -4.683885e-01   
   803   6.586965e+00 -5.237904e-01   
   804   5.253765e+00 -7.919210e-01   
   805   4.208988e+00 -6.838735e-01   
   806   6.864679e+00 -4.162381e-01   
   807   4.391227e+00 -7.253043e-01   
   808   7.286746e+00 -1.878670e-01   
   809   7.905854e+00  2.828283e-01   
   810   7.491848e+00 -6.095907e-02   
   811   5.615157e+00 -7.824314e-01   
   812   5.138603e+00 -8.276993e-01   
   813   7.696950e+00  6.594891e-02   
   814   4.802225e+00 -8.208950e-01   
   815   7.011777e+00 -3.895776e-01   
   816   7.805953e+00  1.213583e-01   
   817   5.479201e+00 -8.423597e-01   
   818   4.924583e+00 -8.679539e-01   
   819   4.295127e+00 -7.869473e-01   
   820   5.864185e+00 -8.162980e-01   
   821   4.101498e+00 -7.424242e-01   
   822   6.011425e+00 -7.898723e-01   
   823   4.465975e+00 -8.252859e-01   
   824   7.151637e+00 -3.668827e-01   
   825   6.274844e+00 -7.289221e-01   
   826   6.391023e+00 -6.943975e-01   
   827   7.914955e+00  1.767677e-01   
   828   6.158665e+00 -7.634466e-01   
   829   6.536736e+00 -6.639250e-01   
   830   5.726830e+00 -8.724373e-01   
   831   7.264560e+00 -3.358145e-01   
   832   4.601814e+00 -8.830238e-01   
   833   6.682448e+00 -6.334524e-01   
   834   6.822551e+00 -5.813021e-01   
   835   5.060486e+00 -9.312895e-01   
   836   7.808243e+00  1.529769e-02   
   837   5.320182e+00 -9.346302e-01   
   838   7.402911e+00 -2.821340e-01   
   839   6.962654e+00 -5.291517e-01   
   840   7.608013e+00 -1.552260e-01   
   841   5.589475e+00 -9.285767e-01   
   842   4.187637e+00 -8.454980e-01   
   843   4.369875e+00 -8.869289e-01   
   844   4.737653e+00 -9.407618e-01   
   845   7.917246e+00  7.070707e-02   
   846   5.205020e+00 -9.704085e-01   
   847   4.108783e+00 -8.484848e-01   
   848   7.736608e+00 -9.715105e-02   
   849   7.102514e+00 -5.064568e-01   
   850   4.860012e+00 -9.878207e-01   
   851   5.961769e+00 -9.296796e-01   
   852   6.109009e+00 -9.032539e-01   
   853   6.369938e+00 -8.361817e-01   
   854   6.253759e+00 -8.707063e-01   
   855   4.478964e+00 -9.648394e-01   
   856   5.844655e+00 -9.646154e-01   
   857   5.430456e+00 -1.020847e+00   
   858   7.242375e+00 -4.837619e-01   
   859   4.982370e+00 -1.034880e+00   
   860   4.273776e+00 -9.485718e-01   
   861   7.919537e+00 -3.535354e-02   
   862   7.380726e+00 -4.300814e-01   
   863   6.798777e+00 -7.273459e-01   
   864   4.614803e+00 -1.022577e+00   
   865   5.707300e+00 -1.020755e+00   
   866   4.194922e+00 -9.515586e-01   
   867   6.938880e+00 -6.751955e-01   
   868   7.074532e+00 -6.160962e-01   
   869   5.126903e+00 -1.073999e+00   
   870   4.116068e+00 -9.545455e-01   
   871   7.519076e+00 -3.764009e-01   
   872   5.574223e+00 -1.062696e+00   
   873   7.847901e+00 -1.478023e-01   
   874   4.382864e+00 -1.026482e+00   
   875   7.647671e+00 -3.183260e-01   
   876   4.748234e+00 -1.089790e+00   
   877   6.564706e+00 -8.758015e-01   
   878   7.214392e+00 -5.934013e-01   
   879   5.271437e+00 -1.113118e+00   
   880   7.914961e+00 -1.414141e-01   
   881   6.710419e+00 -8.453290e-01   
   882   7.776266e+00 -2.602510e-01   
   883   6.059352e+00 -1.043061e+00   
   884   6.204102e+00 -1.010514e+00   
   885   6.348852e+00 -9.779660e-01   
   886   4.870592e+00 -1.136849e+00   
   887   5.942239e+00 -1.077997e+00   
   888   4.491953e+00 -1.104393e+00   
   889   4.204360e+00 -1.057619e+00   
   890   5.415203e+00 -1.154966e+00   
   891   5.825125e+00 -1.112933e+00   
   892   7.361485e+00 -5.722790e-01   
   893   7.843326e+00 -2.538629e-01   
   894   4.281646e+00 -1.084968e+00   
   895   5.021652e+00 -1.179369e+00   
   896   4.125506e+00 -1.060606e+00   
   897   6.915107e+00 -8.212394e-01   
   898   5.692048e+00 -1.154874e+00   
   899   7.050758e+00 -7.621400e-01   
   900   7.499836e+00 -5.185985e-01   
   901   7.186409e+00 -7.030407e-01   
   902   4.625384e+00 -1.171606e+00   
   903   7.910386e+00 -2.474747e-01   
   904   5.558970e+00 -1.196815e+00   
   905   7.616703e+00 -4.753568e-01   
   906   5.166185e+00 -1.218488e+00   
   907   4.390734e+00 -1.162879e+00   
   908   6.543621e+00 -1.017586e+00   
   909   7.745297e+00 -4.172819e-01   
   910   7.333502e+00 -6.819184e-01   
   911   7.831995e+00 -3.599235e-01   
   912   4.758815e+00 -1.238819e+00   
   913   6.445900e+00 -1.070602e+00   
   914   5.306440e+00 -1.257878e+00   
   915   6.826748e+00 -9.392224e-01   
   916   6.160225e+00 -1.153527e+00   
   917   6.304975e+00 -1.120979e+00   
   918   6.037930e+00 -1.185012e+00   
   919   4.134944e+00 -1.166667e+00   
   920   7.899055e+00 -3.535354e-01   
   921   5.920816e+00 -1.219948e+00   
   922   4.909874e+00 -1.281339e+00   
   923   4.212230e+00 -1.194016e+00   
   924   7.480596e+00 -6.607960e-01   
   925   4.289515e+00 -1.221365e+00   
   926   4.532253e+00 -1.265984e+00   
   927   5.450207e+00 -1.299727e+00   
   928   5.060933e+00 -1.323858e+00   
   929   6.973915e+00 -9.475355e-01   
   930   7.597462e+00 -6.175544e-01   
   931   7.109566e+00 -8.884362e-01   
   932   5.727234e+00 -1.299192e+00   
   933   6.738389e+00 -1.057206e+00   
   934   7.282060e+00 -8.167661e-01   
   935   4.142651e+00 -1.237374e+00   
   936   7.714329e+00 -5.743128e-01   
   937   7.801027e+00 -5.169544e-01   
   938   6.640668e+00 -1.110222e+00   
   939   4.665685e+00 -1.333197e+00   
   940   4.219937e+00 -1.264723e+00   
   941   7.887724e+00 -4.595960e-01   
   942   5.594156e+00 -1.341133e+00   
   943   5.201189e+00 -1.363248e+00   
   944   6.542947e+00 -1.163238e+00   
   945   4.431035e+00 -1.324470e+00   
   946   6.402023e+00 -1.213615e+00   
   947   7.429153e+00 -7.956437e-01   
   948   4.301574e+00 -1.318223e+00   
   949   6.261098e+00 -1.263992e+00   
   950   4.804580e+00 -1.386600e+00   
   951   6.885556e+00 -1.065519e+00   
   952   6.138803e+00 -1.295478e+00   
   953   5.341444e+00 -1.402638e+00   
   954   6.016507e+00 -1.326963e+00   
   955   7.789368e+00 -5.902042e-01   
   956   7.876065e+00 -5.328458e-01   
   957   4.150359e+00 -1.308081e+00   
   958   4.955639e+00 -1.429119e+00   
   959   7.555360e+00 -7.721519e-01   
   960   4.231996e+00 -1.361581e+00   
   961   5.822925e+00 -1.406207e+00   
   962   5.485393e+00 -1.444045e+00   
   963   7.672226e+00 -7.289103e-01   
   964   4.572554e+00 -1.427574e+00   
   965   7.032724e+00 -1.073832e+00   
   966   7.864407e+00 -6.060956e-01   
   967   5.095659e+00 -1.468637e+00   
   968   7.205217e+00 -1.002162e+00   
   969   4.443094e+00 -1.421328e+00   
   970   7.766744e+00 -6.937220e-01   
   971   7.377711e+00 -9.304914e-01   
   972   4.313633e+00 -1.415081e+00   
   973   4.711449e+00 -1.480977e+00   
   974   5.235914e+00 -1.508027e+00   
   975   5.629343e+00 -1.485451e+00   
   976   6.514945e+00 -1.310253e+00   
   977   6.839218e+00 -1.206966e+00   
   978   4.164188e+00 -1.414141e+00   
   979   6.374021e+00 -1.360630e+00   
   980   7.503917e+00 -9.069997e-01   
   981   6.232338e+00 -1.405537e+00   
   982   6.741497e+00 -1.259982e+00   
   983   6.110043e+00 -1.437022e+00   
   984   5.964290e+00 -1.466117e+00   
   985   7.841783e+00 -7.096135e-01   
   986   4.850344e+00 -1.534380e+00   
   987   4.465966e+00 -1.501317e+00   
   988   5.377046e+00 -1.547469e+00   
   989   4.245826e+00 -1.467641e+00   
   990   4.336506e+00 -1.495070e+00   
   991   7.630123e+00 -8.835079e-01   
   992   4.990364e+00 -1.573898e+00   
   993   6.986385e+00 -1.215279e+00   
   994   5.770708e+00 -1.545361e+00   
   995   7.724641e+00 -8.483196e-01   
   996   7.156433e+00 -1.166683e+00   
   997   5.520995e+00 -1.588876e+00   
   998   4.593170e+00 -1.571274e+00   
   999   7.443623e+00 -1.032776e+00   
   1000   7.328927e+00 -1.095013e+00   
   1001   7.819159e+00 -8.131313e-01   
   1002   5.130384e+00 -1.613416e+00   
   1003   4.178018e+00 -1.520202e+00   
   1004   4.268698e+00 -1.547631e+00   
   1005   4.359378e+00 -1.575060e+00   
   1006   7.705422e+00 -9.190267e-01   
   1007   4.732065e+00 -1.624677e+00   
   1008   6.486944e+00 -1.457268e+00   
   1009   7.569829e+00 -1.009284e+00   
   1010   6.345261e+00 -1.502175e+00   
   1011   5.271515e+00 -1.652858e+00   
   1012   7.799940e+00 -8.838384e-01   
   1013   6.057826e+00 -1.576176e+00   
   1014   6.203579e+00 -1.547081e+00   
   1015   6.713495e+00 -1.406997e+00   
   1016   5.912073e+00 -1.605271e+00   
   1017   5.661957e+00 -1.639526e+00   
   1018   4.875352e+00 -1.663002e+00   
   1019   4.486582e+00 -1.645017e+00   
   1020   6.940046e+00 -1.356726e+00   
   1021   7.679469e+00 -9.998631e-01   
   1022   4.190704e+00 -1.601410e+00   
   1023   5.412647e+00 -1.692300e+00   
   1024   5.015372e+00 -1.702520e+00   
   1025   4.281384e+00 -1.628838e+00   
   1026   7.780721e+00 -9.545455e-01   
   1027   7.110094e+00 -1.308130e+00   
   1028   7.509534e+00 -1.135060e+00   
   1029   7.394838e+00 -1.197297e+00   
   1030   7.280142e+00 -1.259534e+00   
   1031   5.803322e+00 -1.699436e+00   
   1032   4.613785e+00 -1.714975e+00   
   1033   5.158471e+00 -1.746104e+00   
   1034   5.553609e+00 -1.742950e+00   
   1035   7.754767e+00 -1.035382e+00   
   1036   4.757072e+00 -1.753299e+00   
   1037   4.203390e+00 -1.682617e+00   
   1038   7.619174e+00 -1.125639e+00   
   1039   6.455351e+00 -1.603554e+00   
   1040   4.383838e+00 -1.719111e+00   
   1041   6.313669e+00 -1.648460e+00   
   1042   5.299603e+00 -1.785546e+00   
   1043   7.488029e+00 -1.218344e+00   
   1044   7.373333e+00 -1.280581e+00   
   1045   4.900360e+00 -1.791623e+00   
   1046   7.728814e+00 -1.116218e+00   
   1047   6.630541e+00 -1.601219e+00   
   1048   5.694572e+00 -1.793600e+00   
   1049   4.511041e+00 -1.789069e+00   
   1050   7.585276e+00 -1.214890e+00   
   1051   5.043459e+00 -1.835208e+00   
   1052   7.078851e+00 -1.464081e+00   
   1053   4.305844e+00 -1.772890e+00   
   1054   6.857092e+00 -1.550948e+00   
   1055   5.438785e+00 -1.839134e+00   
   1056   7.348470e+00 -1.353549e+00   
   1057   7.466524e+00 -1.301628e+00   
   1058   4.221242e+00 -1.778177e+00   
   1059   7.248899e+00 -1.415485e+00   
   1060   6.190548e+00 -1.769720e+00   
   1061   6.044795e+00 -1.798816e+00   
   1062   5.186559e+00 -1.878792e+00   
   1063   7.694915e+00 -1.205469e+00   
   1064   4.652228e+00 -1.858256e+00   
   1065   7.563770e+00 -1.298174e+00   
   1066   5.579748e+00 -1.889784e+00   
   1067   4.795515e+00 -1.896580e+00   
   1068   6.423759e+00 -1.749840e+00   
   1069   7.441661e+00 -1.374596e+00   
   1070   4.408298e+00 -1.863162e+00   
   1071   6.993390e+00 -1.585909e+00   
   1072   4.323696e+00 -1.868450e+00   
   1073   5.325741e+00 -1.932380e+00   
   1074   4.933195e+00 -1.936296e+00   
   1075   7.661017e+00 -1.294720e+00   
   1076   7.529872e+00 -1.375492e+00   
   1077   5.936045e+00 -1.892980e+00   
   1078   6.598948e+00 -1.747504e+00   
   1079   4.239093e+00 -1.873737e+00   
   1080   7.416799e+00 -1.447563e+00   
   1081   4.549484e+00 -1.932349e+00   
   1082   7.317227e+00 -1.509499e+00   
   1083   5.076294e+00 -1.979880e+00   
   1084   7.627119e+00 -1.372038e+00   
   1085   5.464924e+00 -1.985968e+00   
   1086   7.217655e+00 -1.571435e+00   
   1087   6.300638e+00 -1.871100e+00   
   1088   6.774138e+00 -1.745169e+00   
   1089   4.339742e+00 -1.941701e+00   
   1090   7.505010e+00 -1.448459e+00   
   1091   5.807347e+00 -1.967144e+00   
   1092   4.690671e+00 -2.001537e+00   
   1093   4.255140e+00 -1.946988e+00   
   1094   7.403241e+00 -1.525201e+00   
   1095   7.303669e+00 -1.587137e+00   
   1096   7.593220e+00 -1.449355e+00   
   1097   4.828350e+00 -2.041252e+00   
   1098   7.471111e+00 -1.517077e+00   
   1099   4.444439e+00 -2.018568e+00   
   1100   7.132195e+00 -1.693263e+00   
   1101   7.274282e+00 -1.634657e+00   
   1102   6.910436e+00 -1.780130e+00   
   1103   4.966030e+00 -2.080968e+00   
   1104   5.692523e+00 -2.063327e+00   
   1105   6.177518e+00 -1.992360e+00   
   1106   7.559322e+00 -1.517973e+00   
   1107   4.271186e+00 -2.020239e+00   
   1108   7.389683e+00 -1.602840e+00   
   1109   7.226495e+00 -1.690502e+00   
   1110   6.481988e+00 -1.944394e+00   
   1111   5.143660e+00 -2.113531e+00   
   1112   7.457553e+00 -1.594715e+00   
   1113   4.585626e+00 -2.087755e+00   
   1114   7.360296e+00 -1.650359e+00   
   1115   7.525424e+00 -1.586590e+00   
   1116   6.836544e+00 -1.871284e+00   
   1117   6.048820e+00 -2.066523e+00   
   1118   4.375884e+00 -2.097106e+00   
   1119   6.657178e+00 -1.942059e+00   
   1120   7.330909e+00 -1.697878e+00   
   1121   7.423655e+00 -1.656785e+00   
   1122   7.046734e+00 -1.815091e+00   
   1123   5.573498e+00 -2.152188e+00   
   1124   5.282843e+00 -2.167119e+00   
   1125   4.721889e+00 -2.151948e+00   
   1126   7.491525e+00 -1.648660e+00   
   1127   7.394268e+00 -1.704305e+00   
   1128   7.283122e+00 -1.753723e+00   
   1129   7.141035e+00 -1.812330e+00   
   1130   4.298577e+00 -2.123756e+00   
   1131   5.920123e+00 -2.140687e+00   
   1132   4.859568e+00 -2.191664e+00   
   1133   6.358868e+00 -2.065654e+00   
   1134   4.480581e+00 -2.173973e+00   
   1135   5.033396e+00 -2.214619e+00   
   1136   6.972842e+00 -1.906245e+00   
   1137   7.457627e+00 -1.710731e+00   
   1138   5.445343e+00 -2.213703e+00   
   1139   7.235335e+00 -1.809568e+00   
   1140   7.360370e+00 -1.761319e+00   
   1141   6.172253e+00 -2.140804e+00   
   1142   4.403274e+00 -2.200623e+00   
   1143   7.080596e+00 -1.909445e+00   
   1144   7.423729e+00 -1.767745e+00   
   1145   7.312583e+00 -1.817163e+00   
   1146   4.616844e+00 -2.238166e+00   
   1147   5.801097e+00 -2.229547e+00   
   1148   6.898950e+00 -1.997398e+00   
   1149   6.043555e+00 -2.214967e+00   
   1150   4.325967e+00 -2.227273e+00   
   1151   7.174897e+00 -1.906683e+00   
   1152   6.719584e+00 -2.068173e+00   
   1153   7.389831e+00 -1.824759e+00   
   1154   7.273881e+00 -1.877006e+00   
   1155   4.503560e+00 -2.273920e+00   
   1156   6.540218e+00 -2.138949e+00   
   1157   4.753107e+00 -2.302360e+00   
   1158   7.006704e+00 -2.000598e+00   
   1159   4.425876e+00 -2.271330e+00   
   1160   4.926934e+00 -2.325315e+00   
   1161   7.351128e+00 -1.884602e+00   
   1162   5.939515e+00 -2.283435e+00   
   1163   5.682072e+00 -2.318408e+00   
   1164   6.353603e+00 -2.214098e+00   
   1165   5.100762e+00 -2.348270e+00   
   1166   4.348569e+00 -2.297980e+00   
   1167   7.114458e+00 -2.003799e+00   
   1168   4.639823e+00 -2.338113e+00   
   1169   7.213442e+00 -1.974122e+00   
   1170   6.820963e+00 -2.120880e+00   
   1171   7.312426e+00 -1.944444e+00   
   1172   6.942265e+00 -2.085162e+00   
   1173   6.166987e+00 -2.289247e+00   
   1174   6.641597e+00 -2.191655e+00   
   1175   5.553917e+00 -2.379923e+00   
   1176   5.263262e+00 -2.394855e+00   
   1177   4.526540e+00 -2.373867e+00   
   1178   5.820489e+00 -2.372295e+00   
   1179   7.163248e+00 -2.044829e+00   
   1180   4.448856e+00 -2.371277e+00   
   1181   7.050019e+00 -2.088363e+00   
   1182   7.262233e+00 -2.015152e+00   
   1183   4.371172e+00 -2.368687e+00   
   1184   4.678244e+00 -2.408287e+00   
   1185   4.811950e+00 -2.419400e+00   
   1186   6.062947e+00 -2.357715e+00   
   1187   4.985777e+00 -2.442355e+00   
   1188   6.584912e+00 -2.263351e+00   
   1189   5.425762e+00 -2.441439e+00   
   1190   7.116551e+00 -2.105228e+00   
   1191   5.685458e+00 -2.433819e+00   
   1192   6.469031e+00 -2.310586e+00   
   1193   7.212039e+00 -2.085859e+00   
   1194   6.742977e+00 -2.244362e+00   
   1195   6.864278e+00 -2.208645e+00   
   1196   4.564961e+00 -2.444040e+00   
   1197   6.985580e+00 -2.172927e+00   
   1198   4.475498e+00 -2.441984e+00   
   1199   5.958906e+00 -2.426183e+00   
   1200   4.397814e+00 -2.439394e+00   
   1201   5.119782e+00 -2.495619e+00   
   1202   6.282416e+00 -2.385735e+00   
   1203   5.557303e+00 -2.495335e+00   
   1204   7.165342e+00 -2.146258e+00   
   1205   7.052112e+00 -2.189792e+00   
   1206   6.154098e+00 -2.435017e+00   
   1207   6.686292e+00 -2.316058e+00   
   1208   6.820530e+00 -2.277459e+00   
   1209   6.941831e+00 -2.241741e+00   
   1210   5.823875e+00 -2.487707e+00   
   1211   4.737087e+00 -2.525327e+00   
   1212   4.603382e+00 -2.514214e+00   
   1213   7.013889e+00 -2.235453e+00   
   1214   4.870792e+00 -2.536441e+00   
   1215   5.282282e+00 -2.542204e+00   
   1216   4.513919e+00 -2.512157e+00   
   1217   7.118644e+00 -2.206658e+00   
   1218   6.773691e+00 -2.322057e+00   
   1219   4.424457e+00 -2.510101e+00   
   1220   6.050058e+00 -2.503485e+00   
   1221   5.688845e+00 -2.549230e+00   
   1222   6.629607e+00 -2.387754e+00   
   1223   6.898083e+00 -2.310555e+00   
   1224   7.080421e+00 -2.252319e+00   
   1225   5.004797e+00 -2.589705e+00   
   1226   6.970141e+00 -2.304267e+00   
   1227   6.513725e+00 -2.434989e+00   
   1228   6.717006e+00 -2.393753e+00   
   1229   6.851245e+00 -2.355153e+00   
   1230   7.042198e+00 -2.297980e+00   
   1231   4.545981e+00 -2.582865e+00   
   1232   6.397844e+00 -2.482223e+00   
   1233   4.456518e+00 -2.580808e+00   
   1234   5.968167e+00 -2.572379e+00   
   1235   6.804406e+00 -2.399752e+00   
   1236   6.269527e+00 -2.531505e+00   
   1237   6.667247e+00 -2.442640e+00   
   1238   6.906669e+00 -2.374153e+00   
   1239   5.138802e+00 -2.642969e+00   
   1240   4.655125e+00 -2.624141e+00   
   1241   4.788830e+00 -2.635254e+00   
   1242   5.425254e+00 -2.644079e+00   
   1243   6.978726e+00 -2.367866e+00   
   1244   6.608456e+00 -2.475732e+00   
   1245   6.141209e+00 -2.580787e+00   
   1246   6.754647e+00 -2.448639e+00   
   1247   6.859830e+00 -2.418752e+00   
   1248   5.833136e+00 -2.633902e+00   
   1249   6.492575e+00 -2.522967e+00   
   1250   4.912620e+00 -2.674443e+00   
   1251   4.488580e+00 -2.651515e+00   
   1252   6.824119e+00 -2.454927e+00   
   1253   6.704888e+00 -2.497526e+00   
   1254   6.915254e+00 -2.437752e+00   
   1255   6.437101e+00 -2.570353e+00   
   1256   5.556795e+00 -2.697975e+00   
   1257   4.597724e+00 -2.692792e+00   
   1258   6.059318e+00 -2.649681e+00   
   1259   6.646097e+00 -2.530619e+00   
   1260   6.774360e+00 -2.503814e+00   
   1261   5.046625e+00 -2.727707e+00   
   1262   6.879543e+00 -2.473927e+00   
   1263   6.332488e+00 -2.616189e+00   
   1264   6.587306e+00 -2.563711e+00   
   1265   5.281774e+00 -2.744844e+00   
   1266   5.708297e+00 -2.720717e+00   
   1267   4.706869e+00 -2.734068e+00   
   1268   6.843832e+00 -2.510101e+00   
   1269   4.528254e+00 -2.722222e+00   
   1270   6.204170e+00 -2.665471e+00   
   1271   5.153246e+00 -2.767341e+00   
   1272   6.708376e+00 -2.565613e+00   
   1273   6.531832e+00 -2.611097e+00   
   1274   5.977428e+00 -2.718575e+00   
   1275   4.830659e+00 -2.773257e+00   
   1276   4.637399e+00 -2.763499e+00   
   1277   6.649585e+00 -2.598705e+00   
   1278   6.777848e+00 -2.571900e+00   
   1279   6.476357e+00 -2.658483e+00   
   1280   6.122279e+00 -2.734365e+00   
   1281   4.954449e+00 -2.812446e+00   
   1282   6.597527e+00 -2.642967e+00   
   1283   4.567929e+00 -2.792929e+00   
   1284   6.371744e+00 -2.704319e+00   
   1285   4.751744e+00 -2.815552e+00   
   1286   6.711864e+00 -2.633699e+00   
   1287   5.852588e+00 -2.805389e+00   
   1288   6.542053e+00 -2.690353e+00   
   1289   4.688388e+00 -2.834206e+00   
   1290   5.061069e+00 -2.852080e+00   
   1291   5.424746e+00 -2.846719e+00   
   1292   6.267131e+00 -2.750155e+00   
   1293   4.875534e+00 -2.854741e+00   
   1294   6.034332e+00 -2.799673e+00   
   1295   6.659806e+00 -2.677960e+00   
   1296   5.296218e+00 -2.869216e+00   
   1297   6.492416e+00 -2.729713e+00   
   1298   5.576247e+00 -2.869461e+00   
   1299   4.618918e+00 -2.863636e+00   
   1300   5.972175e+00 -2.834634e+00   
   1301   5.167690e+00 -2.891714e+00   
   1302   6.607748e+00 -2.722222e+00   
   1303   6.387803e+00 -2.775549e+00   
   1304   6.179183e+00 -2.815463e+00   
   1305   4.930279e+00 -2.900188e+00   
   1306   4.997919e+00 -2.905297e+00   
   1307   4.796619e+00 -2.897035e+00   
   1308   5.727748e+00 -2.892204e+00   
   1309   6.558111e+00 -2.761582e+00   
   1310   4.733263e+00 -2.915689e+00   
   1311   6.320006e+00 -2.823984e+00   
   1312   5.104539e+00 -2.944931e+00   
   1313   4.851364e+00 -2.942483e+00   
   1314   6.508475e+00 -2.800943e+00   
   1315   6.091235e+00 -2.880771e+00   
   1316   4.669907e+00 -2.934343e+00   
   1317   5.847335e+00 -2.921448e+00   
   1318   6.252209e+00 -2.867034e+00   
   1319   4.771191e+00 -2.956712e+00   
   1320   5.372664e+00 -2.964579e+00   
   1321   5.163419e+00 -2.972781e+00   
   1322   6.029079e+00 -2.915732e+00   
   1323   5.785317e+00 -2.950912e+00   
   1324   6.440678e+00 -2.849378e+00   
   1325   5.478565e+00 -2.979204e+00   
   1326   5.244136e+00 -2.987076e+00   
   1327   4.707835e+00 -2.975366e+00   
   1328   4.906109e+00 -2.987931e+00   
   1329   4.973749e+00 -2.993040e+00   
   1330   5.041389e+00 -2.998149e+00   
   1331   5.966922e+00 -2.950693e+00   
   1332   4.825936e+00 -3.002160e+00   
   1333   5.726718e+00 -2.987056e+00   
   1334   6.164262e+00 -2.932342e+00   
   1335   6.372881e+00 -2.897814e+00   
   1336   5.630066e+00 -3.001947e+00   
   1337   5.904904e+00 -2.980156e+00   
   1338   5.100269e+00 -3.025998e+00   
   1339   4.745763e+00 -3.016389e+00   
   1340   6.096465e+00 -2.970018e+00   
   1341   4.945307e+00 -3.038760e+00   
   1342   5.012947e+00 -3.043868e+00   
   1343   6.305085e+00 -2.940863e+00   
   1344   5.842886e+00 -3.009620e+00   
   1345   5.159149e+00 -3.053848e+00   
   1346   4.893732e+00 -3.056641e+00   
   1347   6.034308e+00 -3.004979e+00   
   1348   5.239866e+00 -3.068144e+00   
   1349   5.059054e+00 -3.068714e+00   
   1350   5.784287e+00 -3.045764e+00   
   1351   6.237288e+00 -2.983913e+00   
   1352   4.813559e+00 -3.070870e+00   
   1353   5.320583e+00 -3.082439e+00   
   1354   5.966512e+00 -3.037225e+00   
   1355   4.984504e+00 -3.089588e+00   
   1356   5.117934e+00 -3.096564e+00   
   1357   5.426484e+00 -3.097065e+00   
   1358   6.169492e+00 -3.021589e+00   
   1359   5.169800e+00 -3.104621e+00   
   1360   5.725688e+00 -3.081908e+00   
   1361   4.932930e+00 -3.107470e+00   
   1362   5.904494e+00 -3.066688e+00   
   1363   5.629036e+00 -3.096799e+00   
   1364   5.030612e+00 -3.114434e+00   
   1365   5.250517e+00 -3.118917e+00   
   1366   5.532384e+00 -3.111690e+00   
   1367   5.836697e+00 -3.093370e+00   
   1368   6.101695e+00 -3.059266e+00   
   1369   4.881356e+00 -3.125352e+00   
   1370   5.076720e+00 -3.139279e+00   
   1371   5.000727e+00 -3.143410e+00   
   1372   5.128585e+00 -3.147337e+00   
   1373   6.033898e+00 -3.091511e+00   
   1374   5.180451e+00 -3.155394e+00   
   1375   5.778098e+00 -3.129514e+00   
   1376   4.949153e+00 -3.161292e+00   
   1377   5.046835e+00 -3.168256e+00   
   1378   5.304359e+00 -3.171656e+00   
   1379   5.406054e+00 -3.169638e+00   
   1380   5.710302e+00 -3.150408e+00   
   1381   5.966102e+00 -3.123757e+00   
   1382   5.080733e+00 -3.180712e+00   
   1383   5.613650e+00 -3.165299e+00   
   1384   5.132598e+00 -3.188769e+00   
   1385   5.898305e+00 -3.150438e+00   
   1386   5.511955e+00 -3.184263e+00   
   1387   5.016949e+00 -3.197232e+00   
   1388   5.234293e+00 -3.208134e+00   
   1389   5.050847e+00 -3.209688e+00   
   1390   5.830508e+00 -3.177120e+00   
   1391   5.084746e+00 -3.222145e+00   
   1392   5.762712e+00 -3.198014e+00   
   1393   5.186441e+00 -3.241509e+00   
   1394   5.694915e+00 -3.218908e+00   
   1395   5.593220e+00 -3.237873e+00   
   1396   5.288136e+00 -3.260873e+00   
   1397   5.389831e+00 -3.258855e+00   
   1398   5.491525e+00 -3.256837e+00   
  END_COORDINATES
  BOUNDARIES, ELEMENT
    1         1268     1254     1262         1     
    2         1387     1391     1389         2     
    3         1391     1396     1393         5     
    4         1369     1387     1376         8     
    5         344     318     329         10     
    6         276     251     259         11     
    7         32     48     41         12     
    8         1316     1339     1327         13     
    9         1230     1217     1224         20     
    10         448     422     433         21     
    11         191     171     179         22     
    12         1314     1302     1309         27     
    13         1153     1137     1144         32     
    14         1302     1286     1295         33     
    15         218     191     204         39     
    16         1254     1230     1243         40     
    17         1286     1268     1278         43     
    18         1339     1369     1352         45     
    19         1137     1115     1126         46     
    20         171     146     158         47     
    21         146     117     133         48     
    22         1394     1390     1392         49     
    23         357     389     375         51     
    24         919     957     935         52     
    25         1171     1153     1161         53     
    26         1     7     2         54     
    27         742     713     725         57     
    28         47     28     35         58     
    29         318     276     295         59     
    30         1390     1381     1385         60     
    31         1026     1001     1012         65     
    32         251     218     234         66     
    33         386     344     361         70     
    34         422     386     404         71     
    35         95     72     82         73     
    36         966     941     956         74     
    37         141     166     155         75     
    38         1150     1183     1166         76     
    39         1381     1368     1373         77     
    40         635     607     625         78     
    41         202     227     214         79     
    42         1079     1107     1093         80     
    43         481     448     461         81     
    44         513     481     494         82     
    45         115     141     129         83     
    46         1183     1219     1200         84     
    47         1217     1193     1204         86     
    48         117     95     104         88     
    49         1115     1096     1106         93     
    50         607     574     593         94     
    51         48     71     61         95     
    52         71     93     80         96     
    53         15     32     22         100     
    54         7     15     10         101     
    55         1283     1316     1299         102     
    56         1251     1283     1269         103     
    57         1368     1351     1358         105     
    58         574     545     562         107     
    59         93     115     103         108     
    60         1219     1251     1233         109     
    61         545     513     529         110     
    62         1351     1335     1343         111     
    63         1335     1314     1324         112     
    64         1396     1398     1397         113     
    65         713     679     694         114     
    66         9     1     4         127     
    67         1193     1171     1182         129     
    68         269     308     287         130     
    69         1003     1037     1022         131     
    70         28     9     18         136     
    71         72     47     60         137     
    72         1096     1075     1084         142     
    73         1046     1026     1035         144     
    74         1001     966     985         149     
    75         1107     1150     1130         155     
    76         166     202     185         157     
    77         1037     1079     1058         159     
    78         679     635     658         164     
    79         308     357     330         195     
    80         227     269     249         197     
    81         957     1003     978         201     
    82         1075     1046     1063         202     
    83         1398     1394     1395         204     
    84         389     441     415         208     
    85         441     486     463         209     
    86         870     919     896         214     
    87         821     870     847         215     
    88         786     742     763         226     
    89         827     786     809         227     
    90         941     903     920         228     
    91         903     861     880         229     
    92         861     827     845         235     
    93         580     628     603         236     
    94         628     672     649         237     
    95         672     723     697         238     
    96         533     580     558         239     
    97         723     777     751         240     
    98         486     533     509         241     
    99         777     821     800         242     
  END_BOUNDARIES
  MATERIALS, NUMBER= 1, DEFAULT=1
  END_MATERIALS
  SUBDOMAINS
  END_SUBDOMAINS
  CHARACTERISTICS
  END_CHARACTERISTICS
