  NODES_PER_ELEMENT
   1 6
   2 6
   3 6
   4 6
   5 6
   6 6
   7 6
   8 6
   9 6
   10 6
   11 6
   12 6
   13 6
   14 6
   15 6
   16 6
   17 6
   18 6
   19 6
   20 6
   21 6
   22 6
   23 6
   24 6
   25 6
   26 6
   27 6
   28 6
   29 6
   30 6
   31 6
   32 6
   33 6
   34 6
   35 6
   36 6
   37 6
   38 6
   39 6
   40 6
   41 6
   42 6
   43 6
   44 6
   45 6
   46 6
   47 6
   48 6
   49 6
   50 6
   51 6
   52 6
   53 6
   54 6
   55 6
   56 6
   57 6
   58 6
   59 6
   60 6
   61 6
   62 6
   63 6
   64 6
   65 6
   66 6
   67 6
   68 6
   69 6
   70 6
   71 6
   72 6
   73 6
   74 6
   75 6
   76 6
   77 6
   78 6
   79 6
   80 6
   81 6
   82 6
   83 6
   84 6
   85 6
   86 6
   87 6
   88 6
   89 6
   90 6
   91 6
   92 6
   93 6
   94 6
   95 6
   96 6
   97 6
   98 6
   99 6
   100 6
   101 6
   102 6
   103 6
   104 6
   105 6
   106 6
   107 6
   108 6
   109 6
   110 6
   111 6
   112 6
   113 6
   114 6
   115 6
   116 6
   117 6
   118 6
   119 6
   120 6
   121 6
   122 6
   123 6
   124 6
   125 6
   126 6
   127 6
   128 6
   129 6
   130 6
   131 6
   132 6
   133 6
   134 6
   135 6
   136 6
   137 6
   138 6
   139 6
   140 6
   141 6
   142 6
   143 6
   144 6
   145 6
   146 6
   147 6
   148 6
   149 6
   150 6
   151 6
   152 6
   153 6
   154 6
   155 6
   156 6
   157 6
   158 6
   159 6
   160 6
   161 6
   162 6
   163 6
   164 6
   165 6
   166 6
   167 6
   168 6
   169 6
   170 6
   171 6
   172 6
   173 6
   174 6
   175 6
   176 6
   177 6
   178 6
   179 6
   180 6
   181 6
   182 6
   183 6
   184 6
   185 6
   186 6
   187 6
   188 6
   189 6
   190 6
   191 6
   192 6
   193 6
   194 6
   195 6
   196 6
   197 6
   198 6
   199 6
   200 6
   201 6
   202 6
   203 6
   204 6
   205 6
   206 6
   207 6
   208 6
   209 6
   210 6
   211 6
   212 6
   213 6
   214 6
   215 6
   216 6
   217 6
   218 6
   219 6
   220 6
   221 6
   222 6
   223 6
   224 6
   225 6
   226 6
   227 6
   228 6
   229 6
   230 6
   231 6
   232 6
   233 6
   234 6
   235 6
   236 6
   237 6
   238 6
   239 6
   240 6
   241 6
   242 6
   243 6
   244 6
   245 6
   246 6
   247 6
   248 6
   249 6
   250 6
   251 6
   252 6
   253 6
   254 6
   255 6
   256 6
   257 6
   258 6
   259 6
   260 6
   261 6
   262 6
   263 6
   264 6
   265 6
   266 6
   267 6
   268 6
   269 6
   270 6
   271 6
   272 6
   273 6
   274 6
   275 6
   276 6
   277 6
   278 6
   279 6
   280 6
   281 6
   282 6
   283 6
   284 6
   285 6
   286 6
   287 6
   288 6
   289 6
   290 6
   291 6
   292 6
   293 6
   294 6
   295 6
   296 6
   297 6
   298 6
   299 6
   300 6
   301 6
   302 6
   303 6
   304 6
   305 6
   306 6
   307 6
   308 6
   309 6
   310 6
   311 6
   312 6
   313 6
   314 6
   315 6
   316 6
   317 6
   318 6
   319 6
   320 6
   321 6
   322 6
   323 6
   324 6
   325 6
   326 6
   327 6
   328 6
   329 6
   330 6
   331 6
   332 6
   333 6
   334 6
   335 6
   336 6
   337 6
   338 6
   339 6
   340 6
   341 6
   342 6
   343 6
   344 6
   345 6
   346 6
   347 6
   348 6
   349 6
   350 6
   351 6
   352 6
   353 6
   354 6
   355 6
   356 6
   357 6
   358 6
   359 6
   360 6
   361 6
   362 6
   363 6
   364 6
   365 6
   366 6
   367 6
   368 6
   369 6
   370 6
   371 6
   372 6
   373 6
   374 6
   375 6
   376 6
   377 6
   378 6
   379 6
   380 6
   381 6
   382 6
   383 6
   384 6
   385 6
   386 6
   387 6
   388 6
   389 6
   390 6
   391 6
   392 6
   393 6
   394 6
   395 6
   396 6
   397 6
   398 6
   399 6
   400 6
   401 6
   402 6
   403 6
   404 6
   405 6
   406 6
   407 6
   408 6
   409 6
   410 6
   411 6
   412 6
   413 6
   414 6
   415 6
   416 6
   417 6
   418 6
   419 6
   420 6
   421 6
   422 6
   423 6
   424 6
   425 6
   426 6
   427 6
   428 6
   429 6
   430 6
   431 6
   432 6
   433 6
   434 6
   435 6
   436 6
   437 6
   438 6
   439 6
   440 6
   441 6
   442 6
   443 6
   444 6
   445 6
   446 6
   447 6
   448 6
   449 6
   450 6
   451 6
   452 6
   453 6
   454 6
   455 6
   456 6
   457 6
   458 6
   459 6
   460 6
   461 6
   462 6
   463 6
   464 6
   465 6
   466 6
   467 6
   468 6
   469 6
   470 6
   471 6
   472 6
   473 6
   474 6
   475 6
   476 6
   477 6
   478 6
   479 6
   480 6
   481 6
   482 6
   483 6
   484 6
   485 6
   486 6
   487 6
   488 6
   489 6
   490 6
   491 6
   492 6
   493 6
   494 6
   495 6
   496 6
   497 6
   498 6
   499 6
   500 6
   501 6
   502 6
   503 6
   504 6
   505 6
   506 6
   507 6
   508 6
   509 6
   510 6
   511 6
   512 6
   513 6
   514 6
   515 6
   516 6
   517 6
   518 6
   519 6
   520 6
   521 6
   522 6
   523 6
   524 6
   525 6
   526 6
   527 6
   528 6
   529 6
   530 6
   531 6
   532 6
   533 6
   534 6
   535 6
   536 6
   537 6
   538 6
   539 6
   540 6
   541 6
   542 6
   543 6
   544 6
   545 6
   546 6
   547 6
   548 6
   549 6
   550 6
   551 6
   552 6
   553 6
   554 6
   555 6
   556 6
   557 6
   558 6
   559 6
   560 6
   561 6
   562 6
   563 6
   564 6
   565 6
   566 6
   567 6
   568 6
   569 6
   570 6
   571 6
   572 6
   573 6
   574 6
   575 6
   576 6
   577 6
   578 6
   579 6
   580 6
   581 6
   582 6
   583 6
   584 6
   585 6
   586 6
   587 6
   588 6
   589 6
   590 6
   591 6
   592 6
   593 6
   594 6
   595 6
   596 6
   597 6
   598 6
   599 6
   600 6
   601 6
   602 6
   603 6
   604 6
   605 6
   606 6
   607 6
   608 6
   609 6
   610 6
   611 6
   612 6
   613 6
   614 6
   615 6
   616 6
   617 6
   618 6
   619 6
   620 6
   621 6
   622 6
   623 6
   624 6
   625 6
   626 6
   627 6
   628 6
   629 6
   630 6
   631 6
   632 6
   633 6
   634 6
   635 6
   636 6
   637 6
   638 6
   639 6
   640 6
   641 6
   642 6
   643 6
   644 6
   645 6
   646 6
   647 6
   648 6
   649 6
   650 6
   651 6
   652 6
   653 6
   654 6
   655 6
   656 6
   657 6
   658 6
   659 6
   660 6
   661 6
   662 6
   663 6
   664 6
   665 6
   666 6
   667 6
   668 6
   669 6
   670 6
   671 6
   672 6
   673 6
   674 6
   675 6
   676 6
   677 6
   678 6
   679 6
   680 6
   681 6
   682 6
   683 6
   684 6
   685 6
   686 6
   687 6
   688 6
   689 6
   690 6
   691 6
   692 6
   693 6
   694 6
   695 6
   696 6
  END_NODES_PER_ELEMENT
  ELEMENTS
  1 1 5 6 2 4 3  
  2 235 297 270 266 285 251  
  3 1458 1451 1439 1455 1446 1449  
  4 1377 1364 1306 1373 1337 1341  
  5 61 93 80 76 84 69  
  6 529 619 588 572 603 558  
  7 1421 1410 1378 1414 1394 1402  
  8 16 34 28 25 31 21  
  9 369 447 411 408 424 387  
  10 1442 1431 1412 1437 1422 1429  
  11 1360 1353 1291 1356 1322 1325  
  12 132 181 161 154 172 147  
  13 1465 1462 1459 1464 1461 1463  
  14 1398 1386 1338 1393 1363 1375  
  15 5 16 12 10 13 8  
  16 297 369 334 330 352 320  
  17 1451 1442 1426 1448 1435 1441  
  18 1364 1360 1301 1362 1327 1330  
  19 93 132 114 112 124 103  
  20 619 715 720 667 717 668  
  21 1410 1398 1359 1403 1380 1389  
  22 34 61 50 46 53 42  
  23 447 529 490 487 510 465  
  24 1431 1421 1396 1427 1409 1415  
  25 1353 1349 1278 1352 1313 1315  
  26 181 235 211 208 221 197  
  27 1462 1458 1450 1460 1454 1457  
  28 1386 1377 1323 1381 1347 1358  
  29 270 297 334 285 320 300  
  30 270 334 312 300 322 290  
  31 1412 1431 1396 1422 1415 1404  
  32 1412 1396 1361 1404 1379 1391  
  33 114 132 161 124 147 134  
  34 114 161 145 134 150 130  
  35 312 334 381 322 357 345  
  36 1361 1396 1334 1379 1369 1345  
  37 145 161 192 150 173 167  
  38 588 619 720 603 668 650  
  39 12 16 28 13 21 19  
  40 12 28 29 19 27 20  
  41 29 28 45 27 35 36  
  42 12 29 17 20 22 14  
  43 1396 1421 1378 1409 1402 1387  
  44 1396 1378 1334 1387 1357 1369  
  45 1334 1378 1307 1357 1343 1321  
  46 1307 1378 1359 1343 1366 1333  
  47 1307 1359 1287 1333 1324 1299  
  48 1359 1378 1410 1366 1394 1389  
  49 1287 1359 1338 1324 1346 1310  
  50 1287 1338 1271 1310 1304 1279  
  51 1338 1359 1398 1346 1380 1375  
  52 1271 1338 1323 1304 1328 1295  
  53 1271 1323 1256 1295 1289 1263  
  54 1323 1338 1386 1328 1363 1358  
  55 1287 1271 1220 1279 1247 1253  
  56 1256 1323 1306 1289 1314 1281  
  57 1256 1306 1245 1281 1276 1250  
  58 1306 1323 1377 1314 1347 1341  
  59 1271 1256 1201 1263 1229 1237  
  60 1245 1306 1301 1276 1303 1272  
  61 1245 1301 1236 1272 1268 1238  
  62 1301 1306 1364 1303 1337 1330  
  63 1256 1245 1189 1250 1217 1222  
  64 1236 1301 1291 1268 1294 1265  
  65 1236 1291 1231 1265 1260 1233  
  66 1291 1301 1360 1294 1327 1325  
  67 1245 1236 1179 1238 1207 1213  
  68 1231 1291 1278 1260 1284 1254  
  69 1236 1231 1168 1233 1200 1202  
  70 1307 1287 1240 1299 1266 1274  
  71 1334 1307 1264 1321 1285 1298  
  72 1179 1236 1168 1207 1202 1175  
  73 1179 1168 1113 1175 1140 1146  
  74 1245 1179 1189 1213 1183 1217  
  75 1189 1179 1122 1183 1150 1155  
  76 1113 1168 1106 1140 1139 1110  
  77 1179 1113 1122 1146 1116 1150  
  78 1122 1113 1052 1116 1084 1089  
  79 1052 1113 1048 1084 1081 1049  
  80 1122 1052 1064 1089 1061 1094  
  81 1189 1122 1132 1155 1129 1163  
  82 161 181 211 172 197 186  
  83 161 211 192 186 199 173  
  84 192 211 247 199 231 219  
  85 247 211 270 231 239 260  
  86 247 270 312 260 290 277  
  87 247 312 293 277 299 269  
  88 270 211 235 239 221 251  
  89 293 312 359 299 331 326  
  90 247 293 232 269 262 241  
  91 192 247 232 219 241 214  
  92 192 232 180 214 205 188  
  93 180 232 225 205 228 203  
  94 192 180 145 188 163 167  
  95 145 180 138 163 157 142  
  96 138 180 176 157 177 153  
  97 145 138 104 142 120 123  
  98 50 61 80 53 69 65  
  99 50 80 72 65 74 59  
  100 72 80 104 74 91 88  
  101 104 80 114 91 96 109  
  102 72 104 100 88 101 85  
  103 114 80 93 96 84 103  
  104 104 114 145 109 130 123  
  105 100 104 138 101 120 118  
  106 100 138 139 118 135 119  
  107 139 138 176 135 153 155  
  108 139 176 183 155 178 159  
  109 100 139 107 119 121 102  
  110 72 100 73 85 86 71  
  111 183 176 226 178 200 204  
  112 139 183 146 159 166 143  
  113 50 72 45 59 57 47  
  114 45 72 73 57 71 58  
  115 50 45 28 47 35 38  
  116 50 28 34 38 31 42  
  117 1426 1442 1412 1435 1429 1420  
  118 1426 1412 1385 1420 1401 1408  
  119 1385 1412 1361 1401 1391 1376  
  120 1385 1361 1318 1376 1339 1355  
  121 1426 1385 1407 1408 1397 1417  
  122 1385 1318 1350 1355 1335 1372  
  123 1450 1458 1439 1454 1449 1444  
  124 1450 1439 1424 1444 1432 1438  
  125 1424 1439 1407 1432 1425 1416  
  126 1424 1407 1382 1416 1395 1405  
  127 1407 1439 1426 1425 1434 1417  
  128 1426 1439 1451 1434 1446 1441  
  129 1382 1407 1350 1395 1384 1367  
  130 1382 1350 1312 1367 1331 1348  
  131 1424 1382 1413 1405 1399 1419  
  132 1312 1350 1280 1331 1316 1297  
  133 1382 1312 1351 1348 1332 1368  
  134 1450 1424 1440 1438 1433 1445  
  135 1350 1407 1385 1384 1397 1372  
  136 1291 1353 1278 1322 1315 1284  
  137 334 369 411 352 387 374  
  138 334 411 381 374 393 357  
  139 381 411 457 393 434 418  
  140 457 411 490 434 449 477  
  141 457 490 545 477 519 499  
  142 490 411 447 449 424 465  
  143 545 490 588 519 534 563  
  144 545 588 634 563 607 590  
  145 588 490 529 534 510 558  
  146 634 588 720 607 650 677  
  147 545 634 626 590 633 585  
  148 457 545 515 499 527 485  
  149 381 457 433 418 445 405  
  150 1168 1208 1133 1188 1169 1153  
  151 5 12 6 8 7 4  
  152 1462 1450 1459 1457 1456 1461  
  153 1318 1361 1290 1339 1326 1302  
  154 1201 1256 1189 1229 1222 1195  
  155 1201 1189 1132 1195 1163 1166  
  156 1201 1132 1151 1166 1142 1177  
  157 1151 1132 1080 1142 1107 1117  
  158 1201 1151 1220 1177 1185 1212  
  159 1220 1151 1170 1185 1162 1196  
  160 1201 1220 1271 1212 1247 1237  
  161 1170 1151 1100 1162 1127 1135  
  162 1220 1170 1240 1196 1204 1230  
  163 1240 1170 1194 1204 1182 1218  
  164 1220 1240 1287 1230 1266 1253  
  165 1194 1170 1125 1182 1148 1160  
  166 1240 1194 1264 1218 1228 1251  
  167 1264 1194 1221 1228 1206 1241  
  168 1221 1194 1149 1206 1172 1184  
  169 1264 1221 1290 1241 1255 1275  
  170 1290 1221 1248 1255 1234 1269  
  171 1248 1221 1178 1234 1198 1214  
  172 1290 1248 1318 1269 1282 1302  
  173 1318 1248 1280 1282 1267 1300  
  174 1280 1248 1210 1267 1227 1246  
  175 1318 1280 1350 1300 1316 1335  
  176 1240 1264 1307 1251 1285 1274  
  177 1210 1248 1178 1227 1214 1193  
  178 1210 1178 1136 1193 1158 1173  
  179 1280 1210 1244 1246 1225 1262  
  180 100 107 73 102 89 86  
  181 73 107 81 89 92 75  
  182 81 107 116 92 110 97  
  183 73 81 52 75 66 60  
  184 107 139 146 121 143 125  
  185 232 293 280 262 286 255  
  186 545 626 515 585 568 527  
  187 515 626 574 568 601 546  
  188 1221 1149 1178 1184 1164 1198  
  189 1178 1149 1105 1164 1128 1141  
  190 574 626 666 601 644 620  
  191 515 574 492 546 532 500  
  192 1105 1149 1074 1128 1114 1093  
  193 359 312 381 331 345 367  
  194 359 381 433 367 405 394  
  195 180 225 176 203 198 177  
  196 176 225 226 198 224 200  
  197 226 225 275 224 248 249  
  198 275 225 280 248 250 276  
  199 280 225 232 250 228 255  
  200 275 280 336 276 306 304  
  201 336 280 342 306 311 339  
  202 275 336 338 304 335 305  
  203 226 275 282 249 279 253  
  204 342 280 293 311 286 318  
  205 342 293 359 318 326 350  
  206 342 359 414 350 384 377  
  207 414 359 433 384 394 421  
  208 342 414 398 377 403 370  
  209 336 342 398 339 370 363  
  210 336 398 397 363 396 361  
  211 397 398 462 396 428 426  
  212 336 397 338 361 362 335  
  213 338 397 400 362 399 368  
  214 400 397 468 399 430 437  
  215 338 400 343 368 372 340  
  216 462 398 471 428 436 466  
  217 397 462 468 426 463 430  
  218 468 462 541 463 501 503  
  219 541 462 543 501 502 538  
  220 468 541 547 503 544 506  
  221 400 468 479 437 473 439  
  222 343 400 413 372 407 376  
  223 338 343 282 340 313 307  
  224 282 343 291 313 317 288  
  225 338 282 275 307 279 305  
  226 291 343 358 317 349 324  
  227 282 291 233 288 261 256  
  228 358 343 413 349 376 383  
  229 358 413 427 383 419 391  
  230 427 413 488 419 451 458  
  231 358 427 379 391 402 364  
  232 291 358 308 324 329 298  
  233 233 291 245 261 267 236  
  234 282 233 226 256 230 253  
  235 226 233 183 230 206 204  
  236 183 233 194 206 215 190  
  237 194 233 245 215 236 218  
  238 194 245 210 218 227 201  
  239 210 245 271 227 257 240  
  240 194 210 160 201 185 174  
  241 183 194 146 190 170 166  
  242 271 245 308 257 273 289  
  243 271 308 332 289 321 301  
  244 332 308 379 321 344 355  
  245 379 308 358 344 329 364  
  246 332 379 410 355 390 373  
  247 271 332 296 301 316 283  
  248 410 379 454 390 415 431  
  249 332 410 365 373 386 351  
  250 210 271 237 240 252 222  
  251 160 210 179 185 195 169  
  252 194 160 146 174 152 170  
  253 146 160 116 152 137 131  
  254 116 160 133 137 148 128  
  255 146 116 107 131 110 125  
  256 133 160 179 148 169 156  
  257 133 179 162 156 171 149  
  258 162 179 213 171 196 187  
  259 133 162 115 149 136 127  
  260 116 133 94 128 113 106  
  261 213 179 237 196 209 223  
  262 213 237 272 223 254 242  
  263 162 213 193 187 202 175  
  264 115 162 144 136 151 129  
  265 133 115 94 127 105 113  
  266 94 115 78 105 95 83  
  267 78 115 108 95 111 90  
  268 94 78 62 83 68 77  
  269 272 237 296 254 265 284  
  270 296 237 271 265 252 283  
  271 272 296 337 284 319 303  
  272 337 296 365 319 328 353  
  273 337 365 412 353 388 375  
  274 412 365 446 388 406 425  
  275 337 412 380 375 392 356  
  276 272 337 314 303 325 292  
  277 213 272 246 242 259 229  
  278 412 446 491 425 467 452  
  279 337 380 314 356 347 325  
  280 314 380 360 347 366 333  
  281 360 380 435 366 404 395  
  282 314 360 294 333 327 302  
  283 435 380 455 404 417 444  
  284 360 435 416 395 422 385  
  285 294 360 341 327 348 315  
  286 446 365 410 406 386 423  
  287 446 410 489 423 448 464  
  288 489 410 454 448 431 474  
  289 489 454 540 474 495 516  
  290 446 489 528 464 508 486  
  291 540 454 509 495 481 523  
  292 489 540 577 516 559 531  
  293 380 412 455 392 432 417  
  294 455 412 491 432 452 476  
  295 455 491 542 476 518 497  
  296 542 491 578 518 533 560  
  297 455 542 507 497 524 482  
  298 314 294 246 302 268 278  
  299 246 294 234 268 264 243  
  300 108 115 144 111 129 126  
  301 108 144 140 126 141 122  
  302 78 108 64 90 82 67  
  303 62 78 51 68 63 54  
  304 94 62 81 77 70 87  
  305 81 62 52 70 55 66  
  306 52 62 32 55 44 40  
  307 296 332 365 316 351 328  
  308 32 62 51 44 54 41  
  309 32 51 37 41 43 33  
  310 52 32 29 40 30 39  
  311 52 29 45 39 36 48  
  312 454 379 427 415 402 441  
  313 454 427 509 441 469 481  
  314 509 427 488 469 458 498  
  315 509 488 570 498 530 539  
  316 570 488 555 530 521 562  
  317 509 570 593 539 584 551  
  318 555 488 479 521 483 517  
  319 555 479 547 517 512 549  
  320 570 555 639 562 597 606  
  321 593 570 661 584 616 629  
  322 509 593 540 551 565 523  
  323 540 593 632 565 608 586  
  324 632 593 687 608 640 656  
  325 540 632 577 586 604 559  
  326 577 632 670 604 648 623  
  327 670 632 727 648 678 695  
  328 577 670 618 623 643 598  
  329 547 479 468 512 473 506  
  330 687 593 661 640 629 675  
  331 687 661 753 675 706 723  
  332 753 661 730 706 693 742  
  333 687 753 774 723 766 733  
  334 632 687 727 656 703 678  
  335 727 687 774 703 733 751  
  336 727 774 809 751 790 768  
  337 809 774 857 790 815 834  
  338 727 809 759 768 783 740  
  339 857 774 833 815 806 844  
  340 809 857 890 834 874 849  
  341 759 809 841 783 823 801  
  342 727 759 670 740 714 695  
  343 670 759 710 714 731 689  
  344 710 759 799 731 776 757  
  345 670 710 618 689 662 643  
  346 618 710 663 662 686 638  
  347 663 710 761 686 732 712  
  348 618 663 578 638 622 599  
  349 578 663 630 622 645 605  
  350 618 578 528 599 556 571  
  351 630 663 725 645 692 676  
  352 578 630 542 605 587 560  
  353 618 528 577 571 553 598  
  354 542 630 596 587 609 566  
  355 596 630 688 609 655 641  
  356 542 596 507 566 552 524  
  357 507 596 567 552 581 536  
  358 799 759 841 776 801 818  
  359 799 841 879 818 859 839  
  360 879 841 919 859 881 898  
  361 799 879 838 839 854 814  
  362 710 799 761 757 777 732  
  363 725 663 761 692 712 741  
  364 725 761 810 741 785 767  
  365 810 761 838 785 800 822  
  366 838 761 799 800 777 814  
  367 810 838 888 822 864 848  
  368 888 838 914 864 876 904  
  369 810 888 858 848 873 835  
  370 725 810 775 767 791 750  
  371 630 725 688 676 702 655  
  372 914 838 879 876 854 896  
  373 914 879 952 896 915 933  
  374 952 879 919 915 898 935  
  375 952 919 998 935 957 975  
  376 914 952 995 933 973 953  
  377 998 919 962 957 940 978  
  378 952 998 1030 975 1012 994  
  379 995 952 1030 973 994 1011  
  380 995 1030 1068 1011 1045 1033  
  381 914 995 959 953 976 936  
  382 888 914 959 904 936 923  
  383 888 959 931 923 944 910  
  384 931 959 1007 944 980 970  
  385 888 931 858 910 894 873  
  386 858 931 909 894 922 884  
  387 909 931 983 922 960 949  
  388 858 909 832 884 871 845  
  389 1007 959 1037 980 1000 1017  
  390 931 1007 983 970 999 960  
  391 983 1007 1060 999 1035 1020  
  392 810 858 775 835 816 791  
  393 998 962 1039 978 1003 1015  
  394 962 919 890 940 905 925  
  395 962 890 930 925 911 946  
  396 890 919 841 905 881 866  
  397 930 890 857 911 874 892  
  398 930 857 908 892 883 918  
  399 962 930 1006 946 969 982  
  400 908 857 833 883 844 870  
  401 930 908 981 918 945 955  
  402 908 833 885 870 856 893  
  403 885 833 808 856 817 847  
  404 908 885 964 893 924 932  
  405 1006 930 981 969 955 996  
  406 1006 981 1058 996 1016 1034  
  407 962 1006 1039 982 1019 1003  
  408 1039 1006 1079 1019 1043 1059  
  409 1079 1006 1058 1043 1034 1067  
  410 1079 1058 1143 1067 1097 1111  
  411 1143 1058 1108 1097 1083 1126  
  412 1079 1143 1152 1111 1147 1115  
  413 1039 1079 1109 1059 1095 1072  
  414 1058 981 1038 1016 1009 1044  
  415 981 908 964 945 932 971  
  416 1030 998 1070 1012 1036 1046  
  417 730 661 639 693 649 684  
  418 730 639 716 684 680 724  
  419 716 639 631 680 635 672  
  420 730 716 797 724 760 765  
  421 774 753 833 766 792 806  
  422 833 753 808 792 779 817  
  423 808 753 730 779 742 771  
  424 808 730 797 771 765 804  
  425 808 797 872 804 837 840  
  426 872 797 865 837 831 868  
  427 808 872 885 840 878 847  
  428 885 872 951 878 912 916  
  429 951 872 939 912 906 943  
  430 885 951 964 916 954 924  
  431 964 951 1028 954 990 997  
  432 1028 951 1031 990 991 1029  
  433 964 1028 1038 997 1032 1002  
  434 1038 1028 1130 1032 1078 1082  
  435 939 872 865 906 868 902  
  436 939 865 942 902 903 938  
  437 951 939 1031 943 986 991  
  438 1143 1108 1181 1126 1144 1161  
  439 1079 1152 1109 1115 1131 1095  
  440 1109 1152 1180 1131 1165 1145  
  441 1180 1152 1223 1165 1186 1199  
  442 1109 1180 1138 1145 1159 1124  
  443 1108 1058 1038 1083 1044 1071  
  444 1108 1038 1130 1071 1082 1118  
  445 1152 1143 1197 1147 1167 1176  
  446 909 983 967 949 974 934  
  447 858 832 775 845 807 816  
  448 775 832 749 807 789 764  
  449 749 832 812 789 820 780  
  450 775 749 688 764 722 734  
  451 688 749 657 722 701 673  
  452 775 688 725 734 702 750  
  453 657 749 728 701 736 691  
  454 688 657 596 673 627 641  
  455 596 657 567 627 612 581  
  456 1039 1109 1070 1072 1090 1051  
  457 1070 1109 1138 1090 1124 1104  
  458 1070 1138 1101 1104 1120 1087  
  459 1101 1138 1174 1120 1157 1137  
  460 1070 1101 1030 1087 1065 1046  
  461 1030 1101 1068 1065 1086 1045  
  462 1068 1101 1136 1086 1119 1102  
  463 1136 1101 1174 1119 1137 1156  
  464 1068 1136 1105 1102 1123 1088  
  465 1136 1174 1210 1156 1191 1173  
  466 1068 1105 1037 1088 1069 1047  
  467 1210 1174 1244 1191 1209 1225  
  468 1068 1037 995 1047 1013 1033  
  469 995 1037 959 1013 1000 976  
  470 1244 1174 1203 1209 1190 1224  
  471 1037 1105 1074 1069 1093 1056  
  472 1174 1138 1203 1157 1171 1190  
  473 1203 1138 1180 1171 1159 1192  
  474 1203 1180 1249 1192 1215 1226  
  475 1249 1180 1223 1215 1199 1235  
  476 1203 1249 1273 1226 1261 1239  
  477 1249 1223 1292 1235 1257 1270  
  478 1273 1249 1319 1261 1283 1296  
  479 1203 1273 1244 1239 1258 1224  
  480 1244 1273 1312 1258 1293 1277  
  481 1312 1273 1351 1293 1309 1332  
  482 1244 1312 1280 1277 1297 1262  
  483 1105 1136 1178 1123 1158 1141  
  484 1292 1223 1286 1257 1252 1288  
  485 1249 1292 1319 1270 1305 1283  
  486 832 909 887 871 897 860  
  487 964 1038 981 1002 1009 971  
  488 507 567 484 536 525 494  
  489 865 797 788 831 794 828  
  490 528 489 577 508 531 553  
  491 446 528 491 486 511 467  
  492 491 528 578 511 556 533  
  493 398 414 471 403 440 436  
  494 471 414 492 440 453 480  
  495 471 492 554 480 522 513  
  496 554 492 574 522 532 564  
  497 471 554 543 513 548 505  
  498 543 554 625 548 591 582  
  499 625 554 647 591 600 636  
  500 543 625 611 582 617 575  
  501 647 554 574 600 564 610  
  502 647 574 666 610 620 654  
  503 625 647 713 636 681 669  
  504 611 625 705 617 665 659  
  505 543 611 541 575 573 538  
  506 541 611 615 573 613 576  
  507 615 611 694 613 651 652  
  508 541 615 547 576 579 544  
  509 547 615 631 579 621 589  
  510 631 615 699 621 658 664  
  511 547 631 555 589 592 549  
  512 699 615 694 658 652 696  
  513 699 694 798 696 748 752  
  514 798 694 778 748 737 787  
  515 699 798 788 752 793 747  
  516 631 699 716 664 707 672  
  517 694 611 705 651 659 698  
  518 694 705 778 698 744 737  
  519 778 705 826 744 770 803  
  520 798 862 899 830 880 850  
  521 471 543 462 505 502 466  
  522 116 94 81 106 87 97  
  523 567 657 637 612 646 602  
  524 488 413 479 451 443 483  
  525 1273 1319 1351 1296 1336 1309  
  526 1351 1319 1383 1336 1354 1370  
  527 1383 1319 1344 1354 1329 1365  
  528 1351 1383 1413 1370 1400 1390  
  529 1344 1319 1292 1329 1305 1320  
  530 1344 1292 1340 1320 1317 1342  
  531 1344 1340 1392 1342 1371 1374  
  532 1344 1392 1383 1374 1388 1365  
  533 1351 1413 1382 1390 1399 1368  
  534 713 647 769 681 708 739  
  535 705 625 713 665 669 709  
  536 52 45 73 48 58 60  
  537 1223 1152 1197 1186 1176 1211  
  538 1223 1197 1286 1211 1242 1252  
  539 1007 1037 1074 1017 1056 1040  
  540 1007 1074 1060 1040 1066 1035  
  541 1060 1074 1125 1066 1099 1092  
  542 1060 1125 1100 1092 1112 1076  
  543 1060 1100 1026 1076 1063 1041  
  544 1125 1074 1149 1099 1114 1134  
  545 1026 1100 1080 1063 1091 1054  
  546 1060 1026 983 1041 1004 1020  
  547 983 1026 967 1004 1001 974  
  548 967 1026 1022 1001 1025 993  
  549 1022 1026 1080 1025 1054 1050  
  550 1022 1080 1064 1050 1073 1042  
  551 1022 1064 992 1042 1027 1005  
  552 967 1022 950 993 987 958  
  553 992 1064 1052 1027 1061 1023  
  554 1022 992 950 1005 972 987  
  555 950 992 929 972 963 941  
  556 929 992 988 963 989 961  
  557 950 929 875 941 901 913  
  558 988 992 1052 989 1023 1021  
  559 988 1052 1048 1021 1049 1018  
  560 929 988 926 961 956 927  
  561 875 929 852 901 891 863  
  562 950 875 887 913 882 920  
  563 887 875 812 882 843 851  
  564 812 875 795 843 836 802  
  565 887 812 832 851 820 860  
  566 1125 1149 1194 1134 1172 1160  
  567 1100 1125 1170 1112 1148 1135  
  568 1080 1100 1151 1091 1127 1117  
  569 967 950 887 958 920 928  
  570 926 988 968 956 979 948  
  571 929 926 852 927 889 891  
  572 1064 1080 1132 1073 1107 1098  
  573 1064 1132 1122 1098 1129 1094  
  574 657 728 637 691 683 646  
  575 637 728 711 683 718 674  
  576 626 729 745 679 735 685  
  577 728 749 812 736 780 772  
  578 272 314 246 292 278 259  
  579 179 210 237 195 222 209  
  580 234 294 281 264 287 258  
  581 455 507 435 482 470 444  
  582 435 507 484 470 494 456  
  583 435 484 416 456 450 422  
  584 416 484 472 450 478 442  
  585 472 484 557 478 520 514  
  586 416 472 401 442 438 409  
  587 557 484 567 520 525 561  
  588 557 567 637 561 602 594  
  589 557 637 614 594 624 583  
  590 614 637 711 624 674 660  
  591 557 614 526 583 569 537  
  592 472 557 526 514 537 496  
  593 472 526 460 496 493 461  
  594 401 472 460 438 461 429  
  595 416 401 341 409 371 378  
  596 341 401 310 371 354 323  
  597 526 614 550 569 580 535  
  598 246 234 193 243 216 220  
  599 246 193 213 220 202 229  
  600 1424 1413 1440 1419 1428 1433  
  601 1440 1413 1447 1428 1430 1443  
  602 413 400 479 407 439 443  
  603 887 909 967 897 934 928  
  604 711 728 795 718 763 754  
  605 294 341 281 315 309 287  
  606 281 341 310 309 323 295  
  607 661 570 639 616 606 649  
  608 360 416 341 385 378 348  
  609 1070 998 1039 1036 1015 1051  
  610 457 515 433 485 475 445  
  611 433 515 492 475 500 459  
  612 433 492 414 459 453 421  
  613 639 555 631 597 592 635  
  614 162 193 144 175 168 151  
  615 809 890 841 849 866 823  
  616 1197 1143 1232 1167 1187 1216  
  617 968 988 1048 979 1018 1010  
  618 968 1048 1062 1010 1055 1014  
  619 797 716 788 760 755 794  
  620 926 968 869 948 917 895  
  621 291 308 245 298 273 267  
  622 51 78 64 63 67 56  
  623 865 788 853 828 824 861  
  624 17 29 32 22 30 24  
  625 1113 1106 1048 1110 1075 1081  
  626 1048 1106 1062 1075 1085 1055  
  627 1450 1440 1459 1445 1452 1456  
  628 1290 1361 1334 1326 1345 1308  
  629 1290 1334 1264 1308 1298 1275  
  630 12 17 6 14 9 7  
  631 1106 1168 1133 1139 1153 1121  
  632 666 626 745 644 685 704  
  633 795 728 812 763 772 802  
  634 853 788 798 824 793 829  
  635 234 281 244 258 263 238  
  636 711 795 782 754 786 746  
  637 865 853 942 861 900 903  
  638 782 795 852 786 821 813  
  639 852 795 875 821 836 863  
  640 711 782 697 746 743 700  
  641 697 782 738 743 762 721  
  642 711 697 614 700 653 660  
  643 193 234 182 216 207 189  
  644 182 234 244 207 238 212  
  645 193 182 144 189 165 168  
  646 144 182 140 165 158 141  
  647 1286 1340 1292 1311 1317 1288  
  648 550 460 526 504 493 535  
  649 899 942 853 921 900 877  
  650 1208 1168 1231 1188 1200 1219  
  651 64 37 51 49 43 56  
  652 769 796 713 781 756 739  
  653 1447 1459 1440 1453 1452 1443  
  654 244 191 182 217 184 212  
  655 1077 1130 1028 1103 1078 1053  
  656 907 825 869 867 846 886  
  657 869 825 782 846 805 827  
  658 907 869 968 886 917 937  
  659 926 869 852 895 855 889  
  660 729 626 634 679 633 682  
  661 1392 1423 1383 1411 1406 1388  
  662 382 310 401 346 354 389  
  663 985 1031 939 1008 986 965  
  664 1062 984 968 1024 977 1014  
  665 18 6 17 11 9 15  
  666 826 862 778 842 819 803  
  667 140 98 108 117 99 122  
  668 1181 1232 1143 1205 1187 1161  
  669 738 642 697 690 671 721  
  670 720 729 634 726 682 677  
  671 460 382 401 420 389 429  
  672 942 985 939 966 965 938  
  673 1133 1062 1106 1096 1085 1121  
  674 37 18 32 26 23 33  
  675 796 826 713 811 773 756  
  676 191 140 182 164 158 184  
  677 1130 1181 1108 1154 1144 1118  
  678 825 738 782 784 762 805  
  679 745 769 666 758 719 704  
  680 1423 1447 1413 1436 1430 1418  
  681 310 244 281 274 263 295  
  682 1031 1077 1028 1057 1053 1029  
  683 984 907 968 947 937 977  
  684 862 798 778 830 787 819  
  685 1278 1208 1231 1243 1219 1254  
  686 98 64 108 79 82 99  
  687 1232 1286 1197 1259 1242 1216  
  688 642 550 614 595 580 628  
  689 788 716 699 755 707 747  
  690 17 32 18 24 23 15  
  691 1413 1383 1423 1400 1406 1418  
  692 782 852 869 813 855 827  
  693 647 666 769 654 719 708  
  694 705 713 826 709 773 770  
  695 614 697 642 653 671 628  
  696 899 853 798 877 829 850  
  END_ELEMENTS  
  COORDINATES  
   1   3.500000e+00 -4.000000e+00   
   2   3.678571e+00 -4.000000e+00   
   3   3.500000e+00 -3.818182e+00   
   4   3.678571e+00 -3.818182e+00   
   5   3.857143e+00 -4.000000e+00   
   6   3.500000e+00 -3.636364e+00   
   7   3.752753e+00 -3.658053e+00   
   8   3.931324e+00 -3.839871e+00   
   9   3.677232e+00 -3.506878e+00   
   10   4.035714e+00 -4.000000e+00   
   11   3.500000e+00 -3.454545e+00   
   12   4.005506e+00 -3.679741e+00   
   13   4.109896e+00 -3.839871e+00   
   14   3.929985e+00 -3.528567e+00   
   15   3.677232e+00 -3.325060e+00   
   16   4.214286e+00 -4.000000e+00   
   17   3.854465e+00 -3.377392e+00   
   18   3.500000e+00 -3.272727e+00   
   19   4.199182e+00 -3.683986e+00   
   20   4.109896e+00 -3.528102e+00   
   21   4.303571e+00 -3.844115e+00   
   22   4.034375e+00 -3.376927e+00   
   23   3.717499e+00 -3.173674e+00   
   24   3.894732e+00 -3.226006e+00   
   25   4.392857e+00 -4.000000e+00   
   26   3.500000e+00 -3.090909e+00   
   27   4.303571e+00 -3.532346e+00   
   28   4.392857e+00 -3.688231e+00   
   29   4.214286e+00 -3.376462e+00   
   30   4.074642e+00 -3.225541e+00   
   31   4.482143e+00 -3.844115e+00   
   32   3.934999e+00 -3.074620e+00   
   33   3.717499e+00 -2.991856e+00   
   34   4.571429e+00 -4.000000e+00   
   35   4.483482e+00 -3.532812e+00   
   36   4.394196e+00 -3.376927e+00   
   37   3.500000e+00 -2.909091e+00   
   38   4.571429e+00 -3.688231e+00   
   39   4.302779e+00 -3.222205e+00   
   40   4.163136e+00 -3.071284e+00   
   41   3.898841e+00 -2.919060e+00   
   42   4.660714e+00 -3.844115e+00   
   43   3.681341e+00 -2.836296e+00   
   44   4.078642e+00 -2.914920e+00   
   45   4.574107e+00 -3.377392e+00   
   46   4.750000e+00 -4.000000e+00   
   47   4.662053e+00 -3.532812e+00   
   48   4.482690e+00 -3.222671e+00   
   49   3.500000e+00 -2.727273e+00   
   50   4.750000e+00 -3.688231e+00   
   51   3.862682e+00 -2.763501e+00   
   52   4.391273e+00 -3.067949e+00   
   53   4.839286e+00 -3.844115e+00   
   54   4.042484e+00 -2.759360e+00   
   55   4.306779e+00 -2.911584e+00   
   56   3.681341e+00 -2.654478e+00   
   57   4.751339e+00 -3.376927e+00   
   58   4.662450e+00 -3.220591e+00   
   59   4.839286e+00 -3.532346e+00   
   60   4.571034e+00 -3.065869e+00   
   61   4.928571e+00 -4.000000e+00   
   62   4.222286e+00 -2.755219e+00   
   63   3.936167e+00 -2.613630e+00   
   64   3.500000e+00 -2.545455e+00   
   65   4.928571e+00 -3.688231e+00   
   66   4.480039e+00 -2.911620e+00   
   67   3.754826e+00 -2.504607e+00   
   68   4.115969e+00 -2.609490e+00   
   69   5.017857e+00 -3.844115e+00   
   70   4.395546e+00 -2.755255e+00   
   71   4.839683e+00 -3.220126e+00   
   72   4.928571e+00 -3.376462e+00   
   73   4.750794e+00 -3.063789e+00   
   74   5.017857e+00 -3.532346e+00   
   75   4.659800e+00 -2.909540e+00   
   76   5.107143e+00 -4.000000e+00   
   77   4.306767e+00 -2.596959e+00   
   78   4.009653e+00 -2.463760e+00   
   79   3.500000e+00 -2.363636e+00   
   80   5.107143e+00 -3.688231e+00   
   81   4.568806e+00 -2.755291e+00   
   82   3.680758e+00 -2.340254e+00   
   83   4.200450e+00 -2.451229e+00   
   84   5.196429e+00 -3.844115e+00   
   85   5.019514e+00 -3.221871e+00   
   86   4.930625e+00 -3.065535e+00   
   87   4.480026e+00 -2.596995e+00   
   88   5.105964e+00 -3.379018e+00   
   89   4.838883e+00 -2.911042e+00   
   90   3.935585e+00 -2.299406e+00   
   91   5.195249e+00 -3.534902e+00   
   92   4.747888e+00 -2.756792e+00   
   93   5.285714e+00 -4.000000e+00   
   94   4.391247e+00 -2.438699e+00   
   95   4.114918e+00 -2.304199e+00   
   96   5.285714e+00 -3.688231e+00   
   97   4.659654e+00 -2.600162e+00   
   98   3.500000e+00 -2.181818e+00   
   99   3.680758e+00 -2.158435e+00   
   100   5.110456e+00 -3.067281e+00   
   101   5.196906e+00 -3.224428e+00   
   102   5.018713e+00 -2.912787e+00   
   103   5.375000e+00 -3.844115e+00   
   104   5.283356e+00 -3.381574e+00   
   105   4.305715e+00 -2.291668e+00   
   106   4.570875e+00 -2.441866e+00   
   107   4.926971e+00 -2.758294e+00   
   108   3.861517e+00 -2.135053e+00   
   109   5.373821e+00 -3.534902e+00   
   110   4.838737e+00 -2.601664e+00   
   111   4.040850e+00 -2.139845e+00   
   112   5.464286e+00 -4.000000e+00   
   113   4.484828e+00 -2.285341e+00   
   114   5.464286e+00 -3.688231e+00   
   115   4.220183e+00 -2.144637e+00   
   116   4.750502e+00 -2.445034e+00   
   117   3.500000e+00 -2.000000e+00   
   118   5.285267e+00 -3.067874e+00   
   119   5.198390e+00 -2.911694e+00   
   120   5.371717e+00 -3.225020e+00   
   121   5.106648e+00 -2.757200e+00   
   122   3.680758e+00 -1.976617e+00   
   123   5.463107e+00 -3.379018e+00   
   124   5.553571e+00 -3.844115e+00   
   125   5.016233e+00 -2.601745e+00   
   126   3.935544e+00 -1.981469e+00   
   127   4.399296e+00 -2.138310e+00   
   128   4.664456e+00 -2.288508e+00   
   129   4.114877e+00 -1.986261e+00   
   130   5.553571e+00 -3.532346e+00   
   131   4.927998e+00 -2.445116e+00   
   132   5.642857e+00 -4.000000e+00   
   133   4.578410e+00 -2.131983e+00   
   134   5.642857e+00 -3.688231e+00   
   135   5.373202e+00 -2.912287e+00   
   136   4.306637e+00 -1.987642e+00   
   137   4.842867e+00 -2.297096e+00   
   138   5.460079e+00 -3.068467e+00   
   139   5.286325e+00 -2.756107e+00   
   140   3.500000e+00 -1.818182e+00   
   141   3.754786e+00 -1.823033e+00   
   142   5.551468e+00 -3.222464e+00   
   143   5.195909e+00 -2.600652e+00   
   144   4.009571e+00 -1.827885e+00   
   145   5.642857e+00 -3.376462e+00   
   146   5.105494e+00 -2.445197e+00   
   147   5.732143e+00 -3.844115e+00   
   148   4.756821e+00 -2.140570e+00   
   149   4.485751e+00 -1.981315e+00   
   150   5.732143e+00 -3.532346e+00   
   151   4.201331e+00 -1.829266e+00   
   152   5.020363e+00 -2.297177e+00   
   153   5.550562e+00 -2.913130e+00   
   154   5.821429e+00 -4.000000e+00   
   155   5.463685e+00 -2.756950e+00   
   156   4.662521e+00 -1.987516e+00   
   157   5.639149e+00 -3.069556e+00   
   158   3.680652e+00 -1.671134e+00   
   159   5.375746e+00 -2.600645e+00   
   160   4.935232e+00 -2.149157e+00   
   161   5.821429e+00 -3.688231e+00   
   162   4.393091e+00 -1.830648e+00   
   163   5.730538e+00 -3.223554e+00   
   164   3.500000e+00 -1.636364e+00   
   165   3.935437e+00 -1.675986e+00   
   166   5.285331e+00 -2.445190e+00   
   167   5.822768e+00 -3.376927e+00   
   168   4.115452e+00 -1.671294e+00   
   169   4.840932e+00 -1.996103e+00   
   170   5.199275e+00 -2.289267e+00   
   171   4.569862e+00 -1.836848e+00   
   172   5.910714e+00 -3.844115e+00   
   173   5.912053e+00 -3.532812e+00   
   174   5.114144e+00 -2.141247e+00   
   175   4.307212e+00 -1.672676e+00   
   176   5.641045e+00 -2.757793e+00   
   177   5.729632e+00 -2.914219e+00   
   178   5.553106e+00 -2.601488e+00   
   179   4.746633e+00 -1.843048e+00   
   180   5.818219e+00 -3.070646e+00   
   181   6.000000e+00 -4.000000e+00   
   182   3.861303e+00 -1.524086e+00   
   183   5.465167e+00 -2.445184e+00   
   184   3.680652e+00 -1.489316e+00   
   185   5.020652e+00 -1.991755e+00   
   186   6.000000e+00 -3.688231e+00   
   187   4.486941e+00 -1.677959e+00   
   188   5.910448e+00 -3.224019e+00   
   189   4.041318e+00 -1.519395e+00   
   190   5.379112e+00 -2.289260e+00   
   191   3.500000e+00 -1.454545e+00   
   192   6.002678e+00 -3.377392e+00   
   193   4.221333e+00 -1.514704e+00   
   194   5.293056e+00 -2.133337e+00   
   195   4.926353e+00 -1.838700e+00   
   196   4.663712e+00 -1.684159e+00   
   197   6.089286e+00 -3.844115e+00   
   198   5.819480e+00 -2.758544e+00   
   199   6.090625e+00 -3.532812e+00   
   200   5.732934e+00 -2.603205e+00   
   201   5.199564e+00 -1.983845e+00   
   202   4.401062e+00 -1.519987e+00   
   203   5.908067e+00 -2.914970e+00   
   204   5.644995e+00 -2.446900e+00   
   205   5.997187e+00 -3.071063e+00   
   206   5.556917e+00 -2.299401e+00   
   207   3.935050e+00 -1.358681e+00   
   208   6.178571e+00 -4.000000e+00   
   209   4.840918e+00 -1.680527e+00   
   210   5.106072e+00 -1.834353e+00   
   211   6.178571e+00 -3.688231e+00   
   212   3.680652e+00 -1.307498e+00   
   213   4.580791e+00 -1.525271e+00   
   214   6.089416e+00 -3.224437e+00   
   215   5.470862e+00 -2.143477e+00   
   216   4.115065e+00 -1.353989e+00   
   217   3.500000e+00 -1.272727e+00   
   218   5.375747e+00 -1.990800e+00   
   219   6.182321e+00 -3.378331e+00   
   220   4.306700e+00 -1.366905e+00   
   221   6.267857e+00 -3.844115e+00   
   222   5.020637e+00 -1.676179e+00   
   223   4.757997e+00 -1.521638e+00   
   224   5.911369e+00 -2.603956e+00   
   225   5.997915e+00 -2.759295e+00   
   226   5.824823e+00 -2.448616e+00   
   227   5.282255e+00 -1.841308e+00   
   228   6.087035e+00 -2.915388e+00   
   229   4.486429e+00 -1.372188e+00   
   230   5.736745e+00 -2.301117e+00   
   231   6.270268e+00 -3.533750e+00   
   232   6.176155e+00 -3.071481e+00   
   233   5.648668e+00 -2.153617e+00   
   234   4.008797e+00 -1.193275e+00   
   235   6.357143e+00 -4.000000e+00   
   236   5.553552e+00 -2.000941e+00   
   237   4.935202e+00 -1.518005e+00   
   238   3.754398e+00 -1.142092e+00   
   239   6.357143e+00 -3.688231e+00   
   240   5.200313e+00 -1.682067e+00   
   241   6.269059e+00 -3.225376e+00   
   242   4.666199e+00 -1.367602e+00   
   243   4.200432e+00 -1.206190e+00   
   244   3.500000e+00 -1.090909e+00   
   245   5.458437e+00 -1.848264e+00   
   246   4.392066e+00 -1.219106e+00   
   247   6.361964e+00 -3.379270e+00   
   248   6.090818e+00 -2.605756e+00   
   249   6.004272e+00 -2.450417e+00   
   250   6.174576e+00 -2.758177e+00   
   251   6.446429e+00 -3.844115e+00   
   252   5.114878e+00 -1.523894e+00   
   253   5.916112e+00 -2.293640e+00   
   254   4.843405e+00 -1.363970e+00   
   255   6.263696e+00 -2.914270e+00   
   256   5.828034e+00 -2.146140e+00   
   257   5.376495e+00 -1.689023e+00   
   258   3.931453e+00 -1.050609e+00   
   259   4.571837e+00 -1.214520e+00   
   260   6.448839e+00 -3.533750e+00   
   261   5.733345e+00 -1.995320e+00   
   262   6.355897e+00 -3.068794e+00   
   263   3.677055e+00 -9.994256e-01   
   264   4.116383e+00 -1.048089e+00   
   265   5.019438e+00 -1.371924e+00   
   266   6.535714e+00 -4.000000e+00   
   267   5.638230e+00 -1.842644e+00   
   268   4.308018e+00 -1.061004e+00   
   269   6.448802e+00 -3.222688e+00   
   270   6.535714e+00 -3.688231e+00   
   271   5.294554e+00 -1.529782e+00   
   272   4.751607e+00 -1.209934e+00   
   273   5.547536e+00 -1.687300e+00   
   274   3.500000e+00 -9.090909e-01   
   275   6.183721e+00 -2.452218e+00   
   276   6.267479e+00 -2.604639e+00   
   277   6.538125e+00 -3.377866e+00   
   278   4.487256e+00 -1.055896e+00   
   279   6.095561e+00 -2.295441e+00   
   280   6.351236e+00 -2.757060e+00   
   281   3.854110e+00 -9.079422e-01   
   282   6.007400e+00 -2.138664e+00   
   283   5.199114e+00 -1.377812e+00   
   284   4.927640e+00 -1.217889e+00   
   285   6.625000e+00 -3.844115e+00   
   286   6.443438e+00 -2.911583e+00   
   287   4.039039e+00 -9.054222e-01   
   288   5.912711e+00 -1.987843e+00   
   289   5.465594e+00 -1.528059e+00   
   290   6.625000e+00 -3.532346e+00   
   291   5.818023e+00 -1.837023e+00   
   292   4.667026e+00 -1.051310e+00   
   293   6.535640e+00 -3.066106e+00   
   294   4.223969e+00 -9.029023e-01   
   295   3.677055e+00 -8.176074e-01   
   296   5.103673e+00 -1.225843e+00   
   297   6.714286e+00 -4.000000e+00   
   298   5.727328e+00 -1.681680e+00   
   299   6.624963e+00 -3.221284e+00   
   300   6.714286e+00 -3.688231e+00   
   301   5.378504e+00 -1.373044e+00   
   302   4.403207e+00 -8.977937e-01   
   303   4.846660e+00 -1.058186e+00   
   304   6.362216e+00 -2.453355e+00   
   305   6.273962e+00 -2.296905e+00   
   306   6.445974e+00 -2.605776e+00   
   307   6.185802e+00 -2.140128e+00   
   308   5.636634e+00 -1.526336e+00   
   309   3.933979e+00 -7.596096e-01   
   310   3.500000e+00 -7.272727e-01   
   311   6.530722e+00 -2.764153e+00   
   312   6.714286e+00 -3.376462e+00   
   313   6.090792e+00 -1.988010e+00   
   314   4.582445e+00 -8.926852e-01   
   315   4.118909e+00 -7.570897e-01   
   316   5.283064e+00 -1.221074e+00   
   317   5.996103e+00 -1.837190e+00   
   318   6.622924e+00 -2.918676e+00   
   319   5.022693e+00 -1.066140e+00   
   320   6.803571e+00 -3.844115e+00   
   321   5.549544e+00 -1.371321e+00   
   322   6.803571e+00 -3.532346e+00   
   323   3.756924e+00 -6.692749e-01   
   324   5.907208e+00 -1.681222e+00   
   325   4.762079e+00 -8.995612e-01   
   326   6.715403e+00 -3.065929e+00   
   327   4.311269e+00 -7.462781e-01   
   328   5.191221e+00 -1.066753e+00   
   329   5.816514e+00 -1.525879e+00   
   330   6.892857e+00 -4.000000e+00   
   331   6.804726e+00 -3.221106e+00   
   332   5.462454e+00 -1.216306e+00   
   333   4.490507e+00 -7.411695e-01   
   334   6.892857e+00 -3.688231e+00   
   335   6.452457e+00 -2.298043e+00   
   336   6.540711e+00 -2.454493e+00   
   337   4.941713e+00 -9.064372e-01   
   338   6.364203e+00 -2.141592e+00   
   339   6.625460e+00 -2.612870e+00   
   340   6.269193e+00 -1.989474e+00   
   341   4.013849e+00 -6.112771e-01   
   342   6.710208e+00 -2.771246e+00   
   343   6.174183e+00 -1.837356e+00   
   344   5.722747e+00 -1.372584e+00   
   345   6.894196e+00 -3.376927e+00   
   346   3.500000e+00 -5.454545e-01   
   347   4.667634e+00 -7.471467e-01   
   348   4.206209e+00 -6.004655e-01   
   349   6.085289e+00 -1.681388e+00   
   350   6.802687e+00 -2.918499e+00   
   351   5.370611e+00 -1.061985e+00   
   352   6.982143e+00 -3.844115e+00   
   353   5.110241e+00 -9.070505e-01   
   354   3.684753e+00 -5.060477e-01   
   355   5.635656e+00 -1.217569e+00   
   356   4.847268e+00 -7.540227e-01   
   357   6.983482e+00 -3.532812e+00   
   358   5.996394e+00 -1.525421e+00   
   359   6.895165e+00 -3.065751e+00   
   360   4.398569e+00 -5.896539e-01   
   361   6.621774e+00 -2.297650e+00   
   362   6.533520e+00 -2.141200e+00   
   363   6.706480e+00 -2.452556e+00   
   364   5.902627e+00 -1.372126e+00   
   365   5.278769e+00 -9.076638e-01   
   366   4.575696e+00 -5.956311e-01   
   367   6.984636e+00 -3.221572e+00   
   368   6.448500e+00 -1.985512e+00   
   369   7.071429e+00 -4.000000e+00   
   370   6.791228e+00 -2.610933e+00   
   371   3.941678e+00 -4.480499e-01   
   372   6.353491e+00 -1.833394e+00   
   373   5.550192e+00 -1.061057e+00   
   374   7.071429e+00 -3.688231e+00   
   375   5.026545e+00 -7.508603e-01   
   376   6.260393e+00 -1.679529e+00   
   377   6.888457e+00 -2.761966e+00   
   378   4.120275e+00 -4.424984e-01   
   379   5.808859e+00 -1.218832e+00   
   380   4.752822e+00 -6.016083e-01   
   381   7.074107e+00 -3.377392e+00   
   382   3.500000e+00 -3.636364e-01   
   383   6.171499e+00 -1.523561e+00   
   384   6.980936e+00 -2.909219e+00   
   385   4.312636e+00 -4.316868e-01   
   386   5.458349e+00 -9.067359e-01   
   387   7.160714e+00 -3.844115e+00   
   388   5.195072e+00 -7.514736e-01   
   389   3.684753e+00 -3.242295e-01   
   390   5.723394e+00 -1.062320e+00   
   391   6.082291e+00 -1.368615e+00   
   392   4.932099e+00 -5.984458e-01   
   393   7.162053e+00 -3.532812e+00   
   394   7.075272e+00 -3.066159e+00   
   395   4.492389e+00 -4.368466e-01   
   396   6.787543e+00 -2.295713e+00   
   397   6.702837e+00 -2.140808e+00   
   398   6.872248e+00 -2.450619e+00   
   399   6.617818e+00 -1.985120e+00   
   400   6.532798e+00 -1.829432e+00   
   401   3.869507e+00 -2.848226e-01   
   402   5.988523e+00 -1.215321e+00   
   403   6.969477e+00 -2.601653e+00   
   404   4.669516e+00 -4.428238e-01   
   405   7.164743e+00 -3.221979e+00   
   406   5.374321e+00 -7.559407e-01   
   407   6.439701e+00 -1.675566e+00   
   408   7.250000e+00 -4.000000e+00   
   409   4.048105e+00 -2.792712e-01   
   410   5.637930e+00 -9.058080e-01   
   411   7.250000e+00 -3.688231e+00   
   412   5.111376e+00 -5.952834e-01   
   413   6.346603e+00 -1.521701e+00   
   414   7.066706e+00 -2.752687e+00   
   415   5.902942e+00 -1.065867e+00   
   416   4.226702e+00 -2.737198e-01   
   417   4.849209e+00 -4.497937e-01   
   418   7.253749e+00 -3.378331e+00   
   419   6.257395e+00 -1.366755e+00   
   420   3.500000e+00 -1.818182e-01   
   421   7.161042e+00 -2.909626e+00   
   422   4.406456e+00 -2.788795e-01   
   423   5.553902e+00 -7.550129e-01   
   424   7.339286e+00 -3.844115e+00   
   425   5.290625e+00 -5.997506e-01   
   426   6.881962e+00 -2.143471e+00   
   427   6.168187e+00 -1.211809e+00   
   428   6.966667e+00 -2.298377e+00   
   429   3.684753e+00 -1.424113e-01   
   430   6.797141e+00 -1.988251e+00   
   431   5.817478e+00 -9.093547e-01   
   432   5.028486e+00 -4.466312e-01   
   433   7.255378e+00 -3.066566e+00   
   434   7.341696e+00 -3.533750e+00   
   435   4.586210e+00 -2.840393e-01   
   436   7.051933e+00 -2.456658e+00   
   437   6.712122e+00 -1.832563e+00   
   438   3.946046e+00 -1.408329e-01   
   439   6.625181e+00 -1.675137e+00   
   440   7.149162e+00 -2.607692e+00   
   441   6.082607e+00 -1.062355e+00   
   442   4.124644e+00 -1.352815e-01   
   443   6.532084e+00 -1.521271e+00   
   444   4.765903e+00 -2.910092e-01   
   445   7.344385e+00 -3.222918e+00   
   446   5.469873e+00 -6.042177e-01   
   447   7.428571e+00 -4.000000e+00   
   448   5.732086e+00 -7.545315e-01   
   449   7.428571e+00 -3.688231e+00   
   450   4.310555e+00 -1.402419e-01   
   451   6.437094e+00 -1.366449e+00   
   452   5.204884e+00 -4.416808e-01   
   453   7.250599e+00 -2.754599e+00   
   454   5.997026e+00 -9.129014e-01   
   455   4.945596e+00 -2.979790e-01   
   456   4.490309e+00 -1.454017e-01   
   457   7.433392e+00 -3.379270e+00   
   458   6.347886e+00 -1.211504e+00   
   459   7.344935e+00 -2.911539e+00   
   460   3.500000e+00  2.220446e-15   
   461   3.761293e+00  1.578394e-03   
   462   7.061086e+00 -2.146134e+00   
   463   6.976266e+00 -1.990915e+00   
   464   5.648058e+00 -6.037364e-01   
   465   7.517857e+00 -3.844115e+00   
   466   7.146352e+00 -2.304415e+00   
   467   5.384133e+00 -4.461480e-01   
   468   6.891445e+00 -1.835695e+00   
   469   6.262332e+00 -1.067602e+00   
   470   4.670055e+00 -1.389093e-01   
   471   7.231618e+00 -2.462696e+00   
   472   4.022586e+00  3.156787e-03   
   473   6.804505e+00 -1.678268e+00   
   474   5.911634e+00 -7.580782e-01   
   475   7.434762e+00 -3.067450e+00   
   476   5.121994e+00 -2.930286e-01   
   477   7.520268e+00 -3.533750e+00   
   478   4.208496e+00 -1.803665e-03   
   479   6.717565e+00 -1.520842e+00   
   480   7.333055e+00 -2.609604e+00   
   481   6.176752e+00 -9.181484e-01   
   482   4.849748e+00 -1.458791e-01   
   483   6.622575e+00 -1.366020e+00   
   484   4.394407e+00 -6.764117e-03   
   485   7.523769e+00 -3.223802e+00   
   486   5.558545e+00 -4.480931e-01   
   487   7.607143e+00 -4.000000e+00   
   488   6.527584e+00 -1.211198e+00   
   489   5.826243e+00 -6.032551e-01   
   490   7.607143e+00 -3.688231e+00   
   491   5.298392e+00 -2.880782e-01   
   492   7.434492e+00 -2.756511e+00   
   493   3.671016e+00  1.280647e-01   
   494   4.574153e+00 -2.716605e-04   
   495   6.090829e+00 -7.602045e-01   
   496   3.932309e+00  1.296431e-01   
   497   5.029422e+00 -1.396806e-01   
   498   6.442031e+00 -1.067297e+00   
   499   7.612703e+00 -3.380099e+00   
   500   7.524318e+00 -2.912422e+00   
   501   7.155469e+00 -1.993773e+00   
   502   7.240796e+00 -2.152045e+00   
   503   7.070648e+00 -1.838554e+00   
   504   3.500000e+00  1.818182e-01   
   505   7.326062e+00 -2.310326e+00   
   506   6.983533e+00 -1.681259e+00   
   507   4.753899e+00  6.220796e-03   
   508   5.736729e+00 -4.476118e-01   
   509   6.356477e+00 -9.233954e-01   
   510   7.696429e+00 -3.844115e+00   
   511   5.472804e+00 -2.900233e-01   
   512   6.896593e+00 -1.523833e+00   
   513   7.410613e+00 -2.447578e+00   
   514   4.135977e+00  1.615026e-01   
   515   7.614145e+00 -3.068333e+00   
   516   6.005438e+00 -6.053813e-01   
   517   6.801756e+00 -1.370576e+00   
   518   5.205820e+00 -1.347302e-01   
   519   7.699578e+00 -3.534580e+00   
   520   4.321888e+00  1.565421e-01   
   521   6.706765e+00 -1.215754e+00   
   522   7.512050e+00 -2.594485e+00   
   523   6.270555e+00 -7.654515e-01   
   524   4.933574e+00  1.241932e-02   
   525   4.479076e+00  1.519240e-01   
   526   3.842032e+00  2.561293e-01   
   527   7.703079e+00 -3.224631e+00   
   528   5.647216e+00 -2.919684e-01   
   529   7.785714e+00 -4.000000e+00   
   530   6.618800e+00 -1.059585e+00   
   531   5.917690e+00 -4.484446e-01   
   532   7.614428e+00 -2.756896e+00   
   533   5.385559e+00 -1.308421e-01   
   534   7.801724e+00 -3.684753e+00   
   535   3.671016e+00  3.098828e-01   
   536   4.658822e+00  1.584164e-01   
   537   4.045700e+00  2.879888e-01   
   538   7.335178e+00 -1.999684e+00   
   539   6.533246e+00 -9.156837e-01   
   540   6.184633e+00 -6.075076e-01   
   541   7.249851e+00 -1.841413e+00   
   542   5.113248e+00  1.861784e-02   
   543   7.420505e+00 -2.157955e+00   
   544   7.162736e+00 -1.684118e+00   
   545   7.792013e+00 -3.380929e+00   
   546   7.704254e+00 -2.912807e+00   
   547   7.075621e+00 -1.526824e+00   
   548   7.505057e+00 -2.295207e+00   
   549   6.980784e+00 -1.373567e+00   
   550   3.500000e+00  3.636364e-01   
   551   6.438068e+00 -7.638031e-01   
   552   4.838222e+00  1.627521e-01   
   553   5.828176e+00 -2.928013e-01   
   554   7.589608e+00 -2.432459e+00   
   555   6.885947e+00 -1.220310e+00   
   556   5.559971e+00 -1.327872e-01   
   557   4.249369e+00  3.198484e-01   
   558   7.891009e+00 -3.840637e+00   
   559   6.096885e+00 -4.505709e-01   
   560   5.292987e+00  2.250588e-02   
   561   4.406557e+00  3.152302e-01   
   562   6.797981e+00 -1.064141e+00   
   563   7.894159e+00 -3.531102e+00   
   564   7.691986e+00 -2.594869e+00   
   565   6.352146e+00 -6.058592e-01   
   566   5.017897e+00  1.689506e-01   
   567   4.563746e+00  3.106120e-01   
   568   7.843133e+00 -3.072014e+00   
   569   3.890119e+00  4.250672e-01   
   570   6.710015e+00 -9.079721e-01   
   571   5.734014e+00 -1.401116e-01   
   572   7.964286e+00 -4.000000e+00   
   573   7.411010e+00 -1.837669e+00   
   574   7.794364e+00 -2.757280e+00   
   575   7.496337e+00 -1.995940e+00   
   576   7.326811e+00 -1.683698e+00   
   577   6.009137e+00 -2.936341e-01   
   578   5.472726e+00  2.639392e-02   
   579   7.239696e+00 -1.526404e+00   
   580   3.719103e+00  4.788207e-01   
   581   4.743145e+00  3.149477e-01   
   582   7.595503e+00 -2.144820e+00   
   583   4.093787e+00  4.569267e-01   
   584   6.614837e+00 -7.560915e-01   
   585   7.932067e+00 -3.228312e+00   
   586   6.266856e+00 -4.508064e-01   
   587   5.195918e+00  1.693921e-01   
   588   7.996305e+00 -3.681275e+00   
   589   7.165671e+00 -1.372847e+00   
   590   7.971057e+00 -3.381527e+00   
   591   7.680055e+00 -2.282072e+00   
   592   7.070833e+00 -1.219589e+00   
   593   6.519658e+00 -6.042109e-01   
   594   4.315730e+00  4.705373e-01   
   595   3.500000e+00  5.454545e-01   
   596   4.922545e+00  3.192833e-01   
   597   6.977784e+00 -1.065722e+00   
   598   5.914975e+00 -1.409444e-01   
   599   5.646770e+00  1.906961e-02   
   600   7.789691e+00 -2.446185e+00   
   601   7.933243e+00 -2.916487e+00   
   602   4.472919e+00  4.659191e-01   
   603   8.069581e+00 -3.840637e+00   
   604   6.179107e+00 -2.938697e-01   
   605   5.375657e+00  1.732802e-01   
   606   6.889818e+00 -9.095526e-01   
   607   8.073203e+00 -3.531700e+00   
   608   6.434368e+00 -4.491580e-01   
   609   5.100567e+00  3.197249e-01   
   610   7.892069e+00 -2.608596e+00   
   611   7.572168e+00 -1.833925e+00   
   612   4.652833e+00  4.666334e-01   
   613   7.487969e+00 -1.679955e+00   
   614   3.938206e+00  5.940051e-01   
   615   7.403770e+00 -1.525984e+00   
   616   6.794517e+00 -7.492549e-01   
   617   7.671335e+00 -1.982805e+00   
   618   5.820813e+00  1.174530e-02   
   619   8.142857e+00 -4.000000e+00   
   620   7.974297e+00 -2.758329e+00   
   621   7.329745e+00 -1.372427e+00   
   622   5.551685e+00  1.697729e-01   
   623   6.094338e+00 -1.378675e-01   
   624   4.160149e+00  6.076157e-01   
   625   7.770501e+00 -2.131685e+00   
   626   8.072122e+00 -3.075695e+00   
   627   4.832233e+00  4.709690e-01   
   628   3.719103e+00  6.606389e-01   
   629   6.699338e+00 -5.973742e-01   
   630   5.278588e+00  3.201664e-01   
   631   7.255720e+00 -1.218869e+00   
   632   6.349078e+00 -2.941052e-01   
   633   8.111111e+00 -3.228910e+00   
   634   8.150101e+00 -3.382125e+00   
   635   7.162671e+00 -1.065001e+00   
   636   7.880137e+00 -2.295799e+00   
   637   4.382092e+00  6.212262e-01   
   638   5.725728e+00  1.624486e-01   
   639   7.069621e+00 -9.111332e-01   
   640   6.613597e+00 -4.515533e-01   
   641   5.011169e+00  4.753882e-01   
   642   3.500000e+00  7.272727e-01   
   643   6.000176e+00  1.482224e-02   
   644   8.113176e+00 -2.917537e+00   
   645   5.454616e+00  3.166591e-01   
   646   4.562006e+00  6.219404e-01   
   647   7.989774e+00 -2.459912e+00   
   648   6.264309e+00 -1.381030e-01   
   649   6.974320e+00 -7.508354e-01   
   650   8.248152e+00 -3.658819e+00   
   651   7.666838e+00 -1.682147e+00   
   652   7.582639e+00 -1.528176e+00   
   653   3.889218e+00  7.620793e-01   
   654   8.072002e+00 -2.609645e+00   
   655   5.189191e+00  4.758297e-01   
   656   6.528307e+00 -2.965004e-01   
   657   4.741921e+00  6.226547e-01   
   658   7.507177e+00 -1.381513e+00   
   659   7.773770e+00 -1.834583e+00   
   660   4.069214e+00  7.627526e-01   
   661   6.879018e+00 -5.905376e-01   
   662   5.903920e+00  1.630853e-01   
   663   5.630643e+00  3.131518e-01   
   664   7.433152e+00 -1.227956e+00   
   665   7.872936e+00 -1.983462e+00   
   666   8.154230e+00 -2.759379e+00   
   667   8.321429e+00 -4.000000e+00   
   668   8.321429e+00 -3.818182e+00   
   669   7.950221e+00 -2.132451e+00   
   670   6.179539e+00  1.789919e-02   
   671   3.670115e+00  8.287131e-01   
   672   7.341887e+00 -1.061044e+00   
   673   4.920857e+00  6.270739e-01   
   674   4.291157e+00  7.763631e-01   
   675   6.793278e+00 -4.447167e-01   
   676   5.369707e+00  4.742664e-01   
   677   8.325050e+00 -3.509244e+00   
   678   6.443663e+00 -1.416770e-01   
   679   8.286061e+00 -3.174211e+00   
   680   7.248837e+00 -9.071759e-01   
   681   8.059857e+00 -2.296564e+00   
   682   8.325050e+00 -3.327426e+00   
   683   4.470980e+00  7.769357e-01   
   684   7.153606e+00 -7.553044e-01   
   685   8.286061e+00 -2.992393e+00   
   686   5.808835e+00  3.137886e-01   
   687   6.707537e+00 -2.988957e-01   
   688   5.099793e+00  6.314931e-01   
   689   6.083283e+00  1.661622e-01   
   690   3.500000e+00  9.090909e-01   
   691   4.650894e+00  7.776500e-01   
   692   5.545735e+00  4.707591e-01   
   693   7.058304e+00 -5.950066e-01   
   694   7.761509e+00 -1.530369e+00   
   695   6.358893e+00  1.432521e-02   
   696   7.686047e+00 -1.383706e+00   
   697   3.840230e+00  9.301534e-01   
   698   7.868440e+00 -1.682804e+00   
   699   7.610585e+00 -1.237043e+00   
   700   4.020226e+00  9.308267e-01   
   701   4.830642e+00  7.781097e-01   
   702   5.280310e+00  6.299297e-01   
   703   6.622892e+00 -1.440723e-01   
   704   8.327115e+00 -2.834235e+00   
   705   7.975372e+00 -1.835240e+00   
   706   6.970525e+00 -4.386154e-01   
   707   7.519319e+00 -1.070131e+00   
   708   8.244887e+00 -2.502683e+00   
   709   8.052656e+00 -1.984228e+00   
   710   5.987026e+00  3.144253e-01   
   711   4.200222e+00  9.315000e-01   
   712   5.719182e+00  4.693538e-01   
   713   8.129941e+00 -2.133216e+00   
   714   6.260037e+00  1.638760e-01   
   715   8.500000e+00 -4.000000e+00   
   716   7.428053e+00 -9.032187e-01   
   717   8.500000e+00 -3.818182e+00   
   718   4.380045e+00  9.320726e-01   
   719   8.327115e+00 -2.652417e+00   
   720   8.500000e+00 -3.636364e+00   
   721   3.670115e+00  1.010531e+00   
   722   5.009578e+00  7.825289e-01   
   723   6.884784e+00 -2.927945e-01   
   724   7.332822e+00 -7.513472e-01   
   725   5.460826e+00  6.283664e-01   
   726   8.500000e+00 -3.454545e+00   
   727   6.538247e+00  1.075122e-02   
   728   4.559868e+00  9.326453e-01   
   729   8.500000e+00 -3.272727e+00   
   730   7.237590e+00 -5.994757e-01   
   731   6.163780e+00  3.121390e-01   
   732   5.897373e+00  4.699905e-01   
   733   6.790798e+00 -1.400528e-01   
   734   5.188700e+00  7.844063e-01   
   735   8.500000e+00 -3.090909e+00   
   736   4.739615e+00  9.331050e-01   
   737   7.960630e+00 -1.552374e+00   
   738   3.500000e+00  1.090909e+00   
   739   8.314970e+00 -2.339335e+00   
   740   6.439391e+00  1.603020e-01   
   741   5.634273e+00  6.269611e-01   
   742   7.149811e+00 -4.430845e-01   
   743   3.929653e+00  1.086366e+00   
   744   8.067562e+00 -1.704810e+00   
   745   8.500000e+00 -2.909091e+00   
   746   4.109649e+00  1.087040e+00   
   747   7.701165e+00 -1.062599e+00   
   748   7.911695e+00 -1.381967e+00   
   749   4.919363e+00  9.335648e-01   
   750   5.369216e+00  7.828430e-01   
   751   6.706153e+00  1.477067e-02   
   752   7.836233e+00 -1.235304e+00   
   753   7.062031e+00 -2.866932e-01   
   754   4.289637e+00  1.087670e+00   
   755   7.609899e+00 -8.956870e-01   
   756   8.314970e+00 -2.157517e+00   
   757   6.077419e+00  4.691537e-01   
   758   8.500000e+00 -2.727273e+00   
   759   6.340535e+00  3.098528e-01   
   760   7.512505e+00 -7.444694e-01   
   761   5.807721e+00  6.255557e-01   
   762   3.759538e+00  1.166744e+00   
   763   4.469460e+00  1.088243e+00   
   764   5.098485e+00  9.354421e-01   
   765   7.417274e+00 -5.925979e-01   
   766   6.968045e+00 -1.339516e-01   
   767   5.548813e+00  7.835432e-01   
   768   6.618470e+00  1.686009e-01   
   769   8.500000e+00 -2.545455e+00   
   770   8.237686e+00 -1.826711e+00   
   771   7.320578e+00 -4.511891e-01   
   772   4.650401e+00  1.089191e+00   
   773   8.314970e+00 -1.975699e+00   
   774   6.874059e+00  1.879012e-02   
   775   5.277607e+00  9.373195e-01   
   776   6.254174e+00  4.668674e-01   
   777   5.987767e+00  6.247189e-01   
   778   8.159752e+00 -1.574380e+00   
   779   7.232798e+00 -2.947979e-01   
   780   4.830148e+00  1.089651e+00   
   781   8.500000e+00 -2.363636e+00   
   782   4.019076e+00  1.242579e+00   
   783   6.519613e+00  3.181517e-01   
   784   3.500000e+00  1.272727e+00   
   785   5.722260e+00  7.821378e-01   
   786   4.199064e+00  1.243210e+00   
   787   8.110816e+00 -1.403972e+00   
   788   7.791745e+00 -8.881554e-01   
   789   5.009925e+00  1.088118e+00   
   790   6.786375e+00  1.726203e-01   
   791   5.457203e+00  9.380198e-01   
   792   7.147844e+00 -1.365361e-01   
   793   7.926813e+00 -1.060860e+00   
   794   7.694351e+00 -7.369377e-01   
   795   4.379052e+00  1.243840e+00   
   796   8.500000e+00 -2.181818e+00   
   797   7.596957e+00 -5.857201e-01   
   798   8.061881e+00 -1.233564e+00   
   799   6.167813e+00  6.238821e-01   
   800   5.890286e+00  7.752231e-01   
   801   6.422858e+00  4.697197e-01   
   802   4.559993e+00  1.244788e+00   
   803   8.329876e+00 -1.696281e+00   
   804   7.500261e+00 -4.443113e-01   
   805   3.759538e+00  1.348562e+00   
   806   7.053858e+00  1.620556e-02   
   807   5.189047e+00  1.089995e+00   
   808   7.403565e+00 -3.029025e-01   
   809   6.698692e+00  3.264505e-01   
   810   5.636799e+00  9.387200e-01   
   811   8.500000e+00 -2.000000e+00   
   812   4.740934e+00  1.245737e+00   
   813   4.147434e+00  1.377851e+00   
   814   6.070332e+00  7.743863e-01   
   815   6.965646e+00  1.728999e-01   
   816   5.368375e+00  1.093751e+00   
   817   7.318611e+00 -1.446407e-01   
   818   6.336497e+00  6.267343e-01   
   819   8.329876e+00 -1.514463e+00   
   820   4.920711e+00  1.244204e+00   
   821   4.327422e+00  1.378481e+00   
   822   5.804826e+00  9.318053e-01   
   823   6.601936e+00  4.780185e-01   
   824   7.976780e+00 -8.948506e-01   
   825   3.500000e+00  1.454545e+00   
   826   8.500000e+00 -1.818182e+00   
   827   3.915423e+00  1.439472e+00   
   828   7.873597e+00 -7.279915e-01   
   829   8.111848e+00 -1.067555e+00   
   830   8.280940e+00 -1.344055e+00   
   831   7.776203e+00 -5.767738e-01   
   832   5.100487e+00  1.242671e+00   
   833   7.233657e+00  1.362100e-02   
   834   6.877962e+00  3.267301e-01   
   835   5.547972e+00  1.094451e+00   
   836   4.505059e+00  1.403234e+00   
   837   7.677286e+00 -4.270256e-01   
   838   5.972852e+00  9.248906e-01   
   839   6.249519e+00  7.811705e-01   
   840   7.580590e+00 -2.856168e-01   
   841   6.505181e+00  6.295866e-01   
   842   8.500000e+00 -1.636364e+00   
   843   4.686000e+00  1.404182e+00   
   844   7.145445e+00  1.703153e-01   
   845   5.279816e+00  1.246427e+00   
   846   3.655885e+00  1.545455e+00   
   847   7.497026e+00 -1.495112e-01   
   848   5.727222e+00  1.091015e+00   
   849   6.788084e+00  4.824747e-01   
   850   8.280940e+00 -1.162237e+00   
   851   4.829208e+00  1.399028e+00   
   852   4.275792e+00  1.513122e+00   
   853   8.161815e+00 -9.015458e-01   
   854   6.152039e+00  9.316747e-01   
   855   4.043780e+00  1.574743e+00   
   856   7.412072e+00  8.750559e-03   
   857   7.057233e+00  3.270096e-01   
   858   5.459144e+00  1.250182e+00   
   859   6.418203e+00  7.840227e-01   
   860   5.008985e+00  1.397495e+00   
   861   8.058632e+00 -7.346867e-01   
   862   8.500000e+00 -1.454545e+00   
   863   4.453429e+00  1.537875e+00   
   864   5.895249e+00  1.084101e+00   
   865   7.955449e+00 -5.678276e-01   
   866   6.691328e+00  6.340427e-01   
   867   3.500000e+00  1.636364e+00   
   868   7.856532e+00 -4.180793e-01   
   869   3.811769e+00  1.636364e+00   
   870   7.322435e+00  1.630904e-01   
   871   5.188822e+00  1.398779e+00   
   872   7.757615e+00 -2.683311e-01   
   873   5.638395e+00  1.246747e+00   
   874   6.967355e+00  4.827542e-01   
   875   4.631066e+00  1.562628e+00   
   876   6.074175e+00  1.072797e+00   
   877   8.330907e+00 -9.962275e-01   
   878   7.674051e+00 -1.322255e-01   
   879   6.331226e+00  9.384589e-01   
   880   8.500000e+00 -1.272727e+00   
   881   6.597517e+00  7.833003e-01   
   882   4.774274e+00  1.557473e+00   
   883   7.234223e+00  3.197847e-01   
   884   5.368151e+00  1.402534e+00   
   885   7.590488e+00  3.880122e-03   
   886   3.655885e+00  1.727273e+00   
   887   4.917482e+00  1.552319e+00   
   888   5.817645e+00  1.243311e+00   
   889   4.203436e+00  1.690553e+00   
   890   6.877476e+00  6.384988e-01   
   891   4.345254e+00  1.678478e+00   
   892   7.143117e+00  4.716971e-01   
   893   7.500850e+00  1.582200e-01   
   894   5.545493e+00  1.396154e+00   
   895   3.971425e+00  1.752174e+00   
   896   6.253362e+00  1.079581e+00   
   897   5.097320e+00  1.553603e+00   
   898   6.510539e+00  9.377365e-01   
   899   8.500000e+00 -1.090909e+00   
   900   8.330907e+00 -8.144093e-01   
   901   4.522892e+00  1.703231e+00   
   902   8.073792e+00 -4.419279e-01   
   903   8.227725e+00 -6.475501e-01   
   904   5.996572e+00  1.232007e+00   
   905   6.783665e+00  7.877565e-01   
   906   7.974875e+00 -2.921797e-01   
   907   3.500000e+00  1.818182e+00   
   908   7.411213e+00  3.125599e-01   
   909   5.277157e+00  1.554887e+00   
   910   5.724743e+00  1.392719e+00   
   911   7.053239e+00  6.274417e-01   
   912   7.879104e+00 -1.276435e-01   
   913   4.690142e+00  1.729903e+00   
   914   6.175498e+00  1.220703e+00   
   915   6.428782e+00  1.084327e+00   
   916   7.795540e+00  8.462078e-03   
   917   3.813995e+00  1.867317e+00   
   918   7.320107e+00  4.644722e-01   
   919   6.689853e+00  9.370141e-01   
   920   4.833350e+00  1.724749e+00   
   921   8.500000e+00 -9.090909e-01   
   922   5.454500e+00  1.548507e+00   
   923   5.900457e+00  1.383867e+00   
   924   7.680468e+00  1.593387e-01   
   925   6.962690e+00  7.784899e-01   
   926   4.131081e+00  1.867984e+00   
   927   4.272899e+00  1.855909e+00   
   928   5.011842e+00  1.711832e+00   
   929   4.414717e+00  1.843834e+00   
   930   7.229001e+00  6.163845e-01   
   931   5.631842e+00  1.542127e+00   
   932   7.590831e+00  3.136786e-01   
   933   6.350918e+00  1.225448e+00   
   934   5.191679e+00  1.713116e+00   
   935   6.608095e+00  1.083604e+00   
   936   6.079383e+00  1.372563e+00   
   937   3.658110e+00  1.958226e+00   
   938   8.346067e+00 -5.216505e-01   
   939   8.192134e+00 -3.160283e-01   
   940   6.868878e+00  9.277475e-01   
   941   4.581967e+00  1.870506e+00   
   942   8.500000e+00 -7.272727e-01   
   943   8.096364e+00 -1.514921e-01   
   944   5.807555e+00  1.533275e+00   
   945   7.499346e+00  4.686911e-01   
   946   7.138452e+00  7.674327e-01   
   947   3.500000e+00  2.000000e+00   
   948   3.973651e+00  1.983127e+00   
   949   5.371433e+00  1.707480e+00   
   950   4.749217e+00  1.897178e+00   
   951   8.000593e+00  1.304403e-02   
   952   6.526338e+00  1.230194e+00   
   953   6.258992e+00  1.378903e+00   
   954   7.885521e+00  1.639207e-01   
   955   7.408240e+00  6.206034e-01   
   956   4.193536e+00  2.014567e+00   
   957   6.785116e+00  1.086240e+00   
   958   4.927709e+00  1.884262e+00   
   959   5.983268e+00  1.524423e+00   
   960   5.548775e+00  1.701100e+00   
   961   4.335354e+00  2.002492e+00   
   962   7.047903e+00  9.184810e-01   
   963   4.511649e+00  1.982716e+00   
   964   7.770449e+00  3.147973e-01   
   965   8.346067e+00 -3.398323e-01   
   966   8.500000e+00 -5.454545e-01   
   967   5.106201e+00  1.871346e+00   
   968   3.816221e+00  2.098270e+00   
   969   7.317428e+00  7.720586e-01   
   970   5.727541e+00  1.693388e+00   
   971   7.678964e+00  4.698098e-01   
   972   4.678899e+00  2.009388e+00   
   973   6.434412e+00  1.383649e+00   
   974   5.285955e+00  1.865710e+00   
   975   6.703358e+00  1.232830e+00   
   976   6.162877e+00  1.530763e+00   
   977   3.658110e+00  2.140044e+00   
   978   6.964141e+00  1.076973e+00   
   979   4.036106e+00  2.129710e+00   
   980   5.903254e+00  1.684536e+00   
   981   7.587479e+00  6.248223e-01   
   982   7.226879e+00  9.231068e-01   
   983   5.465708e+00  1.860074e+00   
   984   3.500000e+00  2.181818e+00   
   985   8.500000e+00 -3.636364e-01   
   986   8.346067e+00 -1.580142e-01   
   987   4.852640e+00  2.043226e+00   
   988   4.255991e+00  2.161151e+00   
   989   4.432286e+00  2.141374e+00   
   990   8.096733e+00  1.784951e-01   
   991   8.250297e+00  6.522017e-03   
   992   4.608581e+00  2.121597e+00   
   993   5.031132e+00  2.030310e+00   
   994   6.612527e+00  1.387379e+00   
   995   6.342486e+00  1.537103e+00   
   996   7.496667e+00  7.762775e-01   
   997   7.981661e+00  3.293717e-01   
   998   6.880379e+00  1.235465e+00   
   999   5.644475e+00  1.852362e+00   
   1000   6.082704e+00  1.674163e+00   
   1001   5.204442e+00  2.000839e+00   
   1002   7.858750e+00  4.709350e-01   
   1003   7.143843e+00  1.070565e+00   
   1004   5.384195e+00  1.995203e+00   
   1005   4.782322e+00  2.155436e+00   
   1006   7.405854e+00  9.277327e-01   
   1007   5.823241e+00  1.844649e+00   
   1008   8.500000e+00 -1.818182e-01   
   1009   7.767265e+00  6.259475e-01   
   1010   3.915463e+00  2.287603e+00   
   1011   6.520602e+00  1.540834e+00   
   1012   6.789548e+00  1.390015e+00   
   1013   6.262313e+00  1.680503e+00   
   1014   3.658110e+00  2.321862e+00   
   1015   7.060081e+00  1.229057e+00   
   1016   7.675766e+00  7.807125e-01   
   1017   6.002690e+00  1.834276e+00   
   1018   4.135348e+00  2.319044e+00   
   1019   7.322819e+00  1.075191e+00   
   1020   5.561811e+00  2.011958e+00   
   1021   4.319906e+00  2.304671e+00   
   1022   4.956063e+00  2.189274e+00   
   1023   4.496201e+00  2.284895e+00   
   1024   3.500000e+00  2.363636e+00   
   1025   5.129372e+00  2.159803e+00   
   1026   5.302682e+00  2.130331e+00   
   1027   4.676110e+00  2.285215e+00   
   1028   8.192873e+00  3.439462e-01   
   1029   8.346437e+00  1.719731e-01   
   1030   6.698717e+00  1.544564e+00   
   1031   8.500000e+00 -2.220446e-15   
   1032   8.069962e+00  4.855095e-01   
   1033   6.428280e+00  1.694819e+00   
   1034   7.584954e+00  9.321676e-01   
   1035   5.740577e+00  2.004245e+00   
   1036   6.969356e+00  1.391724e+00   
   1037   6.182139e+00  1.823903e+00   
   1038   7.947050e+00  6.270728e-01   
   1039   7.239783e+00  1.222648e+00   
   1040   5.908062e+00  1.991471e+00   
   1041   5.480298e+00  2.147086e+00   
   1042   4.849850e+00  2.319054e+00   
   1043   7.500166e+00  1.077949e+00   
   1044   7.855552e+00  7.818377e-01   
   1045   6.606395e+00  1.698549e+00   
   1046   6.878526e+00  1.546274e+00   
   1047   6.348106e+00  1.838219e+00   
   1048   4.014704e+00  2.476937e+00   
   1049   4.199263e+00  2.462564e+00   
   1050   5.029572e+00  2.319196e+00   
   1051   7.149059e+00  1.385316e+00   
   1052   4.383821e+00  2.448192e+00   
   1053   8.346437e+00  3.537913e-01   
   1054   5.202882e+00  2.289724e+00   
   1055   3.757352e+00  2.511196e+00   
   1056   6.087511e+00  1.981098e+00   
   1057   8.500000e+00  1.818182e-01   
   1058   7.764054e+00  9.366026e-01   
   1059   7.417130e+00  1.225407e+00   
   1060   5.657913e+00  2.163841e+00   
   1061   4.563730e+00  2.448512e+00   
   1062   3.500000e+00  2.545455e+00   
   1063   5.382039e+00  2.290114e+00   
   1064   4.743638e+00  2.448833e+00   
   1065   6.782748e+00  1.695094e+00   
   1066   5.825398e+00  2.151067e+00   
   1067   7.679266e+00  1.082384e+00   
   1068   6.514074e+00  1.852535e+00   
   1069   6.267444e+00  1.979675e+00   
   1070   7.058334e+00  1.547983e+00   
   1071   8.049843e+00  7.765145e-01   
   1072   7.326032e+00  1.379893e+00   
   1073   4.923360e+00  2.448975e+00   
   1074   5.992882e+00  2.138292e+00   
   1075   3.930216e+00  2.619098e+00   
   1076   5.559654e+00  2.306869e+00   
   1077   8.500000e+00  3.636364e-01   
   1078   8.346437e+00  5.356094e-01   
   1079   7.594478e+00  1.228165e+00   
   1080   5.103082e+00  2.449118e+00   
   1081   4.110128e+00  2.618526e+00   
   1082   8.223525e+00  6.771727e-01   
   1083   7.958345e+00  9.312795e-01   
   1084   4.294686e+00  2.604153e+00   
   1085   3.672864e+00  2.653357e+00   
   1086   6.690427e+00  1.849080e+00   
   1087   6.962557e+00  1.696804e+00   
   1088   6.433411e+00  1.993991e+00   
   1089   4.473225e+00  2.603999e+00   
   1090   7.235308e+00  1.542561e+00   
   1091   5.282239e+00  2.449507e+00   
   1092   5.738320e+00  2.306782e+00   
   1093   6.172815e+00  2.136870e+00   
   1094   4.653134e+00  2.604320e+00   
   1095   7.503380e+00  1.382652e+00   
   1096   3.500000e+00  2.727273e+00   
   1097   7.910217e+00  1.092303e+00   
   1098   4.833047e+00  2.604574e+00   
   1099   5.905805e+00  2.294008e+00   
   1100   5.461395e+00  2.449896e+00   
   1101   6.866779e+00  1.845624e+00   
   1102   6.612637e+00  1.993028e+00   
   1103   8.500000e+00  5.454545e-01   
   1104   7.139520e+00  1.694585e+00   
   1105   6.352748e+00  2.135447e+00   
   1106   3.845728e+00  2.761260e+00   
   1107   5.012769e+00  2.604716e+00   
   1108   8.152636e+00  9.259563e-01   
   1109   7.412282e+00  1.537138e+00   
   1110   4.025639e+00  2.760687e+00   
   1111   7.825429e+00  1.238085e+00   
   1112   5.640062e+00  2.449810e+00   
   1113   4.205551e+00  2.760115e+00   
   1114   6.084265e+00  2.293299e+00   
   1115   7.678229e+00  1.386716e+00   
   1116   4.384090e+00  2.759961e+00   
   1117   5.192405e+00  2.605287e+00   
   1118   8.326318e+00  8.266145e-01   
   1119   6.788990e+00  1.989572e+00   
   1120   7.043742e+00  1.843406e+00   
   1121   3.672864e+00  2.835175e+00   
   1122   4.562629e+00  2.759807e+00   
   1123   6.531974e+00  2.134484e+00   
   1124   7.316494e+00  1.689163e+00   
   1125   5.818728e+00  2.449723e+00   
   1126   8.104508e+00  1.086980e+00   
   1127   5.371562e+00  2.605676e+00   
   1128   6.264198e+00  2.291877e+00   
   1129   4.742543e+00  2.760061e+00   
   1130   8.500000e+00  7.272727e-01   
   1131   7.587131e+00  1.541203e+00   
   1132   4.922456e+00  2.760315e+00   
   1133   3.500000e+00  2.909091e+00   
   1134   5.997187e+00  2.449014e+00   
   1135   5.550864e+00  2.605886e+00   
   1136   6.711200e+00  2.133520e+00   
   1137   6.957215e+00  2.000387e+00   
   1138   7.220705e+00  1.841187e+00   
   1139   3.886452e+00  2.919380e+00   
   1140   4.066363e+00  2.918807e+00   
   1141   6.443207e+00  2.290781e+00   
   1142   5.102093e+00  2.760885e+00   
   1143   8.056380e+00  1.248004e+00   
   1144   8.326318e+00  1.008433e+00   
   1145   7.496084e+00  1.695013e+00   
   1146   4.294949e+00  2.915942e+00   
   1147   7.909180e+00  1.396636e+00   
   1148   5.729530e+00  2.605799e+00   
   1149   6.175647e+00  2.448306e+00   
   1150   4.473487e+00  2.915788e+00   
   1151   5.281729e+00  2.761456e+00   
   1152   7.761980e+00  1.545267e+00   
   1153   3.713588e+00  2.993295e+00   
   1154   8.500000e+00  9.090909e-01   
   1155   4.652108e+00  2.915594e+00   
   1156   6.879425e+00  2.144335e+00   
   1157   7.134178e+00  1.998169e+00   
   1158   6.622433e+00  2.289818e+00   
   1159   7.400295e+00  1.847037e+00   
   1160   5.908594e+00  2.605415e+00   
   1161   8.278190e+00  1.169457e+00   
   1162   5.461030e+00  2.761665e+00   
   1163   4.832022e+00  2.915849e+00   
   1164   6.354656e+00  2.447210e+00   
   1165   7.670932e+00  1.699077e+00   
   1166   5.010692e+00  2.915532e+00   
   1167   8.088948e+00  1.401293e+00   
   1168   3.927176e+00  3.077499e+00   
   1169   3.500000e+00  3.090909e+00   
   1170   5.640332e+00  2.761875e+00   
   1171   7.312645e+00  1.981021e+00   
   1172   6.087054e+00  2.604707e+00   
   1173   6.801410e+00  2.288989e+00   
   1174   7.047651e+00  2.155151e+00   
   1175   4.155761e+00  3.074634e+00   
   1176   7.941747e+00  1.549925e+00   
   1177   5.190329e+00  2.916102e+00   
   1178   6.533665e+00  2.446115e+00   
   1179   4.384346e+00  3.071769e+00   
   1180   7.579885e+00  1.852888e+00   
   1181   8.500000e+00  1.090909e+00   
   1182   5.819396e+00  2.761491e+00   
   1183   4.562967e+00  3.071576e+00   
   1184   6.266047e+00  2.603669e+00   
   1185   5.369101e+00  2.915607e+00   
   1186   7.850600e+00  1.701578e+00   
   1187   8.278190e+00  1.351275e+00   
   1188   3.713588e+00  3.175113e+00   
   1189   4.741587e+00  3.071382e+00   
   1190   7.226117e+00  2.138002e+00   
   1191   6.969636e+00  2.299804e+00   
   1192   7.492235e+00  1.986871e+00   
   1193   6.712643e+00  2.445286e+00   
   1194   5.998460e+00  2.761107e+00   
   1195   4.920258e+00  3.071065e+00   
   1196   5.548403e+00  2.915817e+00   
   1197   8.121515e+00  1.554582e+00   
   1198   6.445056e+00  2.602574e+00   
   1199   7.759553e+00  1.855389e+00   
   1200   3.887925e+00  3.230675e+00   
   1201   5.098928e+00  3.070748e+00   
   1202   4.066552e+00  3.230591e+00   
   1203   7.404584e+00  2.120854e+00   
   1204   5.727379e+00  2.915104e+00   
   1205   8.500000e+00  1.272727e+00   
   1206   6.177454e+00  2.760070e+00   
   1207   4.295138e+00  3.227726e+00   
   1208   3.500000e+00  3.272727e+00   
   1209   7.149486e+00  2.300088e+00   
   1210   6.891620e+00  2.444458e+00   
   1211   8.030368e+00  1.706236e+00   
   1212   5.277701e+00  3.070254e+00   
   1213   4.473807e+00  3.227581e+00   
   1214   6.624284e+00  2.601418e+00   
   1215   7.666510e+00  2.005219e+00   
   1216   8.310758e+00  1.504564e+00   
   1217   4.652428e+00  3.227388e+00   
   1218   5.906443e+00  2.914720e+00   
   1219   3.674337e+00  3.328289e+00   
   1220   5.456473e+00  3.069759e+00   
   1221   6.356448e+00  2.759033e+00   
   1222   4.831169e+00  3.227145e+00   
   1223   7.939221e+00  1.857889e+00   
   1224   7.327952e+00  2.282940e+00   
   1225   7.071471e+00  2.444742e+00   
   1226   7.578859e+00  2.139202e+00   
   1227   6.803262e+00  2.600590e+00   
   1228   6.085827e+00  2.913837e+00   
   1229   5.009840e+00  3.226828e+00   
   1230   5.635450e+00  3.069046e+00   
   1231   3.848675e+00  3.383851e+00   
   1232   8.500000e+00  1.454545e+00   
   1233   4.027302e+00  3.383767e+00   
   1234   6.535675e+00  2.757877e+00   
   1235   7.846178e+00  2.007719e+00   
   1236   4.205929e+00  3.383683e+00   
   1237   5.188700e+00  3.226436e+00   
   1238   4.384599e+00  3.383538e+00   
   1239   7.475400e+00  2.285056e+00   
   1240   5.814426e+00  3.068333e+00   
   1241   6.264820e+00  2.912799e+00   
   1242   8.310758e+00  1.686382e+00   
   1243   3.500000e+00  3.454545e+00   
   1244   7.251321e+00  2.445026e+00   
   1245   4.563268e+00  3.383393e+00   
   1246   6.980850e+00  2.600094e+00   
   1247   5.367472e+00  3.225942e+00   
   1248   6.714903e+00  2.756722e+00   
   1249   7.753134e+00  2.157550e+00   
   1250   4.742010e+00  3.383151e+00   
   1251   5.993810e+00  3.067450e+00   
   1252   8.219611e+00  1.838036e+00   
   1253   5.546516e+00  3.225344e+00   
   1254   3.674337e+00  3.510107e+00   
   1255   6.444742e+00  2.912328e+00   
   1256   4.920752e+00  3.382908e+00   
   1257   8.040239e+00  2.004235e+00   
   1258   7.398768e+00  2.447142e+00   
   1259   8.500000e+00  1.636364e+00   
   1260   3.925912e+00  3.532936e+00   
   1261   7.649675e+00  2.303404e+00   
   1262   7.160701e+00  2.600378e+00   
   1263   5.099611e+00  3.382516e+00   
   1264   6.173193e+00  3.066566e+00   
   1265   4.104539e+00  3.532852e+00   
   1266   5.725492e+00  3.224631e+00   
   1267   6.892492e+00  2.756226e+00   
   1268   4.299393e+00  3.535957e+00   
   1269   6.623969e+00  2.911173e+00   
   1270   7.947196e+00  2.154066e+00   
   1271   5.278471e+00  3.382125e+00   
   1272   4.478063e+00  3.535812e+00   
   1273   7.546216e+00  2.449257e+00   
   1274   5.904803e+00  3.223802e+00   
   1275   6.353115e+00  3.066095e+00   
   1276   4.656634e+00  3.535812e+00   
   1277   7.340542e+00  2.599324e+00   
   1278   3.500000e+00  3.636364e+00   
   1279   5.457515e+00  3.381527e+00   
   1280   7.070080e+00  2.755730e+00   
   1281   4.835376e+00  3.535570e+00   
   1282   6.803880e+00  2.910707e+00   
   1283   7.828550e+00  2.320665e+00   
   1284   3.751574e+00  3.659193e+00   
   1285   6.084186e+00  3.222918e+00   
   1286   8.500000e+00  1.818182e+00   
   1287   5.636558e+00  3.380929e+00   
   1288   8.320629e+00  1.984382e+00   
   1289   5.013947e+00  3.535570e+00   
   1290   6.533036e+00  3.065623e+00   
   1291   4.003148e+00  3.682021e+00   
   1292   8.141258e+00  2.150582e+00   
   1293   7.487990e+00  2.601440e+00   
   1294   4.198003e+00  3.685126e+00   
   1295   5.192807e+00  3.535178e+00   
   1296   7.725091e+00  2.466519e+00   
   1297   7.249922e+00  2.754676e+00   
   1298   6.263829e+00  3.221979e+00   
   1299   5.815869e+00  3.380099e+00   
   1300   6.981469e+00  2.910211e+00   
   1301   4.392857e+00  3.688231e+00   
   1302   6.712947e+00  3.065158e+00   
   1303   4.571429e+00  3.688231e+00   
   1304   5.371378e+00  3.535178e+00   
   1305   8.022612e+00  2.317181e+00   
   1306   4.750000e+00  3.688231e+00   
   1307   5.995179e+00  3.379270e+00   
   1308   6.443751e+00  3.221508e+00   
   1309   7.667833e+00  2.602023e+00   
   1310   5.550422e+00  3.534580e+00   
   1311   8.500000e+00  2.000000e+00   
   1312   7.429763e+00  2.753622e+00   
   1313   3.500000e+00  3.818182e+00   
   1314   4.928571e+00  3.688231e+00   
   1315   3.678571e+00  3.818182e+00   
   1316   7.161379e+00  2.910676e+00   
   1317   8.320629e+00  2.166200e+00   
   1318   6.892857e+00  3.064693e+00   
   1319   7.903966e+00  2.483781e+00   
   1320   8.196241e+00  2.277425e+00   
   1321   6.174822e+00  3.378331e+00   
   1322   3.930146e+00  3.841011e+00   
   1323   5.107143e+00  3.688231e+00   
   1324   5.728993e+00  3.534580e+00   
   1325   4.108717e+00  3.841011e+00   
   1326   6.623661e+00  3.221042e+00   
   1327   4.303571e+00  3.844115e+00   
   1328   5.285714e+00  3.688231e+00   
   1329   8.077595e+00  2.444025e+00   
   1330   4.482143e+00  3.844115e+00   
   1331   7.341220e+00  2.909623e+00   
   1332   7.609606e+00  2.754206e+00   
   1333   5.908304e+00  3.533750e+00   
   1334   6.354465e+00  3.377392e+00   
   1335   7.072768e+00  3.065158e+00   
   1336   7.846708e+00  2.619285e+00   
   1337   4.660714e+00  3.844115e+00   
   1338   5.464286e+00  3.688231e+00   
   1339   6.803571e+00  3.220577e+00   
   1340   8.500000e+00  2.181818e+00   
   1341   4.839286e+00  3.844115e+00   
   1342   8.375612e+00  2.293044e+00   
   1343   6.086875e+00  3.533750e+00   
   1344   8.251224e+00  2.404269e+00   
   1345   6.534375e+00  3.376927e+00   
   1346   5.642857e+00  3.688231e+00   
   1347   5.017857e+00  3.844115e+00   
   1348   7.518713e+00  2.909391e+00   
   1349   3.500000e+00  4.000000e+00   
   1350   7.252678e+00  3.065623e+00   
   1351   7.789450e+00  2.754789e+00   
   1352   3.678571e+00  4.000000e+00   
   1353   3.857143e+00  4.000000e+00   
   1354   8.018928e+00  2.612209e+00   
   1355   6.982143e+00  3.220577e+00   
   1356   4.035714e+00  4.000000e+00   
   1357   6.266518e+00  3.532812e+00   
   1358   5.196429e+00  3.844115e+00   
   1359   5.821429e+00  3.688231e+00   
   1360   4.214286e+00  4.000000e+00   
   1361   6.714286e+00  3.376462e+00   
   1362   4.392857e+00  4.000000e+00   
   1363   5.375000e+00  3.844115e+00   
   1364   4.571429e+00  4.000000e+00   
   1365   8.192557e+00  2.572453e+00   
   1366   6.000000e+00  3.688231e+00   
   1367   7.430171e+00  3.065391e+00   
   1368   7.698557e+00  2.909974e+00   
   1369   6.445090e+00  3.532812e+00   
   1370   7.961670e+00  2.747713e+00   
   1371   8.500000e+00  2.363636e+00   
   1372   7.162053e+00  3.221042e+00   
   1373   4.750000e+00  4.000000e+00   
   1374   8.375612e+00  2.474862e+00   
   1375   5.553571e+00  3.844115e+00   
   1376   6.892857e+00  3.376462e+00   
   1377   4.928571e+00  4.000000e+00   
   1378   6.178571e+00  3.688231e+00   
   1379   6.625000e+00  3.532346e+00   
   1380   5.732143e+00  3.844115e+00   
   1381   5.107143e+00  4.000000e+00   
   1382   7.607663e+00  3.065159e+00   
   1383   8.133891e+00  2.740636e+00   
   1384   7.341964e+00  3.221508e+00   
   1385   7.071429e+00  3.376462e+00   
   1386   5.285714e+00  4.000000e+00   
   1387   6.357143e+00  3.688231e+00   
   1388   8.316945e+00  2.643045e+00   
   1389   5.910714e+00  3.844115e+00   
   1390   7.927743e+00  2.912841e+00   
   1391   6.803571e+00  3.532346e+00   
   1392   8.500000e+00  2.545455e+00   
   1393   5.464286e+00  4.000000e+00   
   1394   6.089286e+00  3.844115e+00   
   1395   7.519456e+00  3.221276e+00   
   1396   6.535714e+00  3.688231e+00   
   1397   7.251339e+00  3.376927e+00   
   1398   5.642857e+00  4.000000e+00   
   1399   7.836850e+00  3.068026e+00   
   1400   8.099963e+00  2.905765e+00   
   1401   6.982143e+00  3.532346e+00   
   1402   6.267857e+00  3.844115e+00   
   1403   5.821429e+00  4.000000e+00   
   1404   6.714286e+00  3.688231e+00   
   1405   7.696689e+00  3.220810e+00   
   1406   8.316945e+00  2.824864e+00   
   1407   7.431249e+00  3.377392e+00   
   1408   7.160714e+00  3.532346e+00   
   1409   6.446429e+00  3.844115e+00   
   1410   6.000000e+00  4.000000e+00   
   1411   8.500000e+00  2.727273e+00   
   1412   6.892857e+00  3.688231e+00   
   1413   8.066036e+00  3.070894e+00   
   1414   6.178571e+00  4.000000e+00   
   1415   6.625000e+00  3.844115e+00   
   1416   7.608482e+00  3.376927e+00   
   1417   7.340625e+00  3.532812e+00   
   1418   8.283018e+00  2.989992e+00   
   1419   7.925875e+00  3.223678e+00   
   1420   7.071429e+00  3.688231e+00   
   1421   6.357143e+00  4.000000e+00   
   1422   6.803571e+00  3.844115e+00   
   1423   8.500000e+00  2.909091e+00   
   1424   7.785714e+00  3.376462e+00   
   1425   7.519196e+00  3.532812e+00   
   1426   7.250000e+00  3.688231e+00   
   1427   6.535714e+00  4.000000e+00   
   1428   8.105786e+00  3.224143e+00   
   1429   6.982143e+00  3.844115e+00   
   1430   8.283018e+00  3.171811e+00   
   1431   6.714286e+00  4.000000e+00   
   1432   7.696429e+00  3.532346e+00   
   1433   7.965625e+00  3.376927e+00   
   1434   7.428571e+00  3.688231e+00   
   1435   7.160714e+00  3.844115e+00   
   1436   8.500000e+00  3.090909e+00   
   1437   6.892857e+00  4.000000e+00   
   1438   7.890104e+00  3.528102e+00   
   1439   7.607143e+00  3.688231e+00   
   1440   8.145535e+00  3.377392e+00   
   1441   7.339286e+00  3.844115e+00   
   1442   7.071429e+00  4.000000e+00   
   1443   8.322768e+00  3.325060e+00   
   1444   7.800818e+00  3.683986e+00   
   1445   8.070015e+00  3.528567e+00   
   1446   7.517857e+00  3.844115e+00   
   1447   8.500000e+00  3.272727e+00   
   1448   7.250000e+00  4.000000e+00   
   1449   7.696429e+00  3.844115e+00   
   1450   7.994494e+00  3.679741e+00   
   1451   7.428571e+00  4.000000e+00   
   1452   8.322768e+00  3.506878e+00   
   1453   8.500000e+00  3.454545e+00   
   1454   7.890104e+00  3.839871e+00   
   1455   7.607143e+00  4.000000e+00   
   1456   8.247247e+00  3.658053e+00   
   1457   8.068676e+00  3.839871e+00   
   1458   7.785714e+00  4.000000e+00   
   1459   8.500000e+00  3.636364e+00   
   1460   7.964286e+00  4.000000e+00   
   1461   8.321429e+00  3.818182e+00   
   1462   8.142857e+00  4.000000e+00   
   1463   8.500000e+00  3.818182e+00   
   1464   8.321429e+00  4.000000e+00   
   1465   8.500000e+00  4.000000e+00   
  END_COORDINATES
  BOUNDARIES, ELEMENT
    1         1     5     2         1     
    2         6     1     3         1     
    3         235     297     266         2     
    4         1458     1451     1455         3     
    5         1377     1364     1373         4     
    6         61     93     76         5     
    7         529     619     572         6     
    8         1421     1410     1414         7     
    9         16     34     25         8     
    10         369     447     408         9     
    11         1442     1431     1437         10     
    12         1360     1353     1356         11     
    13         132     181     154         12     
    14         1459     1465     1463         13     
    15         1465     1462     1464         13     
    16         1398     1386     1393         14     
    17         5     16     10         15     
    18         297     369     330         16     
    19         1451     1442     1448         17     
    20         1364     1360     1362         18     
    21         93     132     112         19     
    22         619     715     667         20     
    23         715     720     717         20     
    24         1410     1398     1403         21     
    25         34     61     46         22     
    26         447     529     487         23     
    27         1431     1421     1427         24     
    28         1353     1349     1352         25     
    29         1349     1278     1313         25     
    30         181     235     208         26     
    31         1462     1458     1460         27     
    32         1386     1377     1381         28     
    33         1208     1133     1169         150     
    34         862     899     880         520     
    35         1340     1392     1371         531     
    36         729     745     735         576     
    37         1286     1340     1311         647     
    38         550     460     504         648     
    39         899     942     921         649     
    40         64     37     49         651     
    41         769     796     781         652     
    42         1447     1459     1453         653     
    43         244     191     217         654     
    44         1077     1130     1103         655     
    45         907     825     867         656     
    46         1392     1423     1411         661     
    47         382     310     346         662     
    48         985     1031     1008         663     
    49         1062     984     1024         664     
    50         18     6     11         665     
    51         826     862     842         666     
    52         140     98     117         667     
    53         1181     1232     1205         668     
    54         738     642     690         669     
    55         720     729     726         670     
    56         460     382     420         671     
    57         942     985     966         672     
    58         1133     1062     1096         673     
    59         37     18     26         674     
    60         796     826     811         675     
    61         191     140     164         676     
    62         1130     1181     1154         677     
    63         825     738     784         678     
    64         745     769     758         679     
    65         1423     1447     1436         680     
    66         310     244     274         681     
    67         1031     1077     1057         682     
    68         984     907     947         683     
    69         1278     1208     1243         685     
    70         98     64     79         686     
    71         1232     1286     1259         687     
    72         642     550     595         688     
  END_BOUNDARIES
  MATERIALS, NUMBER= 1, DEFAULT=1
  END_MATERIALS
  SUBDOMAINS
  END_SUBDOMAINS
  CHARACTERISTICS
  END_CHARACTERISTICS
