  NODES_PER_ELEMENT
   1 3
   2 3
   3 3
   4 3
   5 3
   6 3
   7 3
   8 3
   9 3
   10 3
   11 3
   12 3
   13 3
   14 3
   15 3
   16 3
   17 3
   18 3
   19 3
   20 3
   21 3
   22 3
   23 3
   24 3
   25 3
   26 3
   27 3
   28 3
   29 3
   30 3
   31 3
   32 3
   33 3
   34 3
   35 3
   36 3
   37 3
   38 3
   39 3
   40 3
   41 3
   42 3
   43 3
   44 3
   45 3
   46 3
   47 3
   48 3
   49 3
   50 3
   51 3
   52 3
   53 3
   54 3
   55 3
   56 3
   57 3
   58 3
   59 3
   60 3
   61 3
   62 3
   63 3
   64 3
   65 3
   66 3
   67 3
   68 3
   69 3
   70 3
   71 3
   72 3
   73 3
   74 3
   75 3
   76 3
   77 3
   78 3
   79 3
   80 3
   81 3
   82 3
   83 3
   84 3
   85 3
   86 3
   87 3
   88 3
   89 3
   90 3
   91 3
   92 3
   93 3
   94 3
   95 3
   96 3
   97 3
   98 3
   99 3
   100 3
   101 3
   102 3
   103 3
   104 3
   105 3
   106 3
   107 3
   108 3
   109 3
   110 3
   111 3
   112 3
   113 3
   114 3
   115 3
   116 3
   117 3
   118 3
   119 3
   120 3
   121 3
   122 3
   123 3
   124 3
   125 3
   126 3
   127 3
   128 3
   129 3
   130 3
   131 3
   132 3
   133 3
   134 3
   135 3
   136 3
   137 3
   138 3
   139 3
   140 3
   141 3
   142 3
   143 3
   144 3
   145 3
   146 3
   147 3
   148 3
   149 3
   150 3
   151 3
   152 3
   153 3
   154 3
   155 3
   156 3
   157 3
   158 3
   159 3
   160 3
   161 3
   162 3
   163 3
   164 3
   165 3
   166 3
   167 3
   168 3
   169 3
   170 3
   171 3
   172 3
   173 3
   174 3
   175 3
   176 3
   177 3
   178 3
   179 3
   180 3
   181 3
   182 3
   183 3
   184 3
   185 3
   186 3
   187 3
   188 3
   189 3
   190 3
   191 3
   192 3
   193 3
   194 3
   195 3
   196 3
   197 3
   198 3
   199 3
   200 3
   201 3
   202 3
   203 3
   204 3
   205 3
   206 3
   207 3
   208 3
   209 3
   210 3
   211 3
   212 3
   213 3
   214 3
   215 3
   216 3
   217 3
   218 3
   219 3
   220 3
   221 3
   222 3
   223 3
   224 3
   225 3
   226 3
   227 3
   228 3
   229 3
   230 3
   231 3
   232 3
   233 3
   234 3
   235 3
   236 3
   237 3
   238 3
   239 3
   240 3
   241 3
   242 3
   243 3
   244 3
   245 3
   246 3
   247 3
   248 3
   249 3
   250 3
   251 3
   252 3
   253 3
   254 3
   255 3
   256 3
   257 3
   258 3
   259 3
   260 3
   261 3
   262 3
   263 3
   264 3
   265 3
   266 3
   267 3
   268 3
   269 3
   270 3
   271 3
   272 3
   273 3
   274 3
   275 3
   276 3
   277 3
   278 3
   279 3
   280 3
   281 3
   282 3
   283 3
   284 3
   285 3
   286 3
   287 3
   288 3
   289 3
   290 3
   291 3
   292 3
   293 3
   294 3
   295 3
   296 3
   297 3
   298 3
   299 3
   300 3
   301 3
   302 3
   303 3
   304 3
   305 3
   306 3
   307 3
   308 3
   309 3
   310 3
   311 3
   312 3
   313 3
   314 3
   315 3
   316 3
   317 3
   318 3
   319 3
   320 3
   321 3
   322 3
   323 3
   324 3
   325 3
   326 3
   327 3
   328 3
   329 3
   330 3
   331 3
   332 3
   333 3
   334 3
   335 3
   336 3
   337 3
   338 3
   339 3
   340 3
   341 3
   342 3
   343 3
   344 3
   345 3
   346 3
   347 3
   348 3
   349 3
   350 3
   351 3
   352 3
   353 3
   354 3
   355 3
   356 3
   357 3
   358 3
   359 3
   360 3
   361 3
   362 3
   363 3
   364 3
   365 3
   366 3
   367 3
   368 3
   369 3
   370 3
   371 3
   372 3
   373 3
   374 3
   375 3
   376 3
   377 3
   378 3
   379 3
   380 3
   381 3
   382 3
   383 3
   384 3
   385 3
   386 3
   387 3
   388 3
   389 3
   390 3
   391 3
   392 3
   393 3
   394 3
   395 3
   396 3
   397 3
   398 3
   399 3
   400 3
   401 3
   402 3
   403 3
   404 3
   405 3
   406 3
   407 3
   408 3
   409 3
   410 3
   411 3
   412 3
   413 3
   414 3
   415 3
   416 3
   417 3
   418 3
   419 3
   420 3
   421 3
   422 3
   423 3
   424 3
   425 3
   426 3
   427 3
   428 3
   429 3
   430 3
   431 3
   432 3
   433 3
   434 3
   435 3
   436 3
   437 3
   438 3
   439 3
   440 3
   441 3
   442 3
   443 3
   444 3
   445 3
   446 3
   447 3
   448 3
   449 3
   450 3
   451 3
   452 3
   453 3
   454 3
   455 3
   456 3
   457 3
   458 3
   459 3
   460 3
   461 3
   462 3
   463 3
   464 3
   465 3
   466 3
   467 3
   468 3
   469 3
   470 3
   471 3
   472 3
   473 3
   474 3
   475 3
   476 3
   477 3
   478 3
   479 3
   480 3
   481 3
   482 3
   483 3
   484 3
   485 3
   486 3
   487 3
   488 3
   489 3
   490 3
   491 3
   492 3
   493 3
   494 3
   495 3
   496 3
   497 3
   498 3
   499 3
   500 3
   501 3
   502 3
   503 3
   504 3
   505 3
   506 3
   507 3
   508 3
   509 3
   510 3
   511 3
   512 3
   513 3
   514 3
   515 3
   516 3
   517 3
   518 3
   519 3
   520 3
   521 3
   522 3
   523 3
   524 3
   525 3
   526 3
   527 3
   528 3
   529 3
   530 3
   531 3
   532 3
   533 3
   534 3
   535 3
   536 3
   537 3
   538 3
   539 3
   540 3
   541 3
   542 3
   543 3
   544 3
   545 3
   546 3
   547 3
   548 3
   549 3
   550 3
   551 3
   552 3
   553 3
   554 3
   555 3
   556 3
   557 3
   558 3
   559 3
   560 3
   561 3
   562 3
   563 3
   564 3
   565 3
   566 3
   567 3
   568 3
   569 3
   570 3
   571 3
   572 3
   573 3
   574 3
   575 3
   576 3
   577 3
   578 3
   579 3
   580 3
   581 3
   582 3
   583 3
   584 3
   585 3
   586 3
   587 3
   588 3
   589 3
   590 3
   591 3
   592 3
   593 3
   594 3
   595 3
   596 3
   597 3
   598 3
   599 3
   600 3
   601 3
   602 3
   603 3
   604 3
   605 3
   606 3
   607 3
   608 3
   609 3
   610 3
   611 3
   612 3
   613 3
   614 3
   615 3
   616 3
   617 3
   618 3
   619 3
   620 3
   621 3
   622 3
   623 3
   624 3
   625 3
   626 3
   627 3
   628 3
   629 3
   630 3
   631 3
   632 3
   633 3
   634 3
   635 3
   636 3
   637 3
   638 3
   639 3
   640 3
   641 3
   642 3
   643 3
   644 3
   645 3
   646 3
   647 3
   648 3
   649 3
   650 3
   651 3
   652 3
   653 3
   654 3
   655 3
   656 3
   657 3
   658 3
   659 3
   660 3
   661 3
   662 3
   663 3
   664 3
   665 3
   666 3
   667 3
   668 3
   669 3
   670 3
   671 3
   672 3
   673 3
   674 3
   675 3
   676 3
   677 3
   678 3
   679 3
   680 3
   681 3
   682 3
   683 3
   684 3
   685 3
   686 3
   687 3
   688 3
   689 3
   690 3
   691 3
   692 3
   693 3
   694 3
   695 3
   696 3
   697 3
   698 3
   699 3
   700 3
   701 3
   702 3
   703 3
   704 3
   705 3
   706 3
   707 3
   708 3
   709 3
   710 3
   711 3
   712 3
   713 3
   714 3
   715 3
   716 3
   717 3
   718 3
   719 3
   720 3
   721 3
   722 3
   723 3
   724 3
   725 3
   726 3
   727 3
   728 3
   729 3
   730 3
   731 3
   732 3
   733 3
   734 3
   735 3
   736 3
   737 3
   738 3
   739 3
   740 3
   741 3
   742 3
   743 3
   744 3
   745 3
   746 3
   747 3
   748 3
   749 3
   750 3
   751 3
   752 3
   753 3
   754 3
   755 3
   756 3
   757 3
   758 3
   759 3
   760 3
   761 3
   762 3
   763 3
   764 3
   765 3
   766 3
   767 3
   768 3
   769 3
   770 3
   771 3
   772 3
   773 3
   774 3
   775 3
   776 3
   777 3
   778 3
   779 3
   780 3
   781 3
   782 3
   783 3
   784 3
   785 3
   786 3
   787 3
   788 3
   789 3
   790 3
   791 3
   792 3
   793 3
   794 3
   795 3
   796 3
   797 3
   798 3
   799 3
   800 3
   801 3
   802 3
   803 3
   804 3
   805 3
   806 3
   807 3
   808 3
   809 3
   810 3
   811 3
   812 3
   813 3
   814 3
   815 3
   816 3
   817 3
   818 3
   819 3
   820 3
   821 3
   822 3
   823 3
   824 3
   825 3
   826 3
   827 3
   828 3
   829 3
   830 3
   831 3
   832 3
   833 3
   834 3
   835 3
   836 3
   837 3
   838 3
   839 3
   840 3
   841 3
   842 3
   843 3
   844 3
   845 3
   846 3
   847 3
   848 3
   849 3
   850 3
   851 3
   852 3
   853 3
   854 3
   855 3
   856 3
   857 3
   858 3
   859 3
   860 3
   861 3
   862 3
   863 3
   864 3
   865 3
   866 3
   867 3
   868 3
   869 3
   870 3
   871 3
   872 3
   873 3
   874 3
   875 3
   876 3
   877 3
   878 3
   879 3
   880 3
   881 3
   882 3
   883 3
   884 3
   885 3
   886 3
   887 3
   888 3
   889 3
   890 3
   891 3
   892 3
   893 3
   894 3
   895 3
   896 3
   897 3
   898 3
   899 3
   900 3
   901 3
   902 3
   903 3
   904 3
   905 3
   906 3
   907 3
   908 3
   909 3
   910 3
   911 3
   912 3
   913 3
   914 3
   915 3
   916 3
   917 3
   918 3
   919 3
   920 3
   921 3
   922 3
   923 3
   924 3
   925 3
   926 3
   927 3
   928 3
   929 3
   930 3
   931 3
   932 3
   933 3
   934 3
   935 3
   936 3
   937 3
   938 3
   939 3
   940 3
   941 3
   942 3
   943 3
   944 3
   945 3
   946 3
   947 3
   948 3
   949 3
   950 3
   951 3
   952 3
   953 3
   954 3
   955 3
   956 3
   957 3
   958 3
   959 3
   960 3
   961 3
   962 3
   963 3
   964 3
   965 3
   966 3
   967 3
   968 3
   969 3
   970 3
   971 3
   972 3
   973 3
   974 3
   975 3
   976 3
   977 3
   978 3
   979 3
   980 3
   981 3
   982 3
   983 3
   984 3
   985 3
   986 3
   987 3
   988 3
   989 3
   990 3
   991 3
   992 3
   993 3
   994 3
   995 3
   996 3
   997 3
   998 3
   999 3
   1000 3
   1001 3
   1002 3
   1003 3
   1004 3
   1005 3
   1006 3
   1007 3
   1008 3
   1009 3
   1010 3
   1011 3
   1012 3
   1013 3
   1014 3
   1015 3
   1016 3
   1017 3
   1018 3
   1019 3
   1020 3
   1021 3
   1022 3
   1023 3
   1024 3
   1025 3
   1026 3
   1027 3
   1028 3
   1029 3
   1030 3
   1031 3
   1032 3
   1033 3
   1034 3
   1035 3
   1036 3
   1037 3
   1038 3
   1039 3
   1040 3
   1041 3
   1042 3
   1043 3
   1044 3
   1045 3
   1046 3
   1047 3
   1048 3
   1049 3
   1050 3
   1051 3
   1052 3
   1053 3
   1054 3
   1055 3
   1056 3
   1057 3
   1058 3
   1059 3
   1060 3
   1061 3
   1062 3
   1063 3
   1064 3
   1065 3
   1066 3
   1067 3
   1068 3
   1069 3
   1070 3
   1071 3
   1072 3
   1073 3
   1074 3
   1075 3
   1076 3
   1077 3
   1078 3
   1079 3
   1080 3
   1081 3
   1082 3
   1083 3
   1084 3
   1085 3
   1086 3
   1087 3
   1088 3
   1089 3
   1090 3
   1091 3
   1092 3
   1093 3
   1094 3
   1095 3
   1096 3
   1097 3
   1098 3
   1099 3
   1100 3
   1101 3
   1102 3
   1103 3
   1104 3
   1105 3
   1106 3
   1107 3
   1108 3
  END_NODES_PER_ELEMENT
  ELEMENTS
  1 600 599 598  
  2 159 136 152  
  3 332 365 369  
  4 152 136 129  
  5 159 152 175  
  6 129 136 116  
  7 175 152 165  
  8 159 175 185  
  9 165 152 139  
  10 175 165 193  
  11 185 175 199  
  12 165 139 155  
  13 193 165 178  
  14 199 175 193  
  15 155 139 133  
  16 178 165 155  
  17 133 139 119  
  18 155 133 149  
  19 119 139 129  
  20 133 119 113  
  21 149 133 130  
  22 129 139 152  
  23 113 119 100  
  24 130 133 113  
  25 149 130 146  
  26 113 100 94  
  27 146 130 124  
  28 149 146 169  
  29 94 100 83  
  30 124 130 110  
  31 146 124 142  
  32 169 146 160  
  33 83 100 88  
  34 110 130 113  
  35 142 124 120  
  36 160 146 142  
  37 88 100 107  
  38 120 124 104  
  39 142 120 140  
  40 160 142 170  
  41 107 100 119  
  42 104 124 110  
  43 140 120 121  
  44 170 142 140  
  45 107 119 129  
  46 121 120 101  
  47 140 121 141  
  48 170 140 158  
  49 107 129 116  
  50 101 120 104  
  51 141 121 123  
  52 158 140 141  
  53 107 116 97  
  54 123 121 102  
  55 141 123 144  
  56 158 141 161  
  57 107 97 88  
  58 102 121 101  
  59 144 123 128  
  60 161 141 144  
  61 88 97 80  
  62 128 123 109  
  63 161 144 167  
  64 88 80 69  
  65 109 123 102  
  66 128 109 112  
  67 167 144 147  
  68 69 80 64  
  69 112 109 93  
  70 128 112 132  
  71 147 144 128  
  72 93 109 90  
  73 112 93 99  
  74 132 112 118  
  75 147 128 132  
  76 90 109 102  
  77 99 93 82  
  78 118 112 99  
  79 147 132 154  
  80 82 93 76  
  81 99 82 85  
  82 118 99 106  
  83 154 132 138  
  84 76 93 90  
  85 85 82 70  
  86 106 99 85  
  87 138 132 118  
  88 70 82 66  
  89 85 70 78  
  90 138 118 126  
  91 66 82 76  
  92 78 70 63  
  93 85 78 96  
  94 126 118 106  
  95 66 76 60  
  96 63 70 54  
  97 96 78 84  
  98 60 76 73  
  99 66 60 52  
  100 54 70 66  
  101 84 78 68  
  102 73 76 90  
  103 52 60 46  
  104 68 78 63  
  105 84 68 81  
  106 73 90 86  
  107 46 60 58  
  108 81 68 65  
  109 84 81 98  
  110 86 90 102  
  111 58 60 73  
  112 65 68 55  
  113 98 81 92  
  114 86 102 101  
  115 58 73 72  
  116 55 68 63  
  117 92 81 75  
  118 72 73 86  
  119 58 72 59  
  120 75 81 65  
  121 92 75 89  
  122 59 72 74  
  123 58 59 45  
  124 89 75 71  
  125 92 89 108  
  126 74 72 87  
  127 45 59 50  
  128 71 75 57  
  129 87 72 86  
  130 45 50 38  
  131 57 75 65  
  132 87 86 101  
  133 38 50 41  
  134 57 65 51  
  135 41 50 53  
  136 38 41 30  
  137 51 65 55  
  138 53 50 61  
  139 30 41 32  
  140 51 55 42  
  141 61 50 59  
  142 32 41 44  
  143 42 55 47  
  144 44 41 53  
  145 32 44 36  
  146 47 55 63  
  147 44 53 56  
  148 36 44 49  
  149 56 53 67  
  150 44 56 49  
  151 67 53 61  
  152 49 56 64  
  153 67 61 77  
  154 64 56 69  
  155 67 77 83  
  156 69 56 67  
  157 83 77 94  
  158 67 83 69  
  159 94 77 91  
  160 69 83 88  
  161 91 77 74  
  162 94 91 110  
  163 74 77 61  
  164 110 91 104  
  165 94 110 113  
  166 74 61 59  
  167 104 91 87  
  168 104 87 101  
  169 108 89 103  
  170 103 89 95  
  171 108 103 122  
  172 122 103 115  
  173 108 122 127  
  174 127 122 145  
  175 108 127 111  
  176 145 122 143  
  177 111 127 131  
  178 108 111 92  
  179 143 122 115  
  180 131 127 148  
  181 111 131 117  
  182 92 111 98  
  183 148 127 145  
  184 131 148 153  
  185 117 131 137  
  186 98 111 117  
  187 153 148 171  
  188 137 131 153  
  189 117 137 125  
  190 98 117 105  
  191 171 148 168  
  192 125 137 150  
  193 117 125 105  
  194 168 148 145  
  195 150 137 164  
  196 105 125 114  
  197 168 145 162  
  198 164 137 153  
  199 114 125 134  
  200 168 162 184  
  201 134 125 150  
  202 114 134 126  
  203 184 162 179  
  204 134 150 156  
  205 126 134 151  
  206 179 162 157  
  207 156 150 174  
  208 151 134 156  
  209 174 150 164  
  210 156 174 182  
  211 174 164 188  
  212 182 174 198  
  213 188 164 177  
  214 174 188 198  
  215 177 164 153  
  216 198 188 212  
  217 177 153 171  
  218 212 188 202  
  219 177 171 194  
  220 202 188 177  
  221 212 202 230  
  222 194 171 190  
  223 202 177 194  
  224 230 202 219  
  225 190 171 168  
  226 202 194 219  
  227 190 168 184  
  228 219 194 214  
  229 190 184 207  
  230 214 194 190  
  231 219 214 242  
  232 207 184 206  
  233 242 214 234  
  234 219 242 249  
  235 206 184 179  
  236 234 214 207  
  237 249 242 269  
  238 207 214 190  
  239 234 207 231  
  240 269 242 264  
  241 231 207 206  
  242 234 231 256  
  243 264 242 234  
  244 231 206 225  
  245 256 231 252  
  246 264 234 256  
  247 225 206 209  
  248 252 231 225  
  249 252 225 237  
  250 162 145 143  
  251 162 143 157  
  252 156 182 173  
  253 173 182 197  
  254 156 173 151  
  255 197 182 208  
  256 173 197 187  
  257 151 173 163  
  258 208 182 198  
  259 187 197 211  
  260 151 163 138  
  261 211 197 223  
  262 187 211 201  
  263 138 163 154  
  264 223 197 208  
  265 201 211 229  
  266 154 163 176  
  267 229 211 240  
  268 176 163 187  
  269 154 176 172  
  270 240 211 223  
  271 187 163 173  
  272 172 176 195  
  273 240 223 253  
  274 195 176 201  
  275 253 223 236  
  276 240 253 271  
  277 201 176 187  
  278 236 223 208  
  279 271 253 283  
  280 236 208 224  
  281 283 253 265  
  282 224 208 198  
  283 265 253 236  
  284 283 265 295  
  285 265 236 254  
  286 295 265 284  
  287 283 295 316  
  288 254 236 224  
  289 284 265 254  
  290 316 295 329  
  291 284 254 272  
  292 329 295 317  
  293 272 254 241  
  294 284 272 301  
  295 317 295 284  
  296 241 254 224  
  297 301 272 289  
  298 317 284 301  
  299 289 272 259  
  300 301 289 320  
  301 259 272 241  
  302 289 259 277  
  303 320 289 310  
  304 259 241 230  
  305 277 259 249  
  306 310 289 277  
  307 230 241 212  
  308 249 259 230  
  309 310 277 299  
  310 212 241 224  
  311 299 277 269  
  312 310 299 330  
  313 269 277 249  
  314 299 269 293  
  315 330 299 324  
  316 299 293 324  
  317 324 293 318  
  318 318 293 286  
  319 324 318 350  
  320 286 293 264  
  321 318 286 311  
  322 350 318 344  
  323 264 293 269  
  324 311 286 282  
  325 344 318 311  
  326 282 286 256  
  327 344 311 339  
  328 256 286 264  
  329 282 256 252  
  330 339 311 307  
  331 282 252 278  
  332 307 311 282  
  333 278 252 266  
  334 307 282 278  
  335 307 278 297  
  336 172 195 191  
  337 191 195 215  
  338 172 191 167  
  339 215 195 220  
  340 167 191 186  
  341 220 195 201  
  342 186 191 213  
  343 220 201 229  
  344 213 191 215  
  345 220 229 248  
  346 213 215 235  
  347 248 229 258  
  348 220 248 239  
  349 235 215 239  
  350 258 229 240  
  351 239 248 268  
  352 239 215 220  
  353 268 248 276  
  354 239 268 261  
  355 276 248 258  
  356 268 276 298  
  357 261 268 292  
  358 276 258 288  
  359 298 276 309  
  360 292 268 298  
  361 288 258 271  
  362 309 276 288  
  363 292 298 323  
  364 271 258 240  
  365 323 298 328  
  366 292 323 315  
  367 328 298 309  
  368 323 328 357  
  369 315 323 349  
  370 357 328 363  
  371 323 357 349  
  372 363 328 345  
  373 349 357 384  
  374 345 328 309  
  375 363 345 380  
  376 384 357 390  
  377 345 309 321  
  378 380 345 354  
  379 390 357 363  
  380 321 309 288  
  381 354 345 321  
  382 390 363 400  
  383 354 321 336  
  384 400 363 380  
  385 390 400 422  
  386 336 321 302  
  387 422 400 431  
  388 390 422 415  
  389 302 321 288  
  390 431 400 413  
  391 415 422 443  
  392 302 288 271  
  393 413 400 380  
  394 443 422 451  
  395 413 380 391  
  396 451 422 431  
  397 443 451 472  
  398 391 380 354  
  399 472 451 479  
  400 443 472 462  
  401 479 451 461  
  402 472 479 500  
  403 462 472 493  
  404 461 451 431  
  405 500 479 507  
  406 493 472 500  
  407 507 479 489  
  408 500 507 530  
  409 489 479 461  
  410 507 489 514  
  411 530 507 533  
  412 514 489 497  
  413 507 514 533  
  414 497 489 470  
  415 533 514 549  
  416 533 549 560  
  417 470 489 461  
  418 497 470 482  
  419 470 461 442  
  420 482 470 453  
  421 442 461 431  
  422 470 442 453  
  423 442 431 413  
  424 453 442 424  
  425 442 413 424  
  426 453 424 436  
  427 424 413 391  
  428 436 424 405  
  429 453 436 465  
  430 405 424 391  
  431 436 405 417  
  432 465 436 449  
  433 417 405 387  
  434 436 417 449  
  435 387 405 371  
  436 449 417 435  
  437 371 405 391  
  438 387 371 352  
  439 435 417 403  
  440 371 391 354  
  441 352 371 336  
  442 403 417 387  
  443 336 371 354  
  444 352 336 316  
  445 403 387 367  
  446 316 336 302  
  447 352 316 329  
  448 367 387 352  
  449 352 329 367  
  450 367 329 351  
  451 351 329 317  
  452 367 351 386  
  453 351 317 335  
  454 386 351 372  
  455 367 386 403  
  456 335 317 301  
  457 372 351 335  
  458 403 386 418  
  459 335 301 320  
  460 372 335 355  
  461 418 386 406  
  462 335 320 355  
  463 406 386 372  
  464 355 320 346  
  465 406 372 392  
  466 346 320 310  
  467 392 372 355  
  468 406 392 432  
  469 406 432 446  
  470 346 310 330  
  471 392 355 381  
  472 346 330 364  
  473 381 355 346  
  474 392 381 419  
  475 392 419 432  
  476 364 330 358  
  477 381 346 364  
  478 358 330 324  
  479 381 364 411  
  480 381 411 419  
  481 358 324 350  
  482 358 350 388  
  483 358 388 399  
  484 271 283 302  
  485 302 283 316  
  486 172 167 147  
  487 172 147 154  
  488 403 418 435  
  489 435 418 458  
  490 435 458 473  
  491 528 524 503  
  492 503 524 499  
  493 528 503 506  
  494 499 524 521  
  495 503 499 478  
  496 506 503 480  
  497 499 521 494  
  498 478 499 476  
  499 480 503 478  
  500 499 494 476  
  501 476 494 471  
  502 471 494 491  
  503 476 471 447  
  504 447 471 434  
  505 476 447 450  
  506 450 447 421  
  507 476 450 478  
  508 421 447 420  
  509 450 421 427  
  510 478 450 455  
  511 420 447 434  
  512 427 421 397  
  513 455 450 427  
  514 397 421 396  
  515 427 397 401  
  516 455 427 430  
  517 396 421 420  
  518 401 397 370  
  519 430 427 401  
  520 396 420 402  
  521 370 397 362  
  522 430 401 407  
  523 362 397 396  
  524 370 362 337  
  525 407 401 376  
  526 337 362 327  
  527 370 337 342  
  528 376 401 370  
  529 327 362 361  
  530 342 337 308  
  531 361 362 396  
  532 327 361 331  
  533 308 337 305  
  534 305 337 327  
  535 308 305 279  
  536 305 327 303  
  537 279 305 275  
  538 303 327 331  
  539 305 303 275  
  540 275 303 267  
  541 494 521 520  
  542 494 520 491  
  543 480 478 455  
  544 480 455 459  
  545 459 455 430  
  546 480 459 486  
  547 459 430 438  
  548 486 459 466  
  549 438 430 407  
  550 466 459 438  
  551 486 466 492  
  552 438 407 416  
  553 466 438 445  
  554 492 466 474  
  555 416 407 385  
  556 445 438 416  
  557 474 466 445  
  558 385 407 376  
  559 474 445 452  
  560 385 376 348  
  561 452 445 425  
  562 348 376 342  
  563 385 348 359  
  564 425 445 416  
  565 342 376 370  
  566 359 348 325  
  567 325 348 314  
  568 359 325 333  
  569 314 348 342  
  570 325 314 294  
  571 333 325 300  
  572 314 342 308  
  573 294 314 285  
  574 300 325 294  
  575 285 314 308  
  576 294 285 263  
  577 285 308 279  
  578 263 285 255  
  579 285 279 255  
  580 255 279 251  
  581 251 279 275  
  582 255 251 227  
  583 251 275 247  
  584 227 251 222  
  585 247 275 267  
  586 251 247 222  
  587 222 238 210  
  588 480 486 506  
  589 506 486 512  
  590 512 486 492  
  591 506 512 532  
  592 512 492 517  
  593 532 512 538  
  594 506 532 528  
  595 517 492 501  
  596 538 512 517  
  597 501 492 474  
  598 517 501 527  
  599 501 474 481  
  600 527 501 508  
  601 481 474 452  
  602 501 481 508  
  603 481 452 463  
  604 508 481 490  
  605 463 452 433  
  606 481 463 490  
  607 433 452 425  
  608 490 463 475  
  609 433 425 404  
  610 475 463 444  
  611 404 425 393  
  612 433 404 414  
  613 444 463 433  
  614 393 425 416  
  615 414 404 382  
  616 444 433 414  
  617 393 416 385  
  618 382 404 368  
  619 444 414 428  
  620 393 385 359  
  621 368 404 393  
  622 428 414 395  
  623 393 359 368  
  624 395 414 382  
  625 428 395 410  
  626 368 359 333  
  627 410 395 375  
  628 368 333 347  
  629 375 395 360  
  630 347 333 312  
  631 368 347 382  
  632 360 395 382  
  633 312 333 300  
  634 382 347 360  
  635 312 300 280  
  636 360 347 326  
  637 280 300 270  
  638 312 280 291  
  639 326 347 312  
  640 270 300 294  
  641 291 280 262  
  642 326 312 291  
  643 262 280 250  
  644 291 262 274  
  645 326 291 306  
  646 250 280 270  
  647 274 262 245  
  648 306 291 274  
  649 250 270 243  
  650 245 262 232  
  651 243 270 263  
  652 250 243 221  
  653 232 262 250  
  654 263 270 294  
  655 221 243 216  
  656 232 250 221  
  657 216 243 233  
  658 221 216 196  
  659 233 243 263  
  660 216 233 205  
  661 196 216 192  
  662 233 263 255  
  663 205 233 227  
  664 192 216 205  
  665 227 233 255  
  666 205 227 193  
  667 192 205 178  
  668 192 178 166  
  669 166 178 155  
  670 166 155 149  
  671 166 149 169  
  672 192 166 169  
  673 517 527 543  
  674 543 527 550  
  675 517 543 538  
  676 550 527 534  
  677 534 527 508  
  678 550 534 554  
  679 534 508 516  
  680 554 534 542  
  681 516 508 490  
  682 542 534 516  
  683 554 542 561  
  684 542 516 529  
  685 561 542 551  
  686 529 516 502  
  687 551 542 529  
  688 502 516 490  
  689 529 502 511  
  690 502 490 475  
  691 511 502 485  
  692 502 475 485  
  693 485 475 457  
  694 457 475 444  
  695 485 457 468  
  696 457 444 428  
  697 468 457 440  
  698 457 428 440  
  699 440 428 410  
  700 440 410 423  
  701 423 410 389  
  702 440 423 454  
  703 389 410 375  
  704 423 389 408  
  705 454 423 439  
  706 408 389 374  
  707 423 408 439  
  708 374 389 353  
  709 439 408 426  
  710 353 389 375  
  711 374 353 338  
  712 426 408 394  
  713 353 375 340  
  714 338 353 319  
  715 394 408 374  
  716 340 375 360  
  717 319 353 340  
  718 394 374 356  
  719 319 340 306  
  720 356 374 338  
  721 394 356 379  
  722 306 340 326  
  723 356 338 322  
  724 379 356 341  
  725 326 340 360  
  726 322 338 304  
  727 341 356 322  
  728 304 338 319  
  729 322 304 290  
  730 341 322 313  
  731 304 319 287  
  732 290 304 273  
  733 313 322 290  
  734 287 319 306  
  735 273 304 287  
  736 287 306 274  
  737 273 287 257  
  738 287 274 257  
  739 257 274 245  
  740 257 245 226  
  741 226 245 218  
  742 257 226 244  
  743 218 245 232  
  744 244 226 217  
  745 257 244 273  
  746 218 232 204  
  747 217 226 200  
  748 273 244 260  
  749 218 204 189  
  750 200 226 218  
  751 260 244 228  
  752 189 204 180  
  753 228 244 217  
  754 260 228 246  
  755 180 204 196  
  756 228 217 203  
  757 246 228 213  
  758 196 204 221  
  759 203 217 181  
  760 221 204 232  
  761 181 217 200  
  762 203 181 186  
  763 181 200 170  
  764 551 529 539  
  765 539 529 511  
  766 551 539 557  
  767 539 511 525  
  768 557 539 546  
  769 551 557 566  
  770 525 511 496  
  771 546 539 525  
  772 566 557 572  
  773 496 511 485  
  774 572 557 564  
  775 496 485 468  
  776 564 557 546  
  777 564 546 555  
  778 555 546 536  
  779 536 546 525  
  780 555 536 545  
  781 536 525 509  
  782 545 536 523  
  783 509 525 496  
  784 523 536 509  
  785 545 523 537  
  786 509 496 483  
  787 537 523 510  
  788 545 537 556  
  789 483 496 468  
  790 510 523 495  
  791 556 537 548  
  792 483 468 454  
  793 495 523 509  
  794 548 537 526  
  795 454 468 440  
  796 526 537 510  
  797 548 526 541  
  798 526 510 498  
  799 541 526 513  
  800 548 541 559  
  801 498 510 484  
  802 513 526 498  
  803 559 541 552  
  804 484 510 495  
  805 552 541 531  
  806 559 552 567  
  807 484 495 467  
  808 531 541 513  
  809 567 552 562  
  810 467 495 483  
  811 562 552 544  
  812 567 562 575  
  813 483 495 509  
  814 544 552 531  
  815 575 562 574  
  816 544 531 522  
  817 574 562 558  
  818 522 531 505  
  819 544 522 540  
  820 558 562 544  
  821 505 531 513  
  822 540 522 515  
  823 505 513 487  
  824 515 522 493  
  825 515 493 500  
  826 487 513 498  
  827 505 487 477  
  828 487 498 469  
  829 477 487 460  
  830 469 498 484  
  831 460 487 469  
  832 477 460 448  
  833 460 469 441  
  834 448 460 429  
  835 441 469 456  
  836 460 441 429  
  837 456 469 484  
  838 429 441 412  
  839 456 484 467  
  840 412 441 426  
  841 429 412 398  
  842 426 441 456  
  843 412 426 394  
  844 398 412 379  
  845 426 456 439  
  846 412 394 379  
  847 439 456 467  
  848 439 467 454  
  849 454 467 483  
  850 341 313 343  
  851 551 566 561  
  852 548 559 565  
  853 565 559 573  
  854 548 565 556  
  855 573 559 567  
  856 565 573 578  
  857 556 565 571  
  858 573 567 580  
  859 565 578 571  
  860 556 571 563  
  861 580 567 575  
  862 571 578 582  
  863 556 563 545  
  864 580 575 588  
  865 582 578 587  
  866 545 563 555  
  867 588 575 583  
  868 587 578 584  
  869 555 563 570  
  870 588 583 591  
  871 584 578 573  
  872 570 563 576  
  873 584 573 580  
  874 576 563 571  
  875 570 576 581  
  876 584 580 589  
  877 581 576 586  
  878 570 581 577  
  879 589 580 588  
  880 586 576 582  
  881 570 577 564  
  882 589 588 593  
  883 582 576 571  
  884 564 577 572  
  885 593 588 596  
  886 570 564 555  
  887 518 535 497  
  888 518 497 482  
  889 583 575 574  
  890 583 574 585  
  891 584 589 592  
  892 592 589 595  
  893 584 592 587  
  894 595 589 593  
  895 592 595 597  
  896 587 592 594  
  897 595 593 598  
  898 597 595 599  
  899 594 592 597  
  900 587 594 590  
  901 599 595 598  
  902 587 590 582  
  903 582 590 586  
  904 12 18 15  
  905 15 18 24  
  906 12 15 9  
  907 24 18 25  
  908 9 15 13  
  909 12 9 7  
  910 24 25 33  
  911 13 15 21  
  912 7 9 4  
  913 33 25 35  
  914 21 15 24  
  915 7 4 3  
  916 21 24 31  
  917 3 4 2  
  918 31 24 33  
  919 31 33 39  
  920 39 33 43  
  921 31 39 42  
  922 42 39 51  
  923 51 39 43  
  924 43 33 35  
  925 43 35 48  
  926 43 48 57  
  927 4 9 8  
  928 8 9 13  
  929 4 8 5  
  930 8 13 14  
  931 5 8 10  
  932 4 5 2  
  933 14 13 20  
  934 8 14 10  
  935 20 13 21  
  936 14 20 22  
  937 10 14 19  
  938 20 21 28  
  939 22 20 29  
  940 19 14 22  
  941 10 19 16  
  942 28 21 31  
  943 29 20 28  
  944 19 22 27  
  945 16 19 23  
  946 28 31 42  
  947 27 22 34  
  948 19 27 30  
  949 34 22 29  
  950 27 34 38  
  951 34 29 40  
  952 40 29 37  
  953 34 40 46  
  954 37 29 28  
  955 40 37 52  
  956 37 28 42  
  957 10 16 11  
  958 544 540 558  
  959 558 540 553  
  960 553 540 530  
  961 558 553 568  
  962 568 553 569  
  963 558 568 574  
  964 574 568 585  
  965 196 192 169  
  966 26 17 23  
  967 23 17 16  
  968 26 23 32  
  969 32 23 30  
  970 26 32 36  
  971 30 23 19  
  972 161 167 186  
  973 161 186 181  
  974 462 493 477  
  975 402 361 396  
  976 596 598 593  
  977 344 339 378  
  978 344 378 383  
  979 115 135 143  
  980 46 58 45  
  981 46 45 34  
  982 126 151 138  
  983 230 219 249  
  984 415 443 437  
  985 437 443 462  
  986 415 437 409  
  987 437 462 448  
  988 437 448 409  
  989 415 409 384  
  990 384 409 377  
  991 415 384 390  
  992 377 409 398  
  993 377 398 379  
  994 398 409 429  
  995 384 377 349  
  996 349 377 343  
  997 343 377 379  
  998 349 343 315  
  999 315 343 313  
  1000 341 343 379  
  1001 519 491 520  
  1002 569 579 568  
  1003 218 189 200  
  1004 200 189 170  
  1005 48 62 57  
  1006 96 84 105  
  1007 105 84 98  
  1008 96 105 114  
  1009 96 114 106  
  1010 106 114 126  
  1011 96 106 85  
  1012 418 406 446  
  1013 418 446 458  
  1014 313 290 281  
  1015 281 290 260  
  1016 313 281 315  
  1017 260 290 273  
  1018 281 260 246  
  1019 281 246 261  
  1020 505 477 493  
  1021 2 1 3  
  1022 361 402 366  
  1023 267 238 247  
  1024 193 178 205  
  1025 209 237 225  
  1026 206 179 209  
  1027 369 373 339  
  1028 339 373 378  
  1029 453 465 482  
  1030 482 465 504  
  1031 482 504 518  
  1032 5 10 6  
  1033 11 6 10  
  1034 530 533 547  
  1035 547 533 560  
  1036 547 560 569  
  1037 530 547 553  
  1038 331 296 303  
  1039 185 199 210  
  1040 210 199 222  
  1041 235 239 261  
  1042 235 261 246  
  1043 235 246 213  
  1044 157 183 179  
  1045 42 47 37  
  1046 180 196 169  
  1047 180 169 160  
  1048 180 160 189  
  1049 91 74 87  
  1050 261 292 281  
  1051 281 292 315  
  1052 464 434 471  
  1053 585 591 583  
  1054 540 515 530  
  1055 79 95 89  
  1056 66 52 54  
  1057 54 52 37  
  1058 40 52 46  
  1059 488 504 465  
  1060 488 465 449  
  1061 266 297 278  
  1062 170 158 181  
  1063 71 57 62  
  1064 158 161 181  
  1065 535 549 514  
  1066 535 514 497  
  1067 364 358 399  
  1068 364 399 411  
  1069 522 505 493  
  1070 448 429 409  
  1071 17 11 16  
  1072 160 170 189  
  1073 500 530 515  
  1074 366 331 361  
  1075 199 193 222  
  1076 350 344 383  
  1077 350 383 388  
  1078 135 157 143  
  1079 57 51 43  
  1080 491 464 471  
  1081 579 585 568  
  1082 227 222 193  
  1083 62 79 71  
  1084 473 488 449  
  1085 473 449 435  
  1086 212 224 198  
  1087 238 222 247  
  1088 237 266 252  
  1089 89 71 79  
  1090 38 30 27  
  1091 186 213 203  
  1092 63 54 47  
  1093 47 54 37  
  1094 6 2 5  
  1095 296 267 303  
  1096 183 209 179  
  1097 339 307 334  
  1098 334 307 297  
  1099 339 334 369  
  1100 369 334 332  
  1101 228 203 213  
  1102 477 448 462  
  1103 434 402 420  
  1104 591 596 588  
  1105 95 115 103  
  1106 45 38 34  
  1107 297 332 334  
  1108 553 547 569  
  END_ELEMENTS  
  COORDINATES  
   1   1.000000e+01  5.000000e+00   
   2   1.000000e+01  4.600000e+00   
   3   9.600000e+00  5.000000e+00   
   4   9.433333e+00  4.644658e+00   
   5   9.600000e+00  4.307180e+00   
   6   1.000000e+01  4.200000e+00   
   7   9.200000e+00  5.000000e+00   
   8   9.200000e+00  4.307180e+00   
   9   9.000000e+00  4.653590e+00   
   10   9.514286e+00  3.971978e+00   
   11   1.000000e+01  3.800000e+00   
   12   8.800000e+00  5.000000e+00   
   13   8.800000e+00  4.307180e+00   
   14   9.000000e+00  3.960770e+00   
   15   8.600000e+00  4.653590e+00   
   16   9.687148e+00  3.578093e+00   
   17   1.000000e+01  3.400000e+00   
   18   8.400000e+00  5.000000e+00   
   19   9.267865e+00  3.518488e+00   
   20   8.600000e+00  3.960770e+00   
   21   8.400000e+00  4.307180e+00   
   22   8.800000e+00  3.614359e+00   
   23   9.653590e+00  3.200000e+00   
   24   8.200000e+00  4.653590e+00   
   25   8.000000e+00  5.000000e+00   
   26   1.000000e+01  3.000000e+00   
   27   8.988394e+00  3.214130e+00   
   28   8.200000e+00  3.960770e+00   
   29   8.400000e+00  3.614359e+00   
   30   9.307180e+00  3.000000e+00   
   31   7.981874e+00  4.319314e+00   
   32   9.653590e+00  2.800000e+00   
   33   7.800000e+00  4.653590e+00   
   34   8.606154e+00  3.137802e+00   
   35   7.600000e+00  5.000000e+00   
   36   1.000000e+01  2.600000e+00   
   37   8.000000e+00  3.614359e+00   
   38   8.960770e+00  2.800000e+00   
   39   7.600770e+00  4.362872e+00   
   40   8.236590e+00  3.240163e+00   
   41   9.307180e+00  2.600000e+00   
   42   7.690477e+00  3.977883e+00   
   43   7.400000e+00  4.653590e+00   
   44   9.653590e+00  2.400000e+00   
   45   8.614359e+00  2.600000e+00   
   46   8.255257e+00  2.834292e+00   
   47   7.575129e+00  3.600000e+00   
   48   7.200000e+00  5.000000e+00   
   49   1.000000e+01  2.200000e+00   
   50   8.960770e+00  2.400000e+00   
   51   7.228719e+00  4.200000e+00   
   52   7.921539e+00  3.000000e+00   
   53   9.307180e+00  2.200000e+00   
   54   7.588206e+00  3.235727e+00   
   55   7.228719e+00  3.800000e+00   
   56   9.653590e+00  2.000000e+00   
   57   6.940403e+00  4.521941e+00   
   58   8.267949e+00  2.400000e+00   
   59   8.614359e+00  2.200000e+00   
   60   7.921539e+00  2.600000e+00   
   61   8.960770e+00  2.000000e+00   
   62   6.800000e+00  5.000000e+00   
   63   7.228719e+00  3.400000e+00   
   64   1.000000e+01  1.800000e+00   
   65   6.882309e+00  4.000000e+00   
   66   7.575129e+00  2.800000e+00   
   67   9.307180e+00  1.800000e+00   
   68   6.882309e+00  3.600000e+00   
   69   9.653590e+00  1.600000e+00   
   70   7.228719e+00  3.000000e+00   
   71   6.573759e+00  4.647245e+00   
   72   8.267949e+00  2.000000e+00   
   73   7.921539e+00  2.200000e+00   
   74   8.614359e+00  1.800000e+00   
   75   6.535898e+00  4.200000e+00   
   76   7.575129e+00  2.400000e+00   
   77   8.960770e+00  1.600000e+00   
   78   6.882309e+00  3.200000e+00   
   79   6.400000e+00  5.000000e+00   
   80   1.000000e+01  1.400000e+00   
   81   6.535898e+00  3.800000e+00   
   82   7.228719e+00  2.600000e+00   
   83   9.307180e+00  1.400000e+00   
   84   6.535898e+00  3.400000e+00   
   85   6.882309e+00  2.800000e+00   
   86   7.921539e+00  1.800000e+00   
   87   8.267949e+00  1.600000e+00   
   88   9.653590e+00  1.200000e+00   
   89   6.197900e+00  4.521035e+00   
   90   7.575129e+00  2.000000e+00   
   91   8.614359e+00  1.400000e+00   
   92   6.189488e+00  4.000000e+00   
   93   7.228719e+00  2.200000e+00   
   94   8.960770e+00  1.200000e+00   
   95   6.000000e+00  5.000000e+00   
   96   6.535898e+00  3.000000e+00   
   97   1.000000e+01  1.000000e+00   
   98   6.189488e+00  3.600000e+00   
   99   6.882309e+00  2.400000e+00   
   100   9.307180e+00  1.000000e+00   
   101   7.921539e+00  1.400000e+00   
   102   7.575129e+00  1.600000e+00   
   103   5.843078e+00  4.600000e+00   
   104   8.267949e+00  1.200000e+00   
   105   6.189488e+00  3.200000e+00   
   106   6.535898e+00  2.600000e+00   
   107   9.653590e+00  8.000000e-01   
   108   5.843078e+00  4.200000e+00   
   109   7.228719e+00  1.800000e+00   
   110   8.614359e+00  1.000000e+00   
   111   5.843078e+00  3.800000e+00   
   112   6.882309e+00  2.000000e+00   
   113   8.960770e+00  8.000000e-01   
   114   6.189488e+00  2.800000e+00   
   115   5.600000e+00  5.000000e+00   
   116   1.000000e+01  6.000000e-01   
   117   5.843078e+00  3.400000e+00   
   118   6.535898e+00  2.200000e+00   
   119   9.307180e+00  6.000000e-01   
   120   7.921539e+00  1.000000e+00   
   121   7.575129e+00  1.200000e+00   
   122   5.513890e+00  4.433333e+00   
   123   7.228719e+00  1.400000e+00   
   124   8.267949e+00  8.000000e-01   
   125   5.843078e+00  3.000000e+00   
   126   6.189488e+00  2.400000e+00   
   127   5.496668e+00  4.000000e+00   
   128   6.882309e+00  1.600000e+00   
   129   9.653590e+00  4.000000e-01   
   130   8.614359e+00  6.000000e-01   
   131   5.496668e+00  3.600000e+00   
   132   6.535898e+00  1.800000e+00   
   133   8.960770e+00  4.000000e-01   
   134   5.843078e+00  2.600000e+00   
   135   5.200000e+00  5.000000e+00   
   136   1.000000e+01  2.000000e-01   
   137   5.496668e+00  3.200000e+00   
   138   6.189488e+00  2.000000e+00   
   139   9.307180e+00  2.000000e-01   
   140   7.575129e+00  8.000000e-01   
   141   7.228719e+00  1.000000e+00   
   142   7.921539e+00  6.000000e-01   
   143   5.150258e+00  4.600000e+00   
   144   6.882309e+00  1.200000e+00   
   145   5.150258e+00  4.200000e+00   
   146   8.267949e+00  4.000000e-01   
   147   6.535898e+00  1.400000e+00   
   148   5.150258e+00  3.800000e+00   
   149   8.614359e+00  2.000000e-01   
   150   5.496668e+00  2.800000e+00   
   151   5.843078e+00  2.200000e+00   
   152   9.653590e+00  0.000000e+00   
   153   5.150258e+00  3.400000e+00   
   154   6.189488e+00  1.600000e+00   
   155   8.960770e+00  0.000000e+00   
   156   5.496668e+00  2.400000e+00   
   157   4.800000e+00  5.000000e+00   
   158   7.228719e+00  6.000000e-01   
   159   1.000000e+01 -2.000000e-01   
   160   7.921539e+00  2.000000e-01   
   161   6.882309e+00  8.000000e-01   
   162   4.803848e+00  4.400000e+00   
   163   5.843078e+00  1.800000e+00   
   164   5.150258e+00  3.000000e+00   
   165   9.307180e+00 -2.000000e-01   
   166   8.690727e+00 -1.137274e-01   
   167   6.535898e+00  1.000000e+00   
   168   4.803848e+00  4.000000e+00   
   169   8.267949e+00  0.000000e+00   
   170   7.492418e+00  2.993767e-01   
   171   4.803848e+00  3.600000e+00   
   172   6.189488e+00  1.200000e+00   
   173   5.496668e+00  2.000000e+00   
   174   5.150258e+00  2.600000e+00   
   175   9.653590e+00 -4.000000e-01   
   176   5.843078e+00  1.400000e+00   
   177   4.803848e+00  3.200000e+00   
   178   8.960770e+00 -4.000000e-01   
   179   4.457437e+00  4.600000e+00   
   180   7.965030e+00 -1.851496e-01   
   181   6.962763e+00  3.135734e-01   
   182   5.150258e+00  2.200000e+00   
   183   4.400000e+00  5.000000e+00   
   184   4.457437e+00  4.200000e+00   
   185   1.000000e+01 -6.000000e-01   
   186   6.535898e+00  6.000000e-01   
   187   5.496668e+00  1.600000e+00   
   188   4.803848e+00  2.800000e+00   
   189   7.635659e+00 -1.324124e-01   
   190   4.457437e+00  3.800000e+00   
   191   6.189488e+00  8.000000e-01   
   192   8.600000e+00 -4.966679e-01   
   193   9.253590e+00 -7.174364e-01   
   194   4.457437e+00  3.400000e+00   
   195   5.843078e+00  1.000000e+00   
   196   8.200000e+00 -4.966679e-01   
   197   5.150258e+00  1.800000e+00   
   198   4.803848e+00  2.400000e+00   
   199   9.653590e+00 -8.000000e-01   
   200   7.200000e+00 -1.502577e-01   
   201   5.496668e+00  1.200000e+00   
   202   4.457437e+00  3.000000e+00   
   203   6.580062e+00  1.824869e-01   
   204   7.800000e+00 -4.966679e-01   
   205   8.802393e+00 -8.060265e-01   
   206   4.092523e+00  4.433333e+00   
   207   4.111027e+00  4.000000e+00   
   208   4.803848e+00  2.000000e+00   
   209   4.000000e+00  5.000000e+00   
   210   1.000000e+01 -1.000000e+00   
   211   5.150258e+00  1.400000e+00   
   212   4.457437e+00  2.600000e+00   
   213   6.201649e+00  2.993767e-01   
   214   4.111027e+00  3.600000e+00   
   215   5.843078e+00  6.000000e-01   
   216   8.400000e+00 -8.430781e-01   
   217   6.800000e+00 -1.502577e-01   
   218   7.400000e+00 -4.966679e-01   
   219   4.111027e+00  3.200000e+00   
   220   5.496668e+00  8.000000e-01   
   221   8.000000e+00 -8.430781e-01   
   222   9.529597e+00 -1.168389e+00   
   223   4.803848e+00  1.600000e+00   
   224   4.457437e+00  2.200000e+00   
   225   3.774029e+00  4.629524e+00   
   226   7.000000e+00 -4.966679e-01   
   227   9.000000e+00 -1.189488e+00   
   228   6.400000e+00 -1.502577e-01   
   229   5.150258e+00  1.000000e+00   
   230   4.111027e+00  2.800000e+00   
   231   3.764617e+00  4.200000e+00   
   232   7.600000e+00 -8.430781e-01   
   233   8.600000e+00 -1.189488e+00   
   234   3.764617e+00  3.800000e+00   
   235   5.843078e+00  2.000000e-01   
   236   4.457437e+00  1.800000e+00   
   237   3.600000e+00  5.000000e+00   
   238   1.000000e+01 -1.400000e+00   
   239   5.496668e+00  4.000000e-01   
   240   4.803848e+00  1.200000e+00   
   241   4.111027e+00  2.400000e+00   
   242   3.764617e+00  3.400000e+00   
   243   8.200000e+00 -1.189488e+00   
   244   6.600000e+00 -4.966679e-01   
   245   7.200000e+00 -8.430781e-01   
   246   6.000000e+00 -1.502577e-01   
   247   9.600000e+00 -1.535898e+00   
   248   5.150258e+00  6.000000e-01   
   249   3.764617e+00  3.000000e+00   
   250   7.800000e+00 -1.189488e+00   
   251   9.200000e+00 -1.535898e+00   
   252   3.413005e+00  4.514286e+00   
   253   4.457437e+00  1.400000e+00   
   254   4.111027e+00  2.000000e+00   
   255   8.800000e+00 -1.535898e+00   
   256   3.418207e+00  4.000000e+00   
   257   6.800000e+00 -8.430781e-01   
   258   4.803848e+00  8.000000e-01   
   259   3.764617e+00  2.600000e+00   
   260   6.200000e+00 -4.966679e-01   
   261   5.549500e+00  3.598587e-04   
   262   7.400000e+00 -1.189488e+00   
   263   8.400000e+00 -1.535898e+00   
   264   3.418207e+00  3.600000e+00   
   265   4.111027e+00  1.600000e+00   
   266   3.200000e+00  5.000000e+00   
   267   1.000000e+01 -1.800000e+00   
   268   5.150258e+00  2.000000e-01   
   269   3.418207e+00  3.200000e+00   
   270   8.000000e+00 -1.535898e+00   
   271   4.457437e+00  1.000000e+00   
   272   3.764617e+00  2.200000e+00   
   273   6.400000e+00 -8.430781e-01   
   274   7.000000e+00 -1.189488e+00   
   275   9.433333e+00 -1.868590e+00   
   276   4.803848e+00  4.000000e-01   
   277   3.418207e+00  2.800000e+00   
   278   3.071797e+00  4.600000e+00   
   279   9.000000e+00 -1.882309e+00   
   280   7.600000e+00 -1.535898e+00   
   281   5.656740e+00 -4.475831e-01   
   282   3.071797e+00  4.200000e+00   
   283   4.111027e+00  1.200000e+00   
   284   3.764617e+00  1.800000e+00   
   285   8.600000e+00 -1.882309e+00   
   286   3.071797e+00  3.800000e+00   
   287   6.600000e+00 -1.189488e+00   
   288   4.457437e+00  6.000000e-01   
   289   3.418207e+00  2.400000e+00   
   290   6.000000e+00 -8.430781e-01   
   291   7.200000e+00 -1.535898e+00   
   292   5.150258e+00 -2.000000e-01   
   293   3.071797e+00  3.400000e+00   
   294   8.200000e+00 -1.882309e+00   
   295   3.764617e+00  1.400000e+00   
   296   1.000000e+01 -2.200000e+00   
   297   2.800000e+00  5.000000e+00   
   298   4.803848e+00 -5.329071e-15   
   299   3.071797e+00  3.000000e+00   
   300   7.800000e+00 -1.882309e+00   
   301   3.418207e+00  2.000000e+00   
   302   4.111027e+00  8.000000e-01   
   303   9.600000e+00 -2.228719e+00   
   304   6.200000e+00 -1.189488e+00   
   305   9.200000e+00 -2.228719e+00   
   306   6.800000e+00 -1.535898e+00   
   307   2.737822e+00  4.433333e+00   
   308   8.800000e+00 -2.228719e+00   
   309   4.457437e+00  2.000000e-01   
   310   3.071797e+00  2.600000e+00   
   311   2.725387e+00  4.000000e+00   
   312   7.400000e+00 -1.882309e+00   
   313   5.537885e+00 -8.835037e-01   
   314   8.400000e+00 -2.228719e+00   
   315   5.150258e+00 -6.000000e-01   
   316   3.764617e+00  1.000000e+00   
   317   3.418207e+00  1.600000e+00   
   318   2.725387e+00  3.600000e+00   
   319   6.400000e+00 -1.535898e+00   
   320   3.071797e+00  2.200000e+00   
   321   4.111027e+00  4.000000e-01   
   322   5.800000e+00 -1.189488e+00   
   323   4.803848e+00 -4.000000e-01   
   324   2.725387e+00  3.200000e+00   
   325   8.000000e+00 -2.228719e+00   
   326   7.000000e+00 -1.882309e+00   
   327   9.400000e+00 -2.575129e+00   
   328   4.457437e+00 -2.000000e-01   
   329   3.418207e+00  1.200000e+00   
   330   2.725387e+00  2.800000e+00   
   331   1.000000e+01 -2.600000e+00   
   332   2.400000e+00  5.000000e+00   
   333   7.600000e+00 -2.228719e+00   
   334   2.378976e+00  4.600000e+00   
   335   3.071797e+00  1.800000e+00   
   336   3.764617e+00  6.000000e-01   
   337   9.000000e+00 -2.575129e+00   
   338   6.000000e+00 -1.535898e+00   
   339   2.378976e+00  4.200000e+00   
   340   6.600000e+00 -1.882309e+00   
   341   5.470052e+00 -1.220873e+00   
   342   8.600000e+00 -2.575129e+00   
   343   5.150258e+00 -1.000000e+00   
   344   2.378976e+00  3.800000e+00   
   345   4.111027e+00 -1.687539e-14   
   346   2.725387e+00  2.400000e+00   
   347   7.200000e+00 -2.228719e+00   
   348   8.200000e+00 -2.575129e+00   
   349   4.803848e+00 -8.000000e-01   
   350   2.378976e+00  3.400000e+00   
   351   3.071797e+00  1.400000e+00   
   352   3.418207e+00  8.000000e-01   
   353   6.200000e+00 -1.882309e+00   
   354   3.764617e+00  2.000000e-01   
   355   2.725387e+00  2.000000e+00   
   356   5.600000e+00 -1.535898e+00   
   357   4.457437e+00 -6.000000e-01   
   358   2.378976e+00  3.000000e+00   
   359   7.800000e+00 -2.575129e+00   
   360   6.800000e+00 -2.228719e+00   
   361   9.600000e+00 -2.921539e+00   
   362   9.200000e+00 -2.921539e+00   
   363   4.111027e+00 -4.000000e-01   
   364   2.378976e+00  2.600000e+00   
   365   2.000000e+00  5.000000e+00   
   366   1.000000e+01 -3.000000e+00   
   367   3.071797e+00  1.000000e+00   
   368   7.400000e+00 -2.575129e+00   
   369   2.000000e+00  4.600000e+00   
   370   8.800000e+00 -2.921539e+00   
   371   3.418207e+00  4.000000e-01   
   372   2.725387e+00  1.600000e+00   
   373   2.000000e+00  4.200000e+00   
   374   5.800000e+00 -1.882309e+00   
   375   6.400000e+00 -2.228719e+00   
   376   8.400000e+00 -2.921539e+00   
   377   4.803848e+00 -1.200000e+00   
   378   2.000000e+00  3.800000e+00   
   379   5.200000e+00 -1.535898e+00   
   380   3.764617e+00 -2.000000e-01   
   381   2.378976e+00  2.200000e+00   
   382   7.000000e+00 -2.575129e+00   
   383   2.000000e+00  3.400000e+00   
   384   4.457437e+00 -1.000000e+00   
   385   8.000000e+00 -2.921539e+00   
   386   2.725387e+00  1.200000e+00   
   387   3.071797e+00  6.000000e-01   
   388   2.000000e+00  3.000000e+00   
   389   6.000000e+00 -2.228719e+00   
   390   4.111027e+00 -8.000000e-01   
   391   3.418207e+00 -2.842171e-14   
   392   2.378976e+00  1.800000e+00   
   393   7.600000e+00 -2.921539e+00   
   394   5.400000e+00 -1.882309e+00   
   395   6.600000e+00 -2.575129e+00   
   396   9.433333e+00 -3.289958e+00   
   397   9.000000e+00 -3.267949e+00   
   398   4.800000e+00 -1.535898e+00   
   399   2.000000e+00  2.600000e+00   
   400   3.764617e+00 -6.000000e-01   
   401   8.600000e+00 -3.267949e+00   
   402   1.000000e+01 -3.400000e+00   
   403   2.725387e+00  8.000000e-01   
   404   7.200000e+00 -2.921539e+00   
   405   3.071797e+00  2.000000e-01   
   406   2.378976e+00  1.400000e+00   
   407   8.200000e+00 -3.267949e+00   
   408   5.600000e+00 -2.228719e+00   
   409   4.457437e+00 -1.400000e+00   
   410   6.200000e+00 -2.575129e+00   
   411   2.000000e+00  2.200000e+00   
   412   5.000000e+00 -1.882309e+00   
   413   3.418207e+00 -4.000000e-01   
   414   6.800000e+00 -2.921539e+00   
   415   4.111027e+00 -1.200000e+00   
   416   7.800000e+00 -3.267949e+00   
   417   2.725387e+00  4.000000e-01   
   418   2.378976e+00  1.000000e+00   
   419   2.000000e+00  1.800000e+00   
   420   9.613333e+00 -3.607658e+00   
   421   9.200000e+00 -3.614359e+00   
   422   3.764617e+00 -1.000000e+00   
   423   5.800000e+00 -2.575129e+00   
   424   3.071797e+00 -2.000000e-01   
   425   7.400000e+00 -3.267949e+00   
   426   5.200000e+00 -2.228719e+00   
   427   8.800000e+00 -3.614359e+00   
   428   6.400000e+00 -2.921539e+00   
   429   4.600000e+00 -1.882309e+00   
   430   8.400000e+00 -3.614359e+00   
   431   3.418207e+00 -8.000000e-01   
   432   2.000000e+00  1.400000e+00   
   433   7.000000e+00 -3.267949e+00   
   434   1.000000e+01 -3.800000e+00   
   435   2.378976e+00  6.000000e-01   
   436   2.725387e+00 -3.907985e-14   
   437   4.059540e+00 -1.536462e+00   
   438   8.000000e+00 -3.614359e+00   
   439   5.400000e+00 -2.575129e+00   
   440   6.000000e+00 -2.921539e+00   
   441   4.800000e+00 -2.228719e+00   
   442   3.071797e+00 -6.000000e-01   
   443   3.764617e+00 -1.400000e+00   
   444   6.600000e+00 -3.267949e+00   
   445   7.600000e+00 -3.614359e+00   
   446   2.000000e+00  1.000000e+00   
   447   9.433333e+00 -3.933975e+00   
   448   4.200000e+00 -1.882309e+00   
   449   2.378976e+00  2.000000e-01   
   450   9.000000e+00 -3.960770e+00   
   451   3.418207e+00 -1.200000e+00   
   452   7.200000e+00 -3.614359e+00   
   453   2.725387e+00 -4.000000e-01   
   454   5.600000e+00 -2.921539e+00   
   455   8.600000e+00 -3.960770e+00   
   456   5.000000e+00 -2.575129e+00   
   457   6.200000e+00 -3.267949e+00   
   458   2.000000e+00  6.000000e-01   
   459   8.200000e+00 -3.960770e+00   
   460   4.400000e+00 -2.228719e+00   
   461   3.071797e+00 -1.000000e+00   
   462   3.824262e+00 -1.788378e+00   
   463   6.800000e+00 -3.614359e+00   
   464   1.000000e+01 -4.200000e+00   
   465   2.378976e+00 -2.000000e-01   
   466   7.800000e+00 -3.960770e+00   
   467   5.200000e+00 -2.921539e+00   
   468   5.800000e+00 -3.267949e+00   
   469   4.600000e+00 -2.575129e+00   
   470   2.725387e+00 -8.000000e-01   
   471   9.600000e+00 -4.307180e+00   
   472   3.418207e+00 -1.600000e+00   
   473   2.000000e+00  2.000000e-01   
   474   7.400000e+00 -3.960770e+00   
   475   6.400000e+00 -3.614359e+00   
   476   9.200000e+00 -4.307180e+00   
   477   3.981118e+00 -2.196112e+00   
   478   8.800000e+00 -4.307180e+00   
   479   3.071797e+00 -1.400000e+00   
   480   8.400000e+00 -4.307180e+00   
   481   7.000000e+00 -3.960770e+00   
   482   2.378976e+00 -6.000000e-01   
   483   5.400000e+00 -3.267949e+00   
   484   4.800000e+00 -2.921539e+00   
   485   6.000000e+00 -3.614359e+00   
   486   8.000000e+00 -4.307180e+00   
   487   4.200000e+00 -2.575129e+00   
   488   2.000000e+00 -2.000000e-01   
   489   2.725387e+00 -1.200000e+00   
   490   6.600000e+00 -3.960770e+00   
   491   1.000000e+01 -4.600000e+00   
   492   7.600000e+00 -4.307180e+00   
   493   3.522089e+00 -2.115385e+00   
   494   9.433333e+00 -4.644658e+00   
   495   5.000000e+00 -3.267949e+00   
   496   5.600000e+00 -3.614359e+00   
   497   2.378976e+00 -1.000000e+00   
   498   4.400000e+00 -2.921539e+00   
   499   9.000000e+00 -4.653590e+00   
   500   3.071797e+00 -1.800000e+00   
   501   7.200000e+00 -4.307180e+00   
   502   6.200000e+00 -3.960770e+00   
   503   8.600000e+00 -4.653590e+00   
   504   2.000000e+00 -6.000000e-01   
   505   3.800000e+00 -2.575129e+00   
   506   8.200000e+00 -4.653590e+00   
   507   2.725387e+00 -1.600000e+00   
   508   6.800000e+00 -4.307180e+00   
   509   5.200000e+00 -3.614359e+00   
   510   4.600000e+00 -3.267949e+00   
   511   5.800000e+00 -3.960770e+00   
   512   7.800000e+00 -4.653590e+00   
   513   4.000000e+00 -2.921539e+00   
   514   2.378976e+00 -1.400000e+00   
   515   3.149184e+00 -2.231607e+00   
   516   6.400000e+00 -4.307180e+00   
   517   7.400000e+00 -4.653590e+00   
   518   2.000000e+00 -1.000000e+00   
   519   1.000000e+01 -5.000000e+00   
   520   9.600000e+00 -5.000000e+00   
   521   9.200000e+00 -5.000000e+00   
   522   3.387015e+00 -2.556240e+00   
   523   4.800000e+00 -3.614359e+00   
   524   8.800000e+00 -5.000000e+00   
   525   5.400000e+00 -3.960770e+00   
   526   4.200000e+00 -3.267949e+00   
   527   7.000000e+00 -4.653590e+00   
   528   8.400000e+00 -5.000000e+00   
   529   6.000000e+00 -4.307180e+00   
   530   2.765019e+00 -2.111282e+00   
   531   3.600000e+00 -2.921539e+00   
   532   8.000000e+00 -5.000000e+00   
   533   2.378976e+00 -1.800000e+00   
   534   6.600000e+00 -4.653590e+00   
   535   2.000000e+00 -1.400000e+00   
   536   5.000000e+00 -3.960770e+00   
   537   4.400000e+00 -3.614359e+00   
   538   7.600000e+00 -5.000000e+00   
   539   5.600000e+00 -4.307180e+00   
   540   3.000000e+00 -2.575129e+00   
   541   3.800000e+00 -3.267949e+00   
   542   6.200000e+00 -4.653590e+00   
   543   7.200000e+00 -5.000000e+00   
   544   3.200000e+00 -2.921539e+00   
   545   4.600000e+00 -3.960770e+00   
   546   5.200000e+00 -4.307180e+00   
   547   2.378976e+00 -2.200000e+00   
   548   4.000000e+00 -3.614359e+00   
   549   2.000000e+00 -1.800000e+00   
   550   6.800000e+00 -5.000000e+00   
   551   5.800000e+00 -4.653590e+00   
   552   3.400000e+00 -3.267949e+00   
   553   2.600000e+00 -2.575129e+00   
   554   6.400000e+00 -5.000000e+00   
   555   4.800000e+00 -4.307180e+00   
   556   4.200000e+00 -3.960770e+00   
   557   5.400000e+00 -4.653590e+00   
   558   2.800000e+00 -2.921539e+00   
   559   3.600000e+00 -3.614359e+00   
   560   2.000000e+00 -2.200000e+00   
   561   6.000000e+00 -5.000000e+00   
   562   3.000000e+00 -3.267949e+00   
   563   4.400000e+00 -4.307180e+00   
   564   5.000000e+00 -4.653590e+00   
   565   3.800000e+00 -3.960770e+00   
   566   5.600000e+00 -5.000000e+00   
   567   3.200000e+00 -3.614359e+00   
   568   2.400000e+00 -2.921539e+00   
   569   2.000000e+00 -2.600000e+00   
   570   4.600000e+00 -4.653590e+00   
   571   4.000000e+00 -4.307180e+00   
   572   5.200000e+00 -5.000000e+00   
   573   3.400000e+00 -3.960770e+00   
   574   2.566667e+00 -3.289958e+00   
   575   2.800000e+00 -3.614359e+00   
   576   4.200000e+00 -4.653590e+00   
   577   4.800000e+00 -5.000000e+00   
   578   3.600000e+00 -4.307180e+00   
   579   2.000000e+00 -3.000000e+00   
   580   3.000000e+00 -3.960770e+00   
   581   4.400000e+00 -5.000000e+00   
   582   3.800000e+00 -4.653590e+00   
   583   2.370476e+00 -3.615259e+00   
   584   3.200000e+00 -4.307180e+00   
   585   2.000000e+00 -3.400000e+00   
   586   4.000000e+00 -5.000000e+00   
   587   3.400000e+00 -4.653590e+00   
   588   2.485714e+00 -3.971978e+00   
   589   2.800000e+00 -4.307180e+00   
   590   3.600000e+00 -5.000000e+00   
   591   2.000000e+00 -3.800000e+00   
   592   3.000000e+00 -4.653590e+00   
   593   2.400000e+00 -4.307180e+00   
   594   3.200000e+00 -5.000000e+00   
   595   2.566667e+00 -4.644658e+00   
   596   2.000000e+00 -4.200000e+00   
   597   2.800000e+00 -5.000000e+00   
   598   2.000000e+00 -4.600000e+00   
   599   2.400000e+00 -5.000000e+00   
   600   2.000000e+00 -5.000000e+00   
  END_COORDINATES
  BOUNDARIES, ELEMENT
    1         600     599         1     
    2         598     600         1     
    3         159     136         2     
    4         332     365         3     
    5         365     369         3     
    6         136     116         6     
    7         185     159         8     
    8         116     97         53     
    9         97     80         61     
    10         80     64         68     
    11         49     36         148     
    12         64     49         152     
    13         549     560         416     
    14         432     446         469     
    15         419     432         475     
    16         411     419         480     
    17         388     399         483     
    18         458     473         490     
    19         528     524         491     
    20         524     521         494     
    21         521     520         541     
    22         238     210         587     
    23         538     532         593     
    24         532     528         594     
    25         550     543         674     
    26         543     538         675     
    27         554     550         678     
    28         561     554         683     
    29         572     566         772     
    30         566     561         851     
    31         586     581         877     
    32         581     577         878     
    33         577     572         884     
    34         518     535         887     
    35         599     597         898     
    36         597     594         899     
    37         594     590         900     
    38         590     586         903     
    39         12     18         904     
    40         18     25         907     
    41         7     12         909     
    42         25     35         913     
    43         3     7         915     
    44         35     48         925     
    45         26     17         966     
    46         36     26         970     
    47         596     598         976     
    48         378     383         978     
    49         115     135         979     
    50         520     519         1001     
    51         519     491         1001     
    52         569     579         1002     
    53         48     62         1005     
    54         446     458         1013     
    55         2     1         1021     
    56         1     3         1021     
    57         402     366         1022     
    58         267     238         1023     
    59         209     237         1025     
    60         369     373         1027     
    61         373     378         1028     
    62         504     518         1031     
    63         11     6         1033     
    64         560     569         1036     
    65         331     296         1038     
    66         210     185         1039     
    67         157     183         1044     
    68         464     434         1052     
    69         585     591         1053     
    70         79     95         1055     
    71         488     504         1059     
    72         266     297         1061     
    73         535     549         1065     
    74         399     411         1068     
    75         17     11         1071     
    76         366     331         1074     
    77         383     388         1077     
    78         135     157         1078     
    79         491     464         1080     
    80         579     585         1081     
    81         62     79         1083     
    82         473     488         1084     
    83         237     266         1088     
    84         6     2         1094     
    85         296     267         1095     
    86         183     209         1096     
    87         434     402         1103     
    88         591     596         1104     
    89         95     115         1105     
    90         297     332         1107     
  END_BOUNDARIES
  MATERIALS
     1     0
     2     0
     3     0
     4     0
     5     0
     6     0
     7     0
     8     0
     9     0
     10     0
     11     0
     12     0
     13     0
     14     0
     15     0
     16     0
     17     0
     18     0
     19     0
     20     0
     21     0
     22     0
     23     0
     24     0
     25     0
     26     0
     27     0
     28     0
     29     0
     30     0
     31     0
     32     0
     33     0
     34     0
     35     0
     36     0
     37     0
     38     0
     39     0
     40     0
     41     0
     42     0
     43     0
     44     0
     45     0
     46     0
     47     0
     48     0
     49     0
     50     0
     51     0
     52     0
     53     0
     54     0
     55     0
     56     0
     57     0
     58     0
     59     0
     60     0
     61     0
     62     0
     63     0
     64     0
     65     0
     66     0
     67     0
     68     0
     69     0
     70     0
     71     0
     72     0
     73     0
     74     0
     75     0
     76     0
     77     0
     78     0
     79     0
     80     0
     81     0
     82     0
     83     0
     84     0
     85     0
     86     0
     87     0
     88     0
     89     0
     90     0
     91     0
     92     0
     93     0
     94     0
     95     0
     96     0
     97     0
     98     0
     99     0
     100     0
     101     0
     102     0
     103     0
     104     0
     105     0
     106     0
     107     0
     108     0
     109     0
     110     0
     111     0
     112     0
     113     0
     114     0
     115     0
     116     0
     117     0
     118     0
     119     0
     120     0
     121     0
     122     0
     123     0
     124     0
     125     0
     126     0
     127     0
     128     0
     129     0
     130     0
     131     0
     132     0
     133     0
     134     0
     135     0
     136     0
     137     0
     138     0
     139     0
     140     0
     141     0
     142     0
     143     0
     144     0
     145     0
     146     0
     147     0
     148     0
     149     0
     150     0
     151     0
     152     0
     153     0
     154     0
     155     0
     156     0
     157     0
     158     0
     159     0
     160     0
     161     0
     162     0
     163     0
     164     0
     165     0
     166     0
     167     0
     168     0
     169     0
     170     0
     171     0
     172     0
     173     0
     174     0
     175     0
     176     0
     177     0
     178     0
     179     0
     180     0
     181     0
     182     0
     183     0
     184     0
     185     0
     186     0
     187     0
     188     0
     189     0
     190     0
     191     0
     192     0
     193     0
     194     0
     195     0
     196     0
     197     0
     198     0
     199     0
     200     0
     201     0
     202     0
     203     0
     204     0
     205     0
     206     0
     207     0
     208     0
     209     0
     210     0
     211     0
     212     0
     213     0
     214     0
     215     0
     216     0
     217     0
     218     0
     219     0
     220     0
     221     0
     222     0
     223     0
     224     0
     225     0
     226     0
     227     0
     228     0
     229     0
     230     0
     231     0
     232     0
     233     0
     234     0
     235     0
     236     0
     237     0
     238     0
     239     0
     240     0
     241     0
     242     0
     243     0
     244     0
     245     0
     246     0
     247     0
     248     0
     249     0
     250     0
     251     0
     252     0
     253     0
     254     0
     255     0
     256     0
     257     0
     258     0
     259     0
     260     0
     261     0
     262     0
     263     0
     264     0
     265     0
     266     0
     267     0
     268     0
     269     0
     270     0
     271     0
     272     0
     273     0
     274     0
     275     0
     276     0
     277     0
     278     0
     279     0
     280     0
     281     0
     282     0
     283     0
     284     0
     285     0
     286     0
     287     0
     288     0
     289     0
     290     0
     291     0
     292     0
     293     0
     294     0
     295     0
     296     0
     297     0
     298     0
     299     0
     300     0
     301     0
     302     0
     303     0
     304     0
     305     0
     306     0
     307     0
     308     0
     309     0
     310     0
     311     0
     312     0
     313     0
     314     0
     315     0
     316     0
     317     0
     318     0
     319     0
     320     0
     321     0
     322     0
     323     0
     324     0
     325     0
     326     0
     327     0
     328     0
     329     0
     330     0
     331     0
     332     0
     333     0
     334     0
     335     0
     336     0
     337     0
     338     0
     339     0
     340     0
     341     0
     342     0
     343     0
     344     0
     345     0
     346     0
     347     0
     348     0
     349     0
     350     0
     351     0
     352     0
     353     0
     354     0
     355     0
     356     0
     357     0
     358     0
     359     0
     360     0
     361     0
     362     0
     363     0
     364     0
     365     0
     366     0
     367     0
     368     0
     369     0
     370     0
     371     0
     372     0
     373     0
     374     0
     375     0
     376     0
     377     0
     378     0
     379     0
     380     0
     381     0
     382     0
     383     0
     384     0
     385     0
     386     0
     387     0
     388     0
     389     0
     390     0
     391     0
     392     0
     393     0
     394     0
     395     0
     396     0
     397     0
     398     0
     399     0
     400     0
     401     0
     402     0
     403     0
     404     0
     405     0
     406     0
     407     0
     408     0
     409     0
     410     0
     411     0
     412     0
     413     0
     414     0
     415     0
     416     0
     417     0
     418     0
     419     0
     420     0
     421     0
     422     0
     423     0
     424     0
     425     0
     426     0
     427     0
     428     0
     429     0
     430     0
     431     0
     432     0
     433     0
     434     0
     435     0
     436     0
     437     0
     438     0
     439     0
     440     0
     441     0
     442     0
     443     0
     444     0
     445     0
     446     0
     447     0
     448     0
     449     0
     450     0
     451     0
     452     0
     453     0
     454     0
     455     0
     456     0
     457     0
     458     0
     459     0
     460     0
     461     0
     462     0
     463     0
     464     0
     465     0
     466     0
     467     0
     468     0
     469     0
     470     0
     471     0
     472     0
     473     0
     474     0
     475     0
     476     0
     477     0
     478     0
     479     0
     480     0
     481     0
     482     0
     483     0
     484     0
     485     0
     486     0
     487     0
     488     0
     489     0
     490     0
     491     0
     492     0
     493     0
     494     0
     495     0
     496     0
     497     0
     498     0
     499     0
     500     0
     501     0
     502     0
     503     0
     504     0
     505     0
     506     0
     507     0
     508     0
     509     0
     510     0
     511     0
     512     0
     513     0
     514     0
     515     0
     516     0
     517     0
     518     0
     519     0
     520     0
     521     0
     522     0
     523     0
     524     0
     525     0
     526     0
     527     0
     528     0
     529     0
     530     0
     531     0
     532     0
     533     0
     534     0
     535     0
     536     0
     537     0
     538     0
     539     0
     540     0
     541     0
     542     0
     543     0
     544     0
     545     0
     546     0
     547     0
     548     0
     549     0
     550     0
     551     0
     552     0
     553     0
     554     0
     555     0
     556     0
     557     0
     558     0
     559     0
     560     0
     561     0
     562     0
     563     0
     564     0
     565     0
     566     0
     567     0
     568     0
     569     0
     570     0
     571     0
     572     0
     573     0
     574     0
     575     0
     576     0
     577     0
     578     0
     579     0
     580     0
     581     0
     582     0
     583     0
     584     0
     585     0
     586     0
     587     0
     588     0
     589     0
     590     0
     591     0
     592     0
     593     0
     594     0
     595     0
     596     0
     597     0
     598     0
     599     0
     600     0
     601     0
     602     0
     603     0
     604     0
     605     0
     606     0
     607     0
     608     0
     609     0
     610     0
     611     0
     612     0
     613     0
     614     0
     615     0
     616     0
     617     0
     618     0
     619     0
     620     0
     621     0
     622     0
     623     0
     624     0
     625     0
     626     0
     627     0
     628     0
     629     0
     630     0
     631     0
     632     0
     633     0
     634     0
     635     0
     636     0
     637     0
     638     0
     639     0
     640     0
     641     0
     642     0
     643     0
     644     0
     645     0
     646     0
     647     0
     648     0
     649     0
     650     0
     651     0
     652     0
     653     0
     654     0
     655     0
     656     0
     657     0
     658     0
     659     0
     660     0
     661     0
     662     0
     663     0
     664     0
     665     0
     666     0
     667     0
     668     0
     669     0
     670     0
     671     0
     672     0
     673     0
     674     0
     675     0
     676     0
     677     0
     678     0
     679     0
     680     0
     681     0
     682     0
     683     0
     684     0
     685     0
     686     0
     687     0
     688     0
     689     0
     690     0
     691     0
     692     0
     693     0
     694     0
     695     0
     696     0
     697     0
     698     0
     699     0
     700     0
     701     0
     702     0
     703     0
     704     0
     705     0
     706     0
     707     0
     708     0
     709     0
     710     0
     711     0
     712     0
     713     0
     714     0
     715     0
     716     0
     717     0
     718     0
     719     0
     720     0
     721     0
     722     0
     723     0
     724     0
     725     0
     726     0
     727     0
     728     0
     729     0
     730     0
     731     0
     732     0
     733     0
     734     0
     735     0
     736     0
     737     0
     738     0
     739     0
     740     0
     741     0
     742     0
     743     0
     744     0
     745     0
     746     0
     747     0
     748     0
     749     0
     750     0
     751     0
     752     0
     753     0
     754     0
     755     0
     756     0
     757     0
     758     0
     759     0
     760     0
     761     0
     762     0
     763     0
     764     0
     765     0
     766     0
     767     0
     768     0
     769     0
     770     0
     771     0
     772     0
     773     0
     774     0
     775     0
     776     0
     777     0
     778     0
     779     0
     780     0
     781     0
     782     0
     783     0
     784     0
     785     0
     786     0
     787     0
     788     0
     789     0
     790     0
     791     0
     792     0
     793     0
     794     0
     795     0
     796     0
     797     0
     798     0
     799     0
     800     0
     801     0
     802     0
     803     0
     804     0
     805     0
     806     0
     807     0
     808     0
     809     0
     810     0
     811     0
     812     0
     813     0
     814     0
     815     0
     816     0
     817     0
     818     0
     819     0
     820     0
     821     0
     822     0
     823     0
     824     0
     825     0
     826     0
     827     0
     828     0
     829     0
     830     0
     831     0
     832     0
     833     0
     834     0
     835     0
     836     0
     837     0
     838     0
     839     0
     840     0
     841     0
     842     0
     843     0
     844     0
     845     0
     846     0
     847     0
     848     0
     849     0
     850     0
     851     0
     852     0
     853     0
     854     0
     855     0
     856     0
     857     0
     858     0
     859     0
     860     0
     861     0
     862     0
     863     0
     864     0
     865     0
     866     0
     867     0
     868     0
     869     0
     870     0
     871     0
     872     0
     873     0
     874     0
     875     0
     876     0
     877     0
     878     0
     879     0
     880     0
     881     0
     882     0
     883     0
     884     0
     885     0
     886     0
     887     0
     888     0
     889     0
     890     0
     891     0
     892     0
     893     0
     894     0
     895     0
     896     0
     897     0
     898     0
     899     0
     900     0
     901     0
     902     0
     903     0
     904     0
     905     0
     906     0
     907     0
     908     0
     909     0
     910     0
     911     0
     912     0
     913     0
     914     0
     915     0
     916     0
     917     0
     918     0
     919     0
     920     0
     921     0
     922     0
     923     0
     924     0
     925     0
     926     0
     927     0
     928     0
     929     0
     930     0
     931     0
     932     0
     933     0
     934     0
     935     0
     936     0
     937     0
     938     0
     939     0
     940     0
     941     0
     942     0
     943     0
     944     0
     945     0
     946     0
     947     0
     948     0
     949     0
     950     0
     951     0
     952     0
     953     0
     954     0
     955     0
     956     0
     957     0
     958     0
     959     0
     960     0
     961     0
     962     0
     963     0
     964     0
     965     0
     966     0
     967     0
     968     0
     969     0
     970     0
     971     0
     972     0
     973     0
     974     0
     975     0
     976     0
     977     0
     978     0
     979     0
     980     0
     981     0
     982     0
     983     0
     984     0
     985     0
     986     0
     987     0
     988     0
     989     0
     990     0
     991     0
     992     0
     993     0
     994     0
     995     0
     996     0
     997     0
     998     0
     999     0
     1000     0
     1001     0
     1002     0
     1003     0
     1004     0
     1005     0
     1006     0
     1007     0
     1008     0
     1009     0
     1010     0
     1011     0
     1012     0
     1013     0
     1014     0
     1015     0
     1016     0
     1017     0
     1018     0
     1019     0
     1020     0
     1021     0
     1022     0
     1023     0
     1024     0
     1025     0
     1026     0
     1027     0
     1028     0
     1029     0
     1030     0
     1031     0
     1032     0
     1033     0
     1034     0
     1035     0
     1036     0
     1037     0
     1038     0
     1039     0
     1040     0
     1041     0
     1042     0
     1043     0
     1044     0
     1045     0
     1046     0
     1047     0
     1048     0
     1049     0
     1050     0
     1051     0
     1052     0
     1053     0
     1054     0
     1055     0
     1056     0
     1057     0
     1058     0
     1059     0
     1060     0
     1061     0
     1062     0
     1063     0
     1064     0
     1065     0
     1066     0
     1067     0
     1068     0
     1069     0
     1070     0
     1071     0
     1072     0
     1073     0
     1074     0
     1075     0
     1076     0
     1077     0
     1078     0
     1079     0
     1080     0
     1081     0
     1082     0
     1083     0
     1084     0
     1085     0
     1086     0
     1087     0
     1088     0
     1089     0
     1090     0
     1091     0
     1092     0
     1093     0
     1094     0
     1095     0
     1096     0
     1097     0
     1098     0
     1099     0
     1100     0
     1101     0
     1102     0
     1103     0
     1104     0
     1105     0
     1106     0
     1107     0
     1108     0
  END_MATERIALS 
  SUBDOMAINS
  END_SUBDOMAINS
  CHARACTERISTICS
  END_CHARACTERISTICS
