  NODES_PER_ELEMENT
   1 9
   2 9
   3 9
   4 9
   5 9
   6 9
   7 9
   8 9
   9 9
   10 9
   11 9
   12 9
   13 9
   14 9
   15 9
   16 9
   17 9
   18 9
   19 9
   20 9
   21 9
   22 9
   23 9
   24 9
   25 9
   26 9
   27 9
   28 9
   29 9
   30 9
   31 9
   32 9
   33 9
   34 9
   35 9
   36 9
   37 9
   38 9
   39 9
   40 9
   41 9
   42 9
   43 9
   44 9
   45 9
   46 9
   47 9
   48 9
   49 9
   50 9
   51 9
   52 9
   53 9
   54 9
   55 9
   56 9
   57 9
   58 9
   59 9
   60 9
   61 9
   62 9
   63 9
   64 9
   65 9
   66 9
   67 9
   68 9
   69 9
   70 9
   71 9
   72 9
   73 9
   74 9
   75 9
   76 9
   77 9
   78 9
   79 9
   80 9
   81 9
   82 9
   83 9
   84 9
   85 9
   86 9
   87 9
   88 9
   89 9
   90 9
   91 9
   92 9
   93 9
   94 9
   95 9
   96 9
   97 9
   98 9
   99 9
   100 9
   101 9
   102 9
   103 9
   104 9
   105 9
   106 9
   107 9
   108 9
   109 9
   110 9
   111 9
   112 9
   113 9
   114 9
   115 9
   116 9
   117 9
   118 9
   119 9
   120 9
   121 9
   122 9
   123 9
   124 9
   125 9
   126 9
   127 9
   128 9
   129 9
   130 9
   131 9
   132 9
   133 9
   134 9
   135 9
   136 9
   137 9
   138 9
   139 9
   140 9
   141 9
   142 9
   143 9
   144 9
   145 9
   146 9
   147 9
   148 9
   149 9
   150 9
   151 9
   152 9
   153 9
   154 9
   155 9
   156 9
   157 9
   158 9
   159 9
   160 9
   161 9
   162 9
   163 9
   164 9
   165 9
   166 9
   167 9
   168 9
   169 9
   170 9
   171 9
   172 9
   173 9
   174 9
   175 9
   176 9
   177 9
   178 9
   179 9
   180 9
   181 9
   182 9
   183 9
   184 9
   185 9
   186 9
   187 9
   188 9
   189 9
   190 9
   191 9
   192 9
   193 9
   194 9
   195 9
   196 9
   197 9
   198 9
   199 9
   200 9
   201 9
   202 9
   203 9
   204 9
   205 9
   206 9
   207 9
   208 9
   209 9
   210 9
   211 9
   212 9
   213 9
   214 9
   215 9
   216 9
   217 9
   218 9
   219 9
   220 9
   221 9
   222 9
   223 9
   224 9
   225 9
   226 9
   227 9
   228 9
   229 9
   230 9
   231 9
   232 9
   233 9
   234 9
   235 9
   236 9
   237 9
   238 9
   239 9
   240 9
   241 9
   242 9
   243 9
   244 9
   245 9
   246 9
   247 9
   248 9
   249 9
   250 9
   251 9
   252 9
   253 9
   254 9
   255 9
   256 9
   257 9
   258 9
   259 9
   260 9
   261 9
   262 9
   263 9
   264 9
   265 9
   266 9
   267 9
   268 9
   269 9
   270 9
   271 9
   272 9
   273 9
   274 9
   275 9
   276 9
   277 9
   278 9
   279 9
   280 9
   281 9
   282 9
   283 9
   284 9
   285 9
   286 9
   287 9
   288 9
   289 9
   290 9
   291 9
   292 9
   293 9
   294 9
   295 9
   296 9
   297 9
   298 9
   299 9
   300 9
   301 9
   302 9
   303 9
   304 9
   305 9
   306 9
   307 9
   308 9
   309 9
   310 9
   311 9
   312 9
   313 9
   314 9
   315 9
   316 9
   317 9
   318 9
   319 9
   320 9
   321 9
   322 9
   323 9
   324 9
   325 9
   326 9
   327 9
   328 9
   329 9
   330 9
   331 9
   332 9
   333 9
   334 9
   335 9
   336 9
   337 9
   338 9
   339 9
   340 9
   341 9
   342 9
   343 9
   344 9
   345 9
   346 9
   347 9
   348 9
   349 9
   350 9
   351 9
   352 9
   353 9
   354 9
   355 9
   356 9
   357 9
   358 9
   359 9
   360 9
   361 9
   362 9
   363 9
   364 9
   365 9
   366 9
   367 9
   368 9
   369 9
   370 9
   371 9
   372 9
   373 9
   374 9
   375 9
  END_NODES_PER_ELEMENT
  ELEMENTS
  1 1578 1569 1576 1581 1574 1573 1579 1580 1577  
  2 1572 1558 1569 1578 1566 1563 1574 1575 1570  
  3 1564 1545 1558 1572 1556 1552 1566 1568 1561  
  4 1554 1531 1545 1564 1544 1538 1556 1559 1550  
  5 1543 1513 1531 1554 1529 1522 1544 1548 1535  
  6 1530 1494 1513 1543 1514 1505 1529 1536 1521  
  7 1517 1475 1494 1530 1499 1487 1514 1523 1507  
  8 1503 1455 1475 1517 1481 1468 1499 1510 1491  
  9 1489 1433 1455 1503 1465 1444 1481 1496 1473  
  10 1478 1416 1433 1489 1449 1425 1465 1484 1456  
  11 1466 1398 1416 1478 1430 1405 1449 1471 1439  
  12 1454 1389 1398 1466 1421 1394 1430 1460 1426  
  13 1448 1377 1389 1454 1413 1382 1421 1451 1418  
  14 1442 1373 1377 1448 1406 1376 1413 1443 1410  
  15 1437 1370 1373 1442 1403 1371 1406 1440 1404  
  16 1569 1553 1565 1576 1562 1560 1571 1573 1567  
  17 1558 1537 1553 1569 1547 1546 1562 1563 1555  
  18 1545 1519 1537 1558 1533 1528 1547 1552 1541  
  19 1531 1498 1519 1545 1516 1508 1533 1538 1525  
  20 1513 1474 1498 1531 1493 1486 1516 1522 1506  
  21 1494 1446 1474 1513 1472 1461 1493 1505 1485  
  22 1475 1419 1446 1494 1450 1428 1472 1487 1462  
  23 1455 1391 1419 1475 1423 1402 1450 1468 1435  
  24 1433 1367 1391 1455 1399 1378 1423 1444 1412  
  25 1416 1348 1367 1433 1379 1357 1399 1425 1392  
  26 1398 1329 1348 1416 1364 1342 1379 1405 1374  
  27 1389 1319 1329 1398 1353 1325 1364 1394 1361  
  28 1377 1312 1319 1389 1345 1316 1353 1382 1349  
  29 1373 1302 1312 1377 1340 1308 1345 1376 1343  
  30 1370 1298 1302 1373 1336 1299 1340 1371 1338  
  31 1553 1532 1549 1565 1542 1540 1557 1560 1551  
  32 1537 1509 1532 1553 1524 1520 1542 1546 1534  
  33 1519 1482 1509 1537 1502 1495 1524 1528 1512  
  34 1498 1452 1482 1519 1477 1469 1502 1508 1490  
  35 1474 1417 1452 1498 1447 1432 1477 1486 1464  
  36 1446 1383 1417 1474 1415 1396 1447 1461 1427  
  37 1419 1351 1383 1446 1386 1366 1415 1428 1397  
  38 1391 1326 1351 1419 1358 1339 1386 1402 1369  
  39 1367 1297 1326 1391 1333 1315 1358 1378 1347  
  40 1348 1281 1297 1367 1317 1291 1333 1357 1323  
  41 1329 1264 1281 1348 1296 1270 1317 1342 1304  
  42 1319 1249 1264 1329 1286 1254 1296 1325 1292  
  43 1312 1241 1249 1319 1275 1246 1286 1316 1277  
  44 1302 1235 1241 1312 1269 1237 1275 1308 1271  
  45 1298 1230 1235 1302 1266 1232 1269 1299 1267  
  46 1532 1501 1526 1549 1518 1515 1539 1540 1527  
  47 1509 1470 1501 1532 1492 1488 1518 1520 1504  
  48 1482 1429 1470 1509 1459 1453 1492 1495 1476  
  49 1452 1393 1429 1482 1422 1411 1459 1469 1441  
  50 1417 1354 1393 1452 1387 1372 1422 1432 1401  
  51 1383 1320 1354 1417 1350 1337 1387 1396 1368  
  52 1351 1288 1320 1383 1321 1301 1350 1366 1335  
  53 1326 1260 1288 1351 1293 1274 1321 1339 1307  
  54 1297 1236 1260 1326 1268 1248 1293 1315 1280  
  55 1281 1213 1236 1297 1247 1220 1268 1291 1257  
  56 1264 1193 1213 1281 1228 1204 1247 1270 1238  
  57 1249 1180 1193 1264 1216 1187 1228 1254 1219  
  58 1241 1169 1180 1249 1207 1172 1216 1246 1212  
  59 1235 1163 1169 1241 1197 1166 1207 1237 1200  
  60 1230 1160 1163 1235 1195 1161 1197 1232 1196  
  61 1501 1463 1497 1526 1483 1480 1511 1515 1500  
  62 1470 1420 1463 1501 1445 1438 1483 1488 1467  
  63 1429 1375 1420 1470 1400 1395 1445 1453 1424  
  64 1393 1331 1375 1429 1362 1352 1400 1411 1380  
  65 1354 1294 1331 1393 1324 1314 1362 1372 1344  
  66 1320 1259 1294 1354 1290 1276 1324 1337 1306  
  67 1288 1222 1259 1320 1256 1242 1290 1301 1272  
  68 1260 1192 1222 1288 1224 1208 1256 1274 1243  
  69 1236 1167 1192 1260 1199 1181 1224 1248 1214  
  70 1213 1142 1167 1236 1179 1154 1199 1220 1188  
  71 1193 1122 1142 1213 1157 1135 1179 1204 1168  
  72 1180 1108 1122 1193 1143 1114 1157 1187 1151  
  73 1169 1098 1108 1180 1137 1104 1143 1172 1138  
  74 1163 1089 1098 1169 1127 1092 1137 1166 1131  
  75 1160 1085 1089 1163 1123 1087 1127 1161 1124  
  76 1463 1409 1457 1497 1436 1434 1479 1480 1458  
  77 1420 1363 1409 1463 1390 1388 1436 1438 1414  
  78 1375 1318 1363 1420 1346 1341 1390 1395 1365  
  79 1331 1273 1318 1375 1300 1295 1346 1352 1322  
  80 1294 1233 1273 1331 1263 1250 1300 1314 1284  
  81 1259 1194 1233 1294 1223 1215 1263 1276 1245  
  82 1222 1158 1194 1259 1189 1178 1223 1242 1209  
  83 1192 1128 1158 1222 1159 1141 1189 1208 1175  
  84 1167 1101 1128 1192 1134 1112 1159 1181 1145  
  85 1142 1074 1101 1167 1109 1083 1134 1154 1116  
  86 1122 1053 1074 1142 1086 1062 1109 1135 1099  
  87 1108 1033 1053 1122 1072 1042 1086 1114 1079  
  88 1098 1023 1033 1108 1059 1030 1072 1104 1064  
  89 1089 1018 1023 1098 1055 1021 1059 1092 1056  
  90 1085 1011 1018 1089 1050 1013 1055 1087 1051  
  91 1409 1356 1407 1457 1385 1381 1431 1434 1408  
  92 1363 1310 1356 1409 1334 1330 1385 1388 1360  
  93 1318 1261 1310 1363 1289 1285 1334 1341 1313  
  94 1273 1217 1261 1318 1244 1239 1289 1295 1265  
  95 1233 1171 1217 1273 1203 1191 1244 1250 1221  
  96 1194 1132 1171 1233 1164 1152 1203 1215 1184  
  97 1158 1093 1132 1194 1126 1113 1164 1178 1144  
  98 1128 1058 1093 1158 1090 1076 1126 1141 1110  
  99 1101 1029 1058 1128 1063 1043 1090 1112 1078  
  100 1074 1000 1029 1101 1035 1014 1063 1083 1049  
  101 1053 978 1000 1074 1017 988 1035 1062 1025  
  102 1033 961 978 1053 999 966 1017 1042 1003  
  103 1023 945 961 1033 986 950 999 1030 992  
  104 1018 939 945 1023 976 943 986 1021 979  
  105 1011 933 939 1018 974 934 976 1013 975  
  106 1356 1303 1359 1407 1327 1328 1384 1381 1355  
  107 1310 1252 1303 1356 1282 1278 1327 1330 1305  
  108 1261 1205 1252 1310 1231 1227 1282 1285 1255  
  109 1217 1156 1205 1261 1186 1183 1231 1239 1210  
  110 1171 1111 1156 1217 1140 1136 1186 1191 1165  
  111 1132 1069 1111 1171 1102 1088 1140 1152 1117  
  112 1093 1027 1069 1132 1060 1047 1102 1113 1080  
  113 1058 990 1027 1093 1024 1005 1060 1076 1041  
  114 1029 956 990 1058 994 970 1024 1043 1004  
  115 1000 926 956 1029 965 942 994 1014 977  
  116 978 902 926 1000 941 912 965 988 948  
  117 961 879 902 978 919 887 941 966 928  
  118 945 866 879 961 908 871 919 950 911  
  119 939 854 866 945 897 856 908 943 903  
  120 933 847 854 939 893 850 897 934 894  
  121 1303 1253 1311 1359 1279 1283 1332 1328 1309  
  122 1252 1198 1253 1303 1225 1226 1279 1278 1251  
  123 1205 1148 1198 1252 1177 1174 1225 1227 1201  
  124 1156 1100 1148 1205 1129 1121 1177 1183 1153  
  125 1111 1048 1100 1156 1081 1075 1129 1136 1105  
  126 1069 1001 1048 1111 1034 1026 1081 1088 1057  
  127 1027 960 1001 1069 995 980 1034 1047 1015  
  128 990 917 960 1027 955 940 995 1005 971  
  129 956 880 917 990 918 899 955 970 935  
  130 926 844 880 956 884 862 918 942 904  
  131 902 812 844 926 857 829 884 912 872  
  132 879 786 812 902 835 798 857 887 845  
  133 866 770 786 879 814 779 835 871 824  
  134 854 759 770 866 805 763 814 856 810  
  135 847 753 759 854 802 755 805 850 803  
  136 1253 1206 1262 1311 1229 1234 1287 1283 1258  
  137 1198 1147 1206 1253 1173 1176 1229 1226 1202  
  138 1148 1091 1147 1198 1119 1118 1173 1174 1146  
  139 1100 1039 1091 1148 1070 1067 1119 1121 1095  
  140 1048 987 1039 1100 1020 1012 1070 1075 1044  
  141 1001 936 987 1048 967 963 1020 1026 996  
  142 960 886 936 1001 923 913 967 980 946  
  143 917 842 886 960 881 867 923 940 905  
  144 880 794 842 917 840 813 881 899 859  
  145 844 752 794 880 797 775 840 862 815  
  146 812 725 752 844 768 738 797 829 782  
  147 786 700 725 812 743 705 768 798 749  
  148 770 681 700 786 726 687 743 779 732  
  149 759 669 681 770 711 676 726 763 718  
  150 753 662 669 759 706 665 711 755 708  
  151 1206 1155 1218 1262 1182 1185 1240 1234 1211  
  152 1147 1097 1155 1206 1120 1125 1182 1176 1150  
  153 1091 1037 1097 1147 1066 1068 1120 1118 1094  
  154 1039 981 1037 1091 1009 1007 1066 1067 1036  
  155 987 924 981 1039 957 952 1009 1012 984  
  156 936 870 924 987 907 896 957 963 929  
  157 886 809 870 936 849 841 907 913 878  
  158 842 756 809 886 796 783 849 867 821  
  159 794 707 756 842 747 734 796 813 776  
  160 752 673 707 794 710 689 747 775 731  
  161 725 641 673 752 682 652 710 738 696  
  162 700 611 641 725 654 625 682 705 666  
  163 681 598 611 700 640 604 654 687 646  
  164 669 585 598 681 628 589 640 676 631  
  165 662 581 585 669 621 583 628 665 623  
  166 1155 1107 1170 1218 1133 1139 1190 1185 1162  
  167 1097 1045 1107 1155 1071 1077 1133 1125 1103  
  168 1037 985 1045 1097 1010 1016 1071 1068 1040  
  169 981 921 985 1037 949 954 1010 1007 982  
  170 924 860 921 981 890 888 949 952 920  
  171 870 793 860 924 833 827 890 896 864  
  172 809 733 793 870 772 762 833 841 799  
  173 756 680 733 809 716 702 772 783 744  
  174 707 636 680 756 671 653 716 734 694  
  175 673 593 636 707 632 610 671 689 648  
  176 641 560 593 673 602 578 632 652 612  
  177 611 537 560 641 573 549 602 625 586  
  178 598 518 537 611 556 525 573 604 563  
  179 585 509 518 598 545 512 556 589 551  
  180 581 501 509 585 543 503 545 583 544  
  181 1107 1061 1130 1170 1082 1096 1149 1139 1115  
  182 1045 998 1061 1107 1022 1031 1082 1077 1054  
  183 985 930 998 1045 959 964 1022 1016 989  
  184 921 863 930 985 889 895 959 954 925  
  185 860 788 863 921 822 826 889 888 858  
  186 793 720 788 860 754 750 822 827 789  
  187 733 658 720 793 697 688 754 762 728  
  188 680 606 658 733 642 635 697 702 667  
  189 636 559 606 680 597 582 642 653 615  
  190 593 520 559 636 555 540 597 610 575  
  191 560 488 520 593 523 500 555 578 539  
  192 537 463 488 560 498 474 523 549 511  
  193 518 444 463 537 481 453 498 525 489  
  194 509 435 444 518 470 438 481 512 473  
  195 501 431 435 509 465 432 470 503 468  
  196 1061 1019 1084 1130 1038 1052 1106 1096 1073  
  197 998 947 1019 1061 969 983 1038 1031 1002  
  198 930 876 947 998 906 910 969 964 938  
  199 863 795 876 930 831 838 906 895 868  
  200 788 723 795 863 751 758 831 826 791  
  201 720 651 723 788 685 686 751 750 719  
  202 658 595 651 720 626 620 685 688 655  
  203 606 541 595 658 570 566 626 635 600  
  204 559 493 541 606 524 517 570 582 550  
  205 520 454 493 559 485 471 524 540 506  
  206 488 420 454 520 455 437 485 500 469  
  207 463 394 420 488 429 409 455 474 439  
  208 444 382 394 463 413 387 429 453 418  
  209 435 367 382 444 401 371 413 438 403  
  210 431 362 367 435 395 365 401 432 397  
  211 1019 973 1046 1084 997 1008 1065 1052 1032  
  212 947 901 973 1019 922 937 997 983 962  
  213 876 817 901 947 846 861 922 910 885  
  214 795 737 817 876 766 777 846 838 806  
  215 723 660 737 795 691 699 766 758 730  
  216 651 594 660 723 622 627 691 686 657  
  217 595 530 594 651 562 561 622 620 592  
  218 541 479 530 595 510 504 562 566 534  
  219 493 433 479 541 462 457 510 517 484  
  220 454 391 433 493 421 414 462 471 441  
  221 420 359 391 454 389 375 421 437 404  
  222 394 334 359 420 366 346 389 409 378  
  223 382 317 334 394 347 323 366 387 355  
  224 367 307 317 382 336 313 347 371 342  
  225 362 300 307 367 332 302 336 365 333  
  226 973 931 1006 1046 953 968 1028 1008 991  
  227 901 851 931 973 877 892 953 937 915  
  228 817 764 851 901 790 807 877 861 834  
  229 737 683 764 817 704 722 790 777 745  
  230 660 605 683 737 637 643 704 699 670  
  231 594 538 605 660 565 569 637 627 599  
  232 530 477 538 594 502 508 565 561 532  
  233 479 422 477 530 450 449 502 504 476  
  234 433 379 422 479 402 399 450 457 427  
  235 391 339 379 433 363 356 402 414 385  
  236 359 304 339 391 331 321 363 375 348  
  237 334 281 304 359 309 292 331 346 319  
  238 317 261 281 334 290 268 309 323 295  
  239 307 252 261 317 279 257 290 313 282  
  240 300 247 252 307 274 250 279 302 275  
  241 931 891 972 1006 914 932 993 968 951  
  242 851 804 891 931 828 848 914 892 873  
  243 764 712 804 851 740 757 828 807 781  
  244 683 634 712 764 656 675 740 722 698  
  245 605 557 634 683 580 596 656 643 614  
  246 538 490 557 605 514 521 580 569 547  
  247 477 428 490 538 451 458 514 508 482  
  248 422 374 428 477 398 400 451 449 424  
  249 379 325 374 422 352 351 398 399 372  
  250 339 288 325 379 314 308 352 356 330  
  251 304 256 288 339 280 269 314 321 294  
  252 281 231 256 304 255 239 280 292 265  
  253 261 211 231 281 236 219 255 268 243  
  254 252 202 211 261 227 204 236 257 230  
  255 247 196 202 252 220 198 227 250 222  
  256 891 855 944 972 875 900 958 932 916  
  257 804 760 855 891 780 808 875 848 830  
  258 712 672 760 804 693 713 780 757 736  
  259 634 588 672 712 609 629 693 675 647  
  260 557 516 588 634 535 552 609 596 568  
  261 490 445 516 557 466 478 535 521 499  
  262 428 386 445 490 405 415 466 458 436  
  263 374 329 386 428 353 357 405 400 380  
  264 325 284 329 374 303 306 353 351 324  
  265 288 242 284 325 264 262 303 308 285  
  266 256 210 242 288 233 228 264 269 248  
  267 231 183 210 256 207 197 233 239 217  
  268 211 168 183 231 190 177 207 219 195  
  269 202 157 168 211 179 161 190 204 182  
  270 196 151 157 202 174 152 179 198 175  
  271 855 818 909 944 837 869 927 900 882  
  272 760 724 818 855 741 771 837 808 787  
  273 672 638 724 760 649 678 741 713 695  
  274 588 553 638 672 567 591 649 629 608  
  275 516 475 553 588 495 513 567 552 528  
  276 445 407 475 516 425 440 495 478 460  
  277 386 345 407 445 364 377 425 415 392  
  278 329 293 345 386 312 320 364 357 338  
  279 284 245 293 329 263 267 312 306 286  
  280 242 205 245 284 224 225 263 262 241  
  281 210 171 205 242 192 187 224 228 206  
  282 183 148 171 210 166 160 192 197 178  
  283 168 128 148 183 149 137 166 177 154  
  284 157 117 128 168 135 123 149 161 141  
  285 151 113 117 157 132 115 135 152 133  
  286 818 785 883 909 801 839 898 869 852  
  287 724 690 785 818 703 739 801 771 748  
  288 638 603 690 724 613 645 703 678 659  
  289 553 519 603 638 533 558 613 591 574  
  290 475 443 519 553 461 480 533 513 496  
  291 407 376 443 475 390 411 461 440 423  
  292 345 316 376 407 327 344 390 377 358  
  293 293 260 316 345 276 287 327 320 298  
  294 245 213 260 293 229 235 276 267 253  
  295 205 172 213 245 188 193 229 225 208  
  296 171 140 172 205 156 155 188 187 170  
  297 148 114 140 171 131 127 156 160 143  
  298 128 94 114 148 110 105 131 137 121  
  299 117 86 94 128 102 90 110 123 106  
  300 113 79 86 117 95 83 102 115 96  
  301 785 761 865 883 774 811 874 839 823  
  302 690 661 761 785 677 709 774 739 727  
  303 603 576 661 690 587 618 677 645 633  
  304 519 492 576 603 507 531 587 558 546  
  305 443 417 492 519 430 456 507 480 467  
  306 376 350 417 443 360 383 430 411 393  
  307 316 289 350 376 297 318 360 344 328  
  308 260 234 289 316 246 259 297 287 272  
  309 213 184 234 260 201 209 246 235 221  
  310 172 147 184 213 159 165 201 193 180  
  311 140 112 147 172 126 129 159 155 142  
  312 114 87 112 140 101 99 126 127 111  
  313 94 70 87 114 81 76 101 105 91  
  314 86 58 70 94 72 61 81 90 74  
  315 79 53 58 86 67 55 72 83 68  
  316 761 742 843 865 746 792 853 811 800  
  317 661 644 742 761 650 692 746 709 701  
  318 576 554 644 661 564 601 650 618 607  
  319 492 472 554 576 483 515 564 531 522  
  320 417 396 472 492 406 434 483 456 442  
  321 350 326 396 417 340 361 406 383 369  
  322 289 266 326 350 277 296 340 318 310  
  323 234 214 266 289 223 237 277 259 251  
  324 184 167 214 234 176 189 223 209 199  
  325 147 125 167 184 134 145 176 165 153  
  326 112 92 125 147 104 108 134 129 118  
  327 87 66 92 112 75 78 104 99 89  
  328 70 47 66 87 57 56 75 76 64  
  329 58 36 47 70 46 41 57 61 49  
  330 53 32 36 58 43 34 46 55 44  
  331 742 729 832 843 735 778 836 792 784  
  332 644 630 729 742 639 679 735 692 684  
  333 554 542 630 644 548 584 639 601 590  
  334 472 459 542 554 464 497 548 515 505  
  335 396 384 459 472 388 419 464 434 426  
  336 326 315 384 396 322 349 388 361 354  
  337 266 254 315 326 258 283 322 296 291  
  338 214 200 254 266 203 226 258 237 232  
  339 167 150 200 214 158 173 203 189 181  
  340 125 109 150 167 116 130 158 145 136  
  341 92 77 109 125 85 93 116 108 100  
  342 66 50 77 92 59 62 85 78 71  
  343 47 31 50 66 38 40 59 56 48  
  344 36 21 31 47 27 25 38 41 33  
  345 32 16 21 36 23 17 27 34 24  
  346 729 717 820 832 721 769 825 778 773  
  347 630 619 717 729 624 668 721 679 674  
  348 542 529 619 630 536 577 624 584 579  
  349 459 448 529 542 452 491 536 497 494  
  350 384 373 448 459 381 412 452 419 416  
  351 315 305 373 384 311 341 381 349 343  
  352 254 244 305 315 249 273 311 283 278  
  353 200 191 244 254 194 216 249 226 218  
  354 150 144 191 200 146 164 194 173 169  
  355 109 103 144 150 107 122 146 130 124  
  356 77 69 103 109 73 84 107 93 88  
  357 50 42 69 77 45 54 73 62 60  
  358 31 22 42 50 26 30 45 40 35  
  359 21 9 22 31 14 15 26 25 19  
  360 16 5 9 21 10 7 14 17 11  
  361 717 714 816 820 715 765 819 769 767  
  362 619 616 714 717 617 663 715 668 664  
  363 529 526 616 619 527 571 617 577 572  
  364 448 446 526 529 447 486 527 491 487  
  365 373 368 446 448 370 408 447 412 410  
  366 305 299 368 373 301 335 370 341 337  
  367 244 238 299 305 240 270 301 273 271  
  368 191 185 238 244 186 212 240 216 215  
  369 144 138 185 191 139 162 186 164 163  
  370 103 97 138 144 98 119 139 122 120  
  371 69 63 97 103 65 80 98 84 82  
  372 42 37 63 69 39 51 65 54 52  
  373 22 18 37 42 20 28 39 30 29  
  374 9 6 18 22 8 12 20 15 13  
  375 5 1 6 9 2 3 8 7 4  
  END_ELEMENTS  
  COORDINATES  
   1   1.000000e+01  6.000000e+00   
   2   1.000000e+01  5.760000e+00   
   3   9.733333e+00  6.000000e+00   
   4   9.733333e+00  5.760000e+00   
   5   1.000000e+01  5.520000e+00   
   6   9.466667e+00  6.000000e+00   
   7   9.733333e+00  5.520000e+00   
   8   9.466667e+00  5.760000e+00   
   9   9.466667e+00  5.520000e+00   
   10   1.000000e+01  5.280000e+00   
   11   9.733333e+00  5.280000e+00   
   12   9.200000e+00  6.000000e+00   
   13   9.200000e+00  5.760000e+00   
   14   9.466667e+00  5.280000e+00   
   15   9.200000e+00  5.520000e+00   
   16   1.000000e+01  5.040000e+00   
   17   9.733333e+00  5.040000e+00   
   18   8.933333e+00  6.000000e+00   
   19   9.200000e+00  5.280000e+00   
   20   8.933333e+00  5.760000e+00   
   21   9.466667e+00  5.040000e+00   
   22   8.933333e+00  5.520000e+00   
   23   1.000000e+01  4.800000e+00   
   24   9.733333e+00  4.800000e+00   
   25   9.200000e+00  5.040000e+00   
   26   8.933333e+00  5.280000e+00   
   27   9.466667e+00  4.800000e+00   
   28   8.666667e+00  6.000000e+00   
   29   8.666667e+00  5.760000e+00   
   30   8.666667e+00  5.520000e+00   
   31   8.933333e+00  5.040000e+00   
   32   1.000000e+01  4.560000e+00   
   33   9.200000e+00  4.800000e+00   
   34   9.733333e+00  4.560000e+00   
   35   8.666667e+00  5.280000e+00   
   36   9.466667e+00  4.560000e+00   
   37   8.400000e+00  6.000000e+00   
   38   8.933333e+00  4.800000e+00   
   39   8.400000e+00  5.760000e+00   
   40   8.666667e+00  5.040000e+00   
   41   9.200000e+00  4.560000e+00   
   42   8.400000e+00  5.520000e+00   
   43   1.000000e+01  4.320000e+00   
   44   9.733333e+00  4.320000e+00   
   45   8.400000e+00  5.280000e+00   
   46   9.466667e+00  4.320000e+00   
   47   8.933333e+00  4.560000e+00   
   48   8.666667e+00  4.800000e+00   
   49   9.200000e+00  4.320000e+00   
   50   8.400000e+00  5.040000e+00   
   51   8.133333e+00  6.000000e+00   
   52   8.133333e+00  5.760000e+00   
   53   1.000000e+01  4.080000e+00   
   54   8.133333e+00  5.520000e+00   
   55   9.733333e+00  4.080000e+00   
   56   8.666667e+00  4.560000e+00   
   57   8.933333e+00  4.320000e+00   
   58   9.466667e+00  4.080000e+00   
   59   8.400000e+00  4.800000e+00   
   60   8.133333e+00  5.280000e+00   
   61   9.200000e+00  4.080000e+00   
   62   8.133333e+00  5.040000e+00   
   63   7.866667e+00  6.000000e+00   
   64   8.666667e+00  4.320000e+00   
   65   7.866667e+00  5.760000e+00   
   66   8.400000e+00  4.560000e+00   
   67   1.000000e+01  3.840000e+00   
   68   9.733333e+00  3.840000e+00   
   69   7.866667e+00  5.520000e+00   
   70   8.933333e+00  4.080000e+00   
   71   8.133333e+00  4.800000e+00   
   72   9.466667e+00  3.840000e+00   
   73   7.866667e+00  5.280000e+00   
   74   9.200000e+00  3.840000e+00   
   75   8.400000e+00  4.320000e+00   
   76   8.666667e+00  4.080000e+00   
   77   7.866667e+00  5.040000e+00   
   78   8.133333e+00  4.560000e+00   
   79   1.000000e+01  3.600000e+00   
   80   7.600000e+00  6.000000e+00   
   81   8.933333e+00  3.840000e+00   
   82   7.600000e+00  5.760000e+00   
   83   9.733333e+00  3.600000e+00   
   84   7.600000e+00  5.520000e+00   
   85   7.866667e+00  4.800000e+00   
   86   9.466667e+00  3.600000e+00   
   87   8.400000e+00  4.080000e+00   
   88   7.600000e+00  5.280000e+00   
   89   8.133333e+00  4.320000e+00   
   90   9.200000e+00  3.600000e+00   
   91   8.666667e+00  3.840000e+00   
   92   7.866667e+00  4.560000e+00   
   93   7.600000e+00  5.040000e+00   
   94   8.933333e+00  3.600000e+00   
   95   1.000000e+01  3.360000e+00   
   96   9.733333e+00  3.360000e+00   
   97   7.333333e+00  6.000000e+00   
   98   7.333333e+00  5.760000e+00   
   99   8.133333e+00  4.080000e+00   
   100   7.600000e+00  4.800000e+00   
   101   8.400000e+00  3.840000e+00   
   102   9.466667e+00  3.360000e+00   
   103   7.333333e+00  5.520000e+00   
   104   7.866667e+00  4.320000e+00   
   105   8.666667e+00  3.600000e+00   
   106   9.200000e+00  3.360000e+00   
   107   7.333333e+00  5.280000e+00   
   108   7.600000e+00  4.560000e+00   
   109   7.333333e+00  5.040000e+00   
   110   8.933333e+00  3.360000e+00   
   111   8.133333e+00  3.840000e+00   
   112   7.866667e+00  4.080000e+00   
   113   1.000000e+01  3.120000e+00   
   114   8.400000e+00  3.600000e+00   
   115   9.733333e+00  3.120000e+00   
   116   7.333333e+00  4.800000e+00   
   117   9.466667e+00  3.120000e+00   
   118   7.600000e+00  4.320000e+00   
   119   7.066667e+00  6.000000e+00   
   120   7.066667e+00  5.760000e+00   
   121   8.666667e+00  3.360000e+00   
   122   7.066667e+00  5.520000e+00   
   123   9.200000e+00  3.120000e+00   
   124   7.066667e+00  5.280000e+00   
   125   7.333333e+00  4.560000e+00   
   126   7.866667e+00  3.840000e+00   
   127   8.133333e+00  3.600000e+00   
   128   8.933333e+00  3.120000e+00   
   129   7.600000e+00  4.080000e+00   
   130   7.066667e+00  5.040000e+00   
   131   8.400000e+00  3.360000e+00   
   132   1.000000e+01  2.880000e+00   
   133   9.733333e+00  2.880000e+00   
   134   7.333333e+00  4.320000e+00   
   135   9.466667e+00  2.880000e+00   
   136   7.066667e+00  4.800000e+00   
   137   8.666667e+00  3.120000e+00   
   138   6.800000e+00  6.000000e+00   
   139   6.800000e+00  5.760000e+00   
   140   7.866667e+00  3.600000e+00   
   141   9.200000e+00  2.880000e+00   
   142   7.600000e+00  3.840000e+00   
   143   8.133333e+00  3.360000e+00   
   144   6.800000e+00  5.520000e+00   
   145   7.066667e+00  4.560000e+00   
   146   6.800000e+00  5.280000e+00   
   147   7.333333e+00  4.080000e+00   
   148   8.400000e+00  3.120000e+00   
   149   8.933333e+00  2.880000e+00   
   150   6.800000e+00  5.040000e+00   
   151   1.000000e+01  2.640000e+00   
   152   9.733333e+00  2.640000e+00   
   153   7.066667e+00  4.320000e+00   
   154   8.666667e+00  2.880000e+00   
   155   7.600000e+00  3.600000e+00   
   156   7.866667e+00  3.360000e+00   
   157   9.466667e+00  2.640000e+00   
   158   6.800000e+00  4.800000e+00   
   159   7.333333e+00  3.840000e+00   
   160   8.133333e+00  3.120000e+00   
   161   9.200000e+00  2.640000e+00   
   162   6.533333e+00  6.000000e+00   
   163   6.533333e+00  5.760000e+00   
   164   6.533333e+00  5.520000e+00   
   165   7.066667e+00  4.080000e+00   
   166   8.400000e+00  2.880000e+00   
   167   6.800000e+00  4.560000e+00   
   168   8.933333e+00  2.640000e+00   
   169   6.533333e+00  5.280000e+00   
   170   7.600000e+00  3.360000e+00   
   171   7.866667e+00  3.120000e+00   
   172   7.333333e+00  3.600000e+00   
   173   6.533333e+00  5.040000e+00   
   174   1.000000e+01  2.400000e+00   
   175   9.733333e+00  2.400000e+00   
   176   6.800000e+00  4.320000e+00   
   177   8.666667e+00  2.640000e+00   
   178   8.133333e+00  2.880000e+00   
   179   9.466667e+00  2.400000e+00   
   180   7.066667e+00  3.840000e+00   
   181   6.533333e+00  4.800000e+00   
   182   9.200000e+00  2.400000e+00   
   183   8.400000e+00  2.640000e+00   
   184   6.800000e+00  4.080000e+00   
   185   6.266667e+00  6.000000e+00   
   186   6.266667e+00  5.760000e+00   
   187   7.600000e+00  3.120000e+00   
   188   7.333333e+00  3.360000e+00   
   189   6.533333e+00  4.560000e+00   
   190   8.933333e+00  2.400000e+00   
   191   6.266667e+00  5.520000e+00   
   192   7.866667e+00  2.880000e+00   
   193   7.066667e+00  3.600000e+00   
   194   6.266667e+00  5.280000e+00   
   195   8.666667e+00  2.400000e+00   
   196   1.000000e+01  2.160000e+00   
   197   8.133333e+00  2.640000e+00   
   198   9.733333e+00  2.160000e+00   
   199   6.533333e+00  4.320000e+00   
   200   6.266667e+00  5.040000e+00   
   201   6.800000e+00  3.840000e+00   
   202   9.466667e+00  2.160000e+00   
   203   6.266667e+00  4.800000e+00   
   204   9.200000e+00  2.160000e+00   
   205   7.333333e+00  3.120000e+00   
   206   7.600000e+00  2.880000e+00   
   207   8.400000e+00  2.400000e+00   
   208   7.066667e+00  3.360000e+00   
   209   6.533333e+00  4.080000e+00   
   210   7.866667e+00  2.640000e+00   
   211   8.933333e+00  2.160000e+00   
   212   6.000000e+00  6.000000e+00   
   213   6.800000e+00  3.600000e+00   
   214   6.266667e+00  4.560000e+00   
   215   6.000000e+00  5.760000e+00   
   216   6.000000e+00  5.520000e+00   
   217   8.133333e+00  2.400000e+00   
   218   6.000000e+00  5.280000e+00   
   219   8.666667e+00  2.160000e+00   
   220   1.000000e+01  1.920000e+00   
   221   6.533333e+00  3.840000e+00   
   222   9.733333e+00  1.920000e+00   
   223   6.266667e+00  4.320000e+00   
   224   7.333333e+00  2.880000e+00   
   225   7.066667e+00  3.120000e+00   
   226   6.000000e+00  5.040000e+00   
   227   9.466667e+00  1.920000e+00   
   228   7.600000e+00  2.640000e+00   
   229   6.800000e+00  3.360000e+00   
   230   9.200000e+00  1.920000e+00   
   231   8.400000e+00  2.160000e+00   
   232   6.000000e+00  4.800000e+00   
   233   7.866667e+00  2.400000e+00   
   234   6.266667e+00  4.080000e+00   
   235   6.533333e+00  3.600000e+00   
   236   8.933333e+00  1.920000e+00   
   237   6.000000e+00  4.560000e+00   
   238   5.733333e+00  6.000000e+00   
   239   8.133333e+00  2.160000e+00   
   240   5.733333e+00  5.760000e+00   
   241   7.066667e+00  2.880000e+00   
   242   7.333333e+00  2.640000e+00   
   243   8.666667e+00  1.920000e+00   
   244   5.733333e+00  5.520000e+00   
   245   6.800000e+00  3.120000e+00   
   246   6.266667e+00  3.840000e+00   
   247   1.000000e+01  1.680000e+00   
   248   7.600000e+00  2.400000e+00   
   249   5.733333e+00  5.280000e+00   
   250   9.733333e+00  1.680000e+00   
   251   6.000000e+00  4.320000e+00   
   252   9.466667e+00  1.680000e+00   
   253   6.533333e+00  3.360000e+00   
   254   5.733333e+00  5.040000e+00   
   255   8.400000e+00  1.920000e+00   
   256   7.866667e+00  2.160000e+00   
   257   9.200000e+00  1.680000e+00   
   258   5.733333e+00  4.800000e+00   
   259   6.000000e+00  4.080000e+00   
   260   6.266667e+00  3.600000e+00   
   261   8.933333e+00  1.680000e+00   
   262   7.066667e+00  2.640000e+00   
   263   6.800000e+00  2.880000e+00   
   264   7.333333e+00  2.400000e+00   
   265   8.133333e+00  1.920000e+00   
   266   5.733333e+00  4.560000e+00   
   267   6.533333e+00  3.120000e+00   
   268   8.666667e+00  1.680000e+00   
   269   7.600000e+00  2.160000e+00   
   270   5.466667e+00  6.000000e+00   
   271   5.466667e+00  5.760000e+00   
   272   6.000000e+00  3.840000e+00   
   273   5.466667e+00  5.520000e+00   
   274   1.000000e+01  1.440000e+00   
   275   9.733333e+00  1.440000e+00   
   276   6.266667e+00  3.360000e+00   
   277   5.733333e+00  4.320000e+00   
   278   5.466667e+00  5.280000e+00   
   279   9.466667e+00  1.440000e+00   
   280   7.866667e+00  1.920000e+00   
   281   8.400000e+00  1.680000e+00   
   282   9.200000e+00  1.440000e+00   
   283   5.466667e+00  5.040000e+00   
   284   6.800000e+00  2.640000e+00   
   285   7.066667e+00  2.400000e+00   
   286   6.533333e+00  2.880000e+00   
   287   6.000000e+00  3.600000e+00   
   288   7.333333e+00  2.160000e+00   
   289   5.733333e+00  4.080000e+00   
   290   8.933333e+00  1.440000e+00   
   291   5.466667e+00  4.800000e+00   
   292   8.133333e+00  1.680000e+00   
   293   6.266667e+00  3.120000e+00   
   294   7.600000e+00  1.920000e+00   
   295   8.666667e+00  1.440000e+00   
   296   5.466667e+00  4.560000e+00   
   297   5.733333e+00  3.840000e+00   
   298   6.000000e+00  3.360000e+00   
   299   5.200000e+00  6.000000e+00   
   300   1.000000e+01  1.200000e+00   
   301   5.200000e+00  5.760000e+00   
   302   9.733333e+00  1.200000e+00   
   303   6.800000e+00  2.400000e+00   
   304   7.866667e+00  1.680000e+00   
   305   5.200000e+00  5.520000e+00   
   306   6.533333e+00  2.640000e+00   
   307   9.466667e+00  1.200000e+00   
   308   7.066667e+00  2.160000e+00   
   309   8.400000e+00  1.440000e+00   
   310   5.466667e+00  4.320000e+00   
   311   5.200000e+00  5.280000e+00   
   312   6.266667e+00  2.880000e+00   
   313   9.200000e+00  1.200000e+00   
   314   7.333333e+00  1.920000e+00   
   315   5.200000e+00  5.040000e+00   
   316   5.733333e+00  3.600000e+00   
   317   8.933333e+00  1.200000e+00   
   318   5.466667e+00  4.080000e+00   
   319   8.133333e+00  1.440000e+00   
   320   6.000000e+00  3.120000e+00   
   321   7.600000e+00  1.680000e+00   
   322   5.200000e+00  4.800000e+00   
   323   8.666667e+00  1.200000e+00   
   324   6.533333e+00  2.400000e+00   
   325   6.800000e+00  2.160000e+00   
   326   5.200000e+00  4.560000e+00   
   327   5.733333e+00  3.360000e+00   
   328   5.466667e+00  3.840000e+00   
   329   6.266667e+00  2.640000e+00   
   330   7.066667e+00  1.920000e+00   
   331   7.866667e+00  1.440000e+00   
   332   1.000000e+01  9.600000e-01   
   333   9.733333e+00  9.600000e-01   
   334   8.400000e+00  1.200000e+00   
   335   4.933333e+00  6.000000e+00   
   336   9.466667e+00  9.600000e-01   
   337   4.933333e+00  5.760000e+00   
   338   6.000000e+00  2.880000e+00   
   339   7.333333e+00  1.680000e+00   
   340   5.200000e+00  4.320000e+00   
   341   4.933333e+00  5.520000e+00   
   342   9.200000e+00  9.600000e-01   
   343   4.933333e+00  5.280000e+00   
   344   5.466667e+00  3.600000e+00   
   345   5.733333e+00  3.120000e+00   
   346   8.133333e+00  1.200000e+00   
   347   8.933333e+00  9.600000e-01   
   348   7.600000e+00  1.440000e+00   
   349   4.933333e+00  5.040000e+00   
   350   5.200000e+00  4.080000e+00   
   351   6.533333e+00  2.160000e+00   
   352   6.800000e+00  1.920000e+00   
   353   6.266667e+00  2.400000e+00   
   354   4.933333e+00  4.800000e+00   
   355   8.666667e+00  9.600000e-01   
   356   7.066667e+00  1.680000e+00   
   357   6.000000e+00  2.640000e+00   
   358   5.466667e+00  3.360000e+00   
   359   7.866667e+00  1.200000e+00   
   360   5.200000e+00  3.840000e+00   
   361   4.933333e+00  4.560000e+00   
   362   1.000000e+01  7.200000e-01   
   363   7.333333e+00  1.440000e+00   
   364   5.733333e+00  2.880000e+00   
   365   9.733333e+00  7.200000e-01   
   366   8.400000e+00  9.600000e-01   
   367   9.466667e+00  7.200000e-01   
   368   4.666667e+00  6.000000e+00   
   369   4.933333e+00  4.320000e+00   
   370   4.666667e+00  5.760000e+00   
   371   9.200000e+00  7.200000e-01   
   372   6.533333e+00  1.920000e+00   
   373   4.666667e+00  5.520000e+00   
   374   6.266667e+00  2.160000e+00   
   375   7.600000e+00  1.200000e+00   
   376   5.200000e+00  3.600000e+00   
   377   5.466667e+00  3.120000e+00   
   378   8.133333e+00  9.600000e-01   
   379   6.800000e+00  1.680000e+00   
   380   6.000000e+00  2.400000e+00   
   381   4.666667e+00  5.280000e+00   
   382   8.933333e+00  7.200000e-01   
   383   4.933333e+00  4.080000e+00   
   384   4.666667e+00  5.040000e+00   
   385   7.066667e+00  1.440000e+00   
   386   5.733333e+00  2.640000e+00   
   387   8.666667e+00  7.200000e-01   
   388   4.666667e+00  4.800000e+00   
   389   7.866667e+00  9.600000e-01   
   390   5.200000e+00  3.360000e+00   
   391   7.333333e+00  1.200000e+00   
   392   5.466667e+00  2.880000e+00   
   393   4.933333e+00  3.840000e+00   
   394   8.400000e+00  7.200000e-01   
   395   1.000000e+01  4.800000e-01   
   396   4.666667e+00  4.560000e+00   
   397   9.733333e+00  4.800000e-01   
   398   6.266667e+00  1.920000e+00   
   399   6.533333e+00  1.680000e+00   
   400   6.000000e+00  2.160000e+00   
   401   9.466667e+00  4.800000e-01   
   402   6.800000e+00  1.440000e+00   
   403   9.200000e+00  4.800000e-01   
   404   7.600000e+00  9.600000e-01   
   405   5.733333e+00  2.400000e+00   
   406   4.666667e+00  4.320000e+00   
   407   5.200000e+00  3.120000e+00   
   408   4.400000e+00  6.000000e+00   
   409   8.133333e+00  7.200000e-01   
   410   4.400000e+00  5.760000e+00   
   411   4.933333e+00  3.600000e+00   
   412   4.400000e+00  5.520000e+00   
   413   8.933333e+00  4.800000e-01   
   414   7.066667e+00  1.200000e+00   
   415   5.466667e+00  2.640000e+00   
   416   4.400000e+00  5.280000e+00   
   417   4.666667e+00  4.080000e+00   
   418   8.666667e+00  4.800000e-01   
   419   4.400000e+00  5.040000e+00   
   420   7.866667e+00  7.200000e-01   
   421   7.333333e+00  9.600000e-01   
   422   6.266667e+00  1.680000e+00   
   423   4.933333e+00  3.360000e+00   
   424   6.000000e+00  1.920000e+00   
   425   5.200000e+00  2.880000e+00   
   426   4.400000e+00  4.800000e+00   
   427   6.533333e+00  1.440000e+00   
   428   5.733333e+00  2.160000e+00   
   429   8.400000e+00  4.800000e-01   
   430   4.666667e+00  3.840000e+00   
   431   1.000000e+01  2.400000e-01   
   432   9.733333e+00  2.400000e-01   
   433   6.800000e+00  1.200000e+00   
   434   4.400000e+00  4.560000e+00   
   435   9.466667e+00  2.400000e-01   
   436   5.466667e+00  2.400000e+00   
   437   7.600000e+00  7.200000e-01   
   438   9.200000e+00  2.400000e-01   
   439   8.133333e+00  4.800000e-01   
   440   4.933333e+00  3.120000e+00   
   441   7.066667e+00  9.600000e-01   
   442   4.400000e+00  4.320000e+00   
   443   4.666667e+00  3.600000e+00   
   444   8.933333e+00  2.400000e-01   
   445   5.200000e+00  2.640000e+00   
   446   4.133333e+00  6.000000e+00   
   447   4.133333e+00  5.760000e+00   
   448   4.133333e+00  5.520000e+00   
   449   6.000000e+00  1.680000e+00   
   450   6.266667e+00  1.440000e+00   
   451   5.733333e+00  1.920000e+00   
   452   4.133333e+00  5.280000e+00   
   453   8.666667e+00  2.400000e-01   
   454   7.333333e+00  7.200000e-01   
   455   7.866667e+00  4.800000e-01   
   456   4.400000e+00  4.080000e+00   
   457   6.533333e+00  1.200000e+00   
   458   5.466667e+00  2.160000e+00   
   459   4.133333e+00  5.040000e+00   
   460   4.933333e+00  2.880000e+00   
   461   4.666667e+00  3.360000e+00   
   462   6.800000e+00  9.600000e-01   
   463   8.400000e+00  2.400000e-01   
   464   4.133333e+00  4.800000e+00   
   465   1.000000e+01  0.000000e+00   
   466   5.200000e+00  2.400000e+00   
   467   4.400000e+00  3.840000e+00   
   468   9.733333e+00  0.000000e+00   
   469   7.600000e+00  4.800000e-01   
   470   9.466667e+00  0.000000e+00   
   471   7.066667e+00  7.200000e-01   
   472   4.133333e+00  4.560000e+00   
   473   9.200000e+00  0.000000e+00   
   474   8.133333e+00  2.400000e-01   
   475   4.666667e+00  3.120000e+00   
   476   6.000000e+00  1.440000e+00   
   477   5.733333e+00  1.680000e+00   
   478   4.933333e+00  2.640000e+00   
   479   6.266667e+00  1.200000e+00   
   480   4.400000e+00  3.600000e+00   
   481   8.933333e+00  0.000000e+00   
   482   5.466667e+00  1.920000e+00   
   483   4.133333e+00  4.320000e+00   
   484   6.533333e+00  9.600000e-01   
   485   7.333333e+00  4.800000e-01   
   486   3.866667e+00  6.000000e+00   
   487   3.866667e+00  5.760000e+00   
   488   7.866667e+00  2.400000e-01   
   489   8.666667e+00  0.000000e+00   
   490   5.200000e+00  2.160000e+00   
   491   3.866667e+00  5.520000e+00   
   492   4.133333e+00  4.080000e+00   
   493   6.800000e+00  7.200000e-01   
   494   3.866667e+00  5.280000e+00   
   495   4.666667e+00  2.880000e+00   
   496   4.400000e+00  3.360000e+00   
   497   3.866667e+00  5.040000e+00   
   498   8.400000e+00  1.776357e-15   
   499   4.933333e+00  2.400000e+00   
   500   7.600000e+00  2.400000e-01   
   501   1.000000e+01 -2.400000e-01   
   502   5.733333e+00  1.440000e+00   
   503   9.733333e+00 -2.400000e-01   
   504   6.000000e+00  1.200000e+00   
   505   3.866667e+00  4.800000e+00   
   506   7.066667e+00  4.800000e-01   
   507   4.133333e+00  3.840000e+00   
   508   5.466667e+00  1.680000e+00   
   509   9.466667e+00 -2.400000e-01   
   510   6.266667e+00  9.600000e-01   
   511   8.133333e+00  0.000000e+00   
   512   9.200000e+00 -2.400000e-01   
   513   4.400000e+00  3.120000e+00   
   514   5.200000e+00  1.920000e+00   
   515   3.866667e+00  4.560000e+00   
   516   4.666667e+00  2.640000e+00   
   517   6.533333e+00  7.200000e-01   
   518   8.933333e+00 -2.400000e-01   
   519   4.133333e+00  3.600000e+00   
   520   7.333333e+00  2.400000e-01   
   521   4.933333e+00  2.160000e+00   
   522   3.866667e+00  4.320000e+00   
   523   7.866667e+00  0.000000e+00   
   524   6.800000e+00  4.800000e-01   
   525   8.666667e+00 -2.400000e-01   
   526   3.600000e+00  6.000000e+00   
   527   3.600000e+00  5.760000e+00   
   528   4.400000e+00  2.880000e+00   
   529   3.600000e+00  5.520000e+00   
   530   5.733333e+00  1.200000e+00   
   531   3.866667e+00  4.080000e+00   
   532   5.466667e+00  1.440000e+00   
   533   4.133333e+00  3.360000e+00   
   534   6.000000e+00  9.600000e-01   
   535   4.666667e+00  2.400000e+00   
   536   3.600000e+00  5.280000e+00   
   537   8.400000e+00 -2.400000e-01   
   538   5.200000e+00  1.680000e+00   
   539   7.600000e+00  0.000000e+00   
   540   7.066667e+00  2.400000e-01   
   541   6.266667e+00  7.200000e-01   
   542   3.600000e+00  5.040000e+00   
   543   1.000000e+01 -4.800000e-01   
   544   9.733333e+00 -4.800000e-01   
   545   9.466667e+00 -4.800000e-01   
   546   3.866667e+00  3.840000e+00   
   547   4.933333e+00  1.920000e+00   
   548   3.600000e+00  4.800000e+00   
   549   8.133333e+00 -2.400000e-01   
   550   6.533333e+00  4.800000e-01   
   551   9.200000e+00 -4.800000e-01   
   552   4.400000e+00  2.640000e+00   
   553   4.133333e+00  3.120000e+00   
   554   3.600000e+00  4.560000e+00   
   555   7.333333e+00  0.000000e+00   
   556   8.933333e+00 -4.800000e-01   
   557   4.666667e+00  2.160000e+00   
   558   3.866667e+00  3.600000e+00   
   559   6.800000e+00  2.400000e-01   
   560   7.866667e+00 -2.400000e-01   
   561   5.466667e+00  1.200000e+00   
   562   5.733333e+00  9.600000e-01   
   563   8.666667e+00 -4.800000e-01   
   564   3.600000e+00  4.320000e+00   
   565   5.200000e+00  1.440000e+00   
   566   6.000000e+00  7.200000e-01   
   567   4.133333e+00  2.880000e+00   
   568   4.400000e+00  2.400000e+00   
   569   4.933333e+00  1.680000e+00   
   570   6.266667e+00  4.800000e-01   
   571   3.333333e+00  6.000000e+00   
   572   3.333333e+00  5.760000e+00   
   573   8.400000e+00 -4.800000e-01   
   574   3.866667e+00  3.360000e+00   
   575   7.066667e+00  0.000000e+00   
   576   3.600000e+00  4.080000e+00   
   577   3.333333e+00  5.520000e+00   
   578   7.600000e+00 -2.400000e-01   
   579   3.333333e+00  5.280000e+00   
   580   4.666667e+00  1.920000e+00   
   581   1.000000e+01 -7.200000e-01   
   582   6.533333e+00  2.400000e-01   
   583   9.733333e+00 -7.200000e-01   
   584   3.333333e+00  5.040000e+00   
   585   9.466667e+00 -7.200000e-01   
   586   8.133333e+00 -4.800000e-01   
   587   3.600000e+00  3.840000e+00   
   588   4.133333e+00  2.640000e+00   
   589   9.200000e+00 -7.200000e-01   
   590   3.333333e+00  4.800000e+00   
   591   3.866667e+00  3.120000e+00   
   592   5.466667e+00  9.600000e-01   
   593   7.333333e+00 -2.400000e-01   
   594   5.200000e+00  1.200000e+00   
   595   5.733333e+00  7.200000e-01   
   596   4.400000e+00  2.160000e+00   
   597   6.800000e+00  0.000000e+00   
   598   8.933333e+00 -7.200000e-01   
   599   4.933333e+00  1.440000e+00   
   600   6.000000e+00  4.800000e-01   
   601   3.333333e+00  4.560000e+00   
   602   7.866667e+00 -4.800000e-01   
   603   3.600000e+00  3.600000e+00   
   604   8.666667e+00 -7.200000e-01   
   605   4.666667e+00  1.680000e+00   
   606   6.266667e+00  2.400000e-01   
   607   3.333333e+00  4.320000e+00   
   608   3.866667e+00  2.880000e+00   
   609   4.133333e+00  2.400000e+00   
   610   7.066667e+00 -2.400000e-01   
   611   8.400000e+00 -7.200000e-01   
   612   7.600000e+00 -4.800000e-01   
   613   3.600000e+00  3.360000e+00   
   614   4.400000e+00  1.920000e+00   
   615   6.533333e+00  0.000000e+00   
   616   3.066667e+00  6.000000e+00   
   617   3.066667e+00  5.760000e+00   
   618   3.333333e+00  4.080000e+00   
   619   3.066667e+00  5.520000e+00   
   620   5.466667e+00  7.200000e-01   
   621   1.000000e+01 -9.600000e-01   
   622   5.200000e+00  9.600000e-01   
   623   9.733333e+00 -9.600000e-01   
   624   3.066667e+00  5.280000e+00   
   625   8.133333e+00 -7.200000e-01   
   626   5.733333e+00  4.800000e-01   
   627   4.933333e+00  1.200000e+00   
   628   9.466667e+00 -9.600000e-01   
   629   3.866667e+00  2.640000e+00   
   630   3.066667e+00  5.040000e+00   
   631   9.200000e+00 -9.600000e-01   
   632   7.333333e+00 -4.800000e-01   
   633   3.333333e+00  3.840000e+00   
   634   4.133333e+00  2.160000e+00   
   635   6.000000e+00  2.400000e-01   
   636   6.800000e+00 -2.400000e-01   
   637   4.666667e+00  1.440000e+00   
   638   3.600000e+00  3.120000e+00   
   639   3.066667e+00  4.800000e+00   
   640   8.933333e+00 -9.600000e-01   
   641   7.866667e+00 -7.200000e-01   
   642   6.266667e+00  0.000000e+00   
   643   4.400000e+00  1.680000e+00   
   644   3.066667e+00  4.560000e+00   
   645   3.333333e+00  3.600000e+00   
   646   8.666667e+00 -9.600000e-01   
   647   3.866667e+00  2.400000e+00   
   648   7.066667e+00 -4.800000e-01   
   649   3.600000e+00  2.880000e+00   
   650   3.066667e+00  4.320000e+00   
   651   5.200000e+00  7.200000e-01   
   652   7.600000e+00 -7.200000e-01   
   653   6.533333e+00 -2.400000e-01   
   654   8.400000e+00 -9.600000e-01   
   655   5.466667e+00  4.800000e-01   
   656   4.133333e+00  1.920000e+00   
   657   4.933333e+00  9.600000e-01   
   658   5.733333e+00  2.400000e-01   
   659   3.333333e+00  3.360000e+00   
   660   4.666667e+00  1.200000e+00   
   661   3.066667e+00  4.080000e+00   
   662   1.000000e+01 -1.200000e+00   
   663   2.800000e+00  6.000000e+00   
   664   2.800000e+00  5.760000e+00   
   665   9.733333e+00 -1.200000e+00   
   666   8.133333e+00 -9.600000e-01   
   667   6.000000e+00  0.000000e+00   
   668   2.800000e+00  5.520000e+00   
   669   9.466667e+00 -1.200000e+00   
   670   4.400000e+00  1.440000e+00   
   671   6.800000e+00 -4.800000e-01   
   672   3.600000e+00  2.640000e+00   
   673   7.333333e+00 -7.200000e-01   
   674   2.800000e+00  5.280000e+00   
   675   3.866667e+00  2.160000e+00   
   676   9.200000e+00 -1.200000e+00   
   677   3.066667e+00  3.840000e+00   
   678   3.333333e+00  3.120000e+00   
   679   2.800000e+00  5.040000e+00   
   680   6.266667e+00 -2.400000e-01   
   681   8.933333e+00 -1.200000e+00   
   682   7.866667e+00 -9.600000e-01   
   683   4.133333e+00  1.680000e+00   
   684   2.800000e+00  4.800000e+00   
   685   5.200000e+00  4.800000e-01   
   686   4.933333e+00  7.200000e-01   
   687   8.666667e+00 -1.200000e+00   
   688   5.466667e+00  2.400000e-01   
   689   7.066667e+00 -7.200000e-01   
   690   3.066667e+00  3.600000e+00   
   691   4.666667e+00  9.600000e-01   
   692   2.800000e+00  4.560000e+00   
   693   3.600000e+00  2.400000e+00   
   694   6.533333e+00 -4.800000e-01   
   695   3.333333e+00  2.880000e+00   
   696   7.600000e+00 -9.600000e-01   
   697   5.733333e+00  0.000000e+00   
   698   3.866667e+00  1.920000e+00   
   699   4.400000e+00  1.200000e+00   
   700   8.400000e+00 -1.200000e+00   
   701   2.800000e+00  4.320000e+00   
   702   6.000000e+00 -2.400000e-01   
   703   3.066667e+00  3.360000e+00   
   704   4.133333e+00  1.440000e+00   
   705   8.133333e+00 -1.200000e+00   
   706   1.000000e+01 -1.440000e+00   
   707   6.800000e+00 -7.200000e-01   
   708   9.733333e+00 -1.440000e+00   
   709   2.800000e+00  4.080000e+00   
   710   7.333333e+00 -9.600000e-01   
   711   9.466667e+00 -1.440000e+00   
   712   3.600000e+00  2.160000e+00   
   713   3.333333e+00  2.640000e+00   
   714   2.533333e+00  6.000000e+00   
   715   2.533333e+00  5.760000e+00   
   716   6.266667e+00 -4.800000e-01   
   717   2.533333e+00  5.520000e+00   
   718   9.200000e+00 -1.440000e+00   
   719   4.933333e+00  4.800000e-01   
   720   5.200000e+00  2.400000e-01   
   721   2.533333e+00  5.280000e+00   
   722   3.866667e+00  1.680000e+00   
   723   4.666667e+00  7.200000e-01   
   724   3.066667e+00  3.120000e+00   
   725   7.866667e+00 -1.200000e+00   
   726   8.933333e+00 -1.440000e+00   
   727   2.800000e+00  3.840000e+00   
   728   5.466667e+00  0.000000e+00   
   729   2.533333e+00  5.040000e+00   
   730   4.400000e+00  9.600000e-01   
   731   7.066667e+00 -9.600000e-01   
   732   8.666667e+00 -1.440000e+00   
   733   5.733333e+00 -2.400000e-01   
   734   6.533333e+00 -7.200000e-01   
   735   2.533333e+00  4.800000e+00   
   736   3.333333e+00  2.400000e+00   
   737   4.133333e+00  1.200000e+00   
   738   7.600000e+00 -1.200000e+00   
   739   2.800000e+00  3.600000e+00   
   740   3.600000e+00  1.920000e+00   
   741   3.066667e+00  2.880000e+00   
   742   2.533333e+00  4.560000e+00   
   743   8.400000e+00 -1.440000e+00   
   744   6.000000e+00 -4.800000e-01   
   745   3.866667e+00  1.440000e+00   
   746   2.533333e+00  4.320000e+00   
   747   6.800000e+00 -9.600000e-01   
   748   2.800000e+00  3.360000e+00   
   749   8.133333e+00 -1.440000e+00   
   750   4.933333e+00  2.400000e-01   
   751   4.666667e+00  4.800000e-01   
   752   7.333333e+00 -1.200000e+00   
   753   1.000000e+01 -1.680000e+00   
   754   5.200000e+00  0.000000e+00   
   755   9.733333e+00 -1.680000e+00   
   756   6.266667e+00 -7.200000e-01   
   757   3.333333e+00  2.160000e+00   
   758   4.400000e+00  7.200000e-01   
   759   9.466667e+00 -1.680000e+00   
   760   3.066667e+00  2.640000e+00   
   761   2.533333e+00  4.080000e+00   
   762   5.466667e+00 -2.400000e-01   
   763   9.200000e+00 -1.680000e+00   
   764   3.600000e+00  1.680000e+00   
   765   2.266667e+00  6.000000e+00   
   766   4.133333e+00  9.600000e-01   
   767   2.266667e+00  5.760000e+00   
   768   7.866667e+00 -1.440000e+00   
   769   2.266667e+00  5.520000e+00   
   770   8.933333e+00 -1.680000e+00   
   771   2.800000e+00  3.120000e+00   
   772   5.733333e+00 -4.800000e-01   
   773   2.266667e+00  5.280000e+00   
   774   2.533333e+00  3.840000e+00   
   775   7.066667e+00 -1.200000e+00   
   776   6.533333e+00 -9.600000e-01   
   777   3.866667e+00  1.200000e+00   
   778   2.266667e+00  5.040000e+00   
   779   8.666667e+00 -1.680000e+00   
   780   3.066667e+00  2.400000e+00   
   781   3.333333e+00  1.920000e+00   
   782   7.600000e+00 -1.440000e+00   
   783   6.000000e+00 -7.200000e-01   
   784   2.266667e+00  4.800000e+00   
   785   2.533333e+00  3.600000e+00   
   786   8.400000e+00 -1.680000e+00   
   787   2.800000e+00  2.880000e+00   
   788   4.666667e+00  2.400000e-01   
   789   4.933333e+00  0.000000e+00   
   790   3.600000e+00  1.440000e+00   
   791   4.400000e+00  4.800000e-01   
   792   2.266667e+00  4.560000e+00   
   793   5.200000e+00 -2.400000e-01   
   794   6.800000e+00 -1.200000e+00   
   795   4.133333e+00  7.200000e-01   
   796   6.266667e+00 -9.600000e-01   
   797   7.333333e+00 -1.440000e+00   
   798   8.133333e+00 -1.680000e+00   
   799   5.466667e+00 -4.800000e-01   
   800   2.266667e+00  4.320000e+00   
   801   2.533333e+00  3.360000e+00   
   802   1.000000e+01 -1.920000e+00   
   803   9.733333e+00 -1.920000e+00   
   804   3.066667e+00  2.160000e+00   
   805   9.466667e+00 -1.920000e+00   
   806   3.866667e+00  9.600000e-01   
   807   3.333333e+00  1.680000e+00   
   808   2.800000e+00  2.640000e+00   
   809   5.733333e+00 -7.200000e-01   
   810   9.200000e+00 -1.920000e+00   
   811   2.266667e+00  4.080000e+00   
   812   7.866667e+00 -1.680000e+00   
   813   6.533333e+00 -1.200000e+00   
   814   8.933333e+00 -1.920000e+00   
   815   7.066667e+00 -1.440000e+00   
   816   2.000000e+00  6.000000e+00   
   817   3.600000e+00  1.200000e+00   
   818   2.533333e+00  3.120000e+00   
   819   2.000000e+00  5.760000e+00   
   820   2.000000e+00  5.520000e+00   
   821   6.000000e+00 -9.600000e-01   
   822   4.666667e+00  0.000000e+00   
   823   2.266667e+00  3.840000e+00   
   824   8.666667e+00 -1.920000e+00   
   825   2.000000e+00  5.280000e+00   
   826   4.400000e+00  2.400000e-01   
   827   4.933333e+00 -2.400000e-01   
   828   3.066667e+00  1.920000e+00   
   829   7.600000e+00 -1.680000e+00   
   830   2.800000e+00  2.400000e+00   
   831   4.133333e+00  4.800000e-01   
   832   2.000000e+00  5.040000e+00   
   833   5.200000e+00 -4.800000e-01   
   834   3.333333e+00  1.440000e+00   
   835   8.400000e+00 -1.920000e+00   
   836   2.000000e+00  4.800000e+00   
   837   2.533333e+00  2.880000e+00   
   838   3.866667e+00  7.200000e-01   
   839   2.266667e+00  3.600000e+00   
   840   6.800000e+00 -1.440000e+00   
   841   5.466667e+00 -7.200000e-01   
   842   6.266667e+00 -1.200000e+00   
   843   2.000000e+00  4.560000e+00   
   844   7.333333e+00 -1.680000e+00   
   845   8.133333e+00 -1.920000e+00   
   846   3.600000e+00  9.600000e-01   
   847   1.000000e+01 -2.160000e+00   
   848   2.800000e+00  2.160000e+00   
   849   5.733333e+00 -9.600000e-01   
   850   9.733333e+00 -2.160000e+00   
   851   3.066667e+00  1.680000e+00   
   852   2.266667e+00  3.360000e+00   
   853   2.000000e+00  4.320000e+00   
   854   9.466667e+00 -2.160000e+00   
   855   2.533333e+00  2.640000e+00   
   856   9.200000e+00 -2.160000e+00   
   857   7.866667e+00 -1.920000e+00   
   858   4.400000e+00  0.000000e+00   
   859   6.533333e+00 -1.440000e+00   
   860   4.666667e+00 -2.400000e-01   
   861   3.333333e+00  1.200000e+00   
   862   7.066667e+00 -1.680000e+00   
   863   4.133333e+00  2.400000e-01   
   864   4.933333e+00 -4.800000e-01   
   865   2.000000e+00  4.080000e+00   
   866   8.933333e+00 -2.160000e+00   
   867   6.000000e+00 -1.200000e+00   
   868   3.866667e+00  4.800000e-01   
   869   2.266667e+00  3.120000e+00   
   870   5.200000e+00 -7.200000e-01   
   871   8.666667e+00 -2.160000e+00   
   872   7.600000e+00 -1.920000e+00   
   873   2.800000e+00  1.920000e+00   
   874   2.000000e+00  3.840000e+00   
   875   2.533333e+00  2.400000e+00   
   876   3.600000e+00  7.200000e-01   
   877   3.066667e+00  1.440000e+00   
   878   5.466667e+00 -9.600000e-01   
   879   8.400000e+00 -2.160000e+00   
   880   6.800000e+00 -1.680000e+00   
   881   6.266667e+00 -1.440000e+00   
   882   2.266667e+00  2.880000e+00   
   883   2.000000e+00  3.600000e+00   
   884   7.333333e+00 -1.920000e+00   
   885   3.333333e+00  9.600000e-01   
   886   5.733333e+00 -1.200000e+00   
   887   8.133333e+00 -2.160000e+00   
   888   4.400000e+00 -2.400000e-01   
   889   4.133333e+00  0.000000e+00   
   890   4.666667e+00 -4.800000e-01   
   891   2.533333e+00  2.160000e+00   
   892   2.800000e+00  1.680000e+00   
   893   1.000000e+01 -2.400000e+00   
   894   9.733333e+00 -2.400000e+00   
   895   3.866667e+00  2.400000e-01   
   896   4.933333e+00 -7.200000e-01   
   897   9.466667e+00 -2.400000e+00   
   898   2.000000e+00  3.360000e+00   
   899   6.533333e+00 -1.680000e+00   
   900   2.266667e+00  2.640000e+00   
   901   3.066667e+00  1.200000e+00   
   902   7.866667e+00 -2.160000e+00   
   903   9.200000e+00 -2.400000e+00   
   904   7.066667e+00 -1.920000e+00   
   905   6.000000e+00 -1.440000e+00   
   906   3.600000e+00  4.800000e-01   
   907   5.200000e+00 -9.600000e-01   
   908   8.933333e+00 -2.400000e+00   
   909   2.000000e+00  3.120000e+00   
   910   3.333333e+00  7.200000e-01   
   911   8.666667e+00 -2.400000e+00   
   912   7.600000e+00 -2.160000e+00   
   913   5.466667e+00 -1.200000e+00   
   914   2.533333e+00  1.920000e+00   
   915   2.800000e+00  1.440000e+00   
   916   2.266667e+00  2.400000e+00   
   917   6.266667e+00 -1.680000e+00   
   918   6.800000e+00 -1.920000e+00   
   919   8.400000e+00 -2.400000e+00   
   920   4.400000e+00 -4.800000e-01   
   921   4.133333e+00 -2.400000e-01   
   922   3.066667e+00  9.600000e-01   
   923   5.733333e+00 -1.440000e+00   
   924   4.666667e+00 -7.200000e-01   
   925   3.866667e+00  0.000000e+00   
   926   7.333333e+00 -2.160000e+00   
   927   2.000000e+00  2.880000e+00   
   928   8.133333e+00 -2.400000e+00   
   929   4.933333e+00 -9.600000e-01   
   930   3.600000e+00  2.400000e-01   
   931   2.533333e+00  1.680000e+00   
   932   2.266667e+00  2.160000e+00   
   933   1.000000e+01 -2.640000e+00   
   934   9.733333e+00 -2.640000e+00   
   935   6.533333e+00 -1.920000e+00   
   936   5.200000e+00 -1.200000e+00   
   937   2.800000e+00  1.200000e+00   
   938   3.333333e+00  4.800000e-01   
   939   9.466667e+00 -2.640000e+00   
   940   6.000000e+00 -1.680000e+00   
   941   7.866667e+00 -2.400000e+00   
   942   7.066667e+00 -2.160000e+00   
   943   9.200000e+00 -2.640000e+00   
   944   2.000000e+00  2.640000e+00   
   945   8.933333e+00 -2.640000e+00   
   946   5.466667e+00 -1.440000e+00   
   947   3.066667e+00  7.200000e-01   
   948   7.600000e+00 -2.400000e+00   
   949   4.133333e+00 -4.800000e-01   
   950   8.666667e+00 -2.640000e+00   
   951   2.266667e+00  1.920000e+00   
   952   4.400000e+00 -7.200000e-01   
   953   2.533333e+00  1.440000e+00   
   954   3.866667e+00 -2.400000e-01   
   955   6.266667e+00 -1.920000e+00   
   956   6.800000e+00 -2.160000e+00   
   957   4.666667e+00 -9.600000e-01   
   958   2.000000e+00  2.400000e+00   
   959   3.600000e+00  0.000000e+00   
   960   5.733333e+00 -1.680000e+00   
   961   8.400000e+00 -2.640000e+00   
   962   2.800000e+00  9.600000e-01   
   963   4.933333e+00 -1.200000e+00   
   964   3.333333e+00  2.400000e-01   
   965   7.333333e+00 -2.400000e+00   
   966   8.133333e+00 -2.640000e+00   
   967   5.200000e+00 -1.440000e+00   
   968   2.266667e+00  1.680000e+00   
   969   3.066667e+00  4.800000e-01   
   970   6.533333e+00 -2.160000e+00   
   971   6.000000e+00 -1.920000e+00   
   972   2.000000e+00  2.160000e+00   
   973   2.533333e+00  1.200000e+00   
   974   1.000000e+01 -2.880000e+00   
   975   9.733333e+00 -2.880000e+00   
   976   9.466667e+00 -2.880000e+00   
   977   7.066667e+00 -2.400000e+00   
   978   7.866667e+00 -2.640000e+00   
   979   9.200000e+00 -2.880000e+00   
   980   5.466667e+00 -1.680000e+00   
   981   4.133333e+00 -7.200000e-01   
   982   3.866667e+00 -4.800000e-01   
   983   2.800000e+00  7.200000e-01   
   984   4.400000e+00 -9.600000e-01   
   985   3.600000e+00 -2.400000e-01   
   986   8.933333e+00 -2.880000e+00   
   987   4.666667e+00 -1.200000e+00   
   988   7.600000e+00 -2.640000e+00   
   989   3.333333e+00  0.000000e+00   
   990   6.266667e+00 -2.160000e+00   
   991   2.266667e+00  1.440000e+00   
   992   8.666667e+00 -2.880000e+00   
   993   2.000000e+00  1.920000e+00   
   994   6.800000e+00 -2.400000e+00   
   995   5.733333e+00 -1.920000e+00   
   996   4.933333e+00 -1.440000e+00   
   997   2.533333e+00  9.600000e-01   
   998   3.066667e+00  2.400000e-01   
   999   8.400000e+00 -2.880000e+00   
   1000   7.333333e+00 -2.640000e+00   
   1001   5.200000e+00 -1.680000e+00   
   1002   2.800000e+00  4.800000e-01   
   1003   8.133333e+00 -2.880000e+00   
   1004   6.533333e+00 -2.400000e+00   
   1005   6.000000e+00 -2.160000e+00   
   1006   2.000000e+00  1.680000e+00   
   1007   3.866667e+00 -7.200000e-01   
   1008   2.266667e+00  1.200000e+00   
   1009   4.133333e+00 -9.600000e-01   
   1010   3.600000e+00 -4.800000e-01   
   1011   1.000000e+01 -3.120000e+00   
   1012   4.400000e+00 -1.200000e+00   
   1013   9.733333e+00 -3.120000e+00   
   1014   7.066667e+00 -2.640000e+00   
   1015   5.466667e+00 -1.920000e+00   
   1016   3.333333e+00 -2.400000e-01   
   1017   7.866667e+00 -2.880000e+00   
   1018   9.466667e+00 -3.120000e+00   
   1019   2.533333e+00  7.200000e-01   
   1020   4.666667e+00 -1.440000e+00   
   1021   9.200000e+00 -3.120000e+00   
   1022   3.066667e+00  0.000000e+00   
   1023   8.933333e+00 -3.120000e+00   
   1024   6.266667e+00 -2.400000e+00   
   1025   7.600000e+00 -2.880000e+00   
   1026   4.933333e+00 -1.680000e+00   
   1027   5.733333e+00 -2.160000e+00   
   1028   2.000000e+00  1.440000e+00   
   1029   6.800000e+00 -2.640000e+00   
   1030   8.666667e+00 -3.120000e+00   
   1031   2.800000e+00  2.400000e-01   
   1032   2.266667e+00  9.600000e-01   
   1033   8.400000e+00 -3.120000e+00   
   1034   5.200000e+00 -1.920000e+00   
   1035   7.333333e+00 -2.880000e+00   
   1036   3.866667e+00 -9.600000e-01   
   1037   3.600000e+00 -7.200000e-01   
   1038   2.533333e+00  4.800000e-01   
   1039   4.133333e+00 -1.200000e+00   
   1040   3.333333e+00 -4.800000e-01   
   1041   6.000000e+00 -2.400000e+00   
   1042   8.133333e+00 -3.120000e+00   
   1043   6.533333e+00 -2.640000e+00   
   1044   4.400000e+00 -1.440000e+00   
   1045   3.066667e+00 -2.400000e-01   
   1046   2.000000e+00  1.200000e+00   
   1047   5.466667e+00 -2.160000e+00   
   1048   4.666667e+00 -1.680000e+00   
   1049   7.066667e+00 -2.880000e+00   
   1050   1.000000e+01 -3.360000e+00   
   1051   9.733333e+00 -3.360000e+00   
   1052   2.266667e+00  7.200000e-01   
   1053   7.866667e+00 -3.120000e+00   
   1054   2.800000e+00  0.000000e+00   
   1055   9.466667e+00 -3.360000e+00   
   1056   9.200000e+00 -3.360000e+00   
   1057   4.933333e+00 -1.920000e+00   
   1058   6.266667e+00 -2.640000e+00   
   1059   8.933333e+00 -3.360000e+00   
   1060   5.733333e+00 -2.400000e+00   
   1061   2.533333e+00  2.400000e-01   
   1062   7.600000e+00 -3.120000e+00   
   1063   6.800000e+00 -2.880000e+00   
   1064   8.666667e+00 -3.360000e+00   
   1065   2.000000e+00  9.600000e-01   
   1066   3.600000e+00 -9.600000e-01   
   1067   3.866667e+00 -1.200000e+00   
   1068   3.333333e+00 -7.200000e-01   
   1069   5.200000e+00 -2.160000e+00   
   1070   4.133333e+00 -1.440000e+00   
   1071   3.066667e+00 -4.800000e-01   
   1072   8.400000e+00 -3.360000e+00   
   1073   2.266667e+00  4.800000e-01   
   1074   7.333333e+00 -3.120000e+00   
   1075   4.400000e+00 -1.680000e+00   
   1076   6.000000e+00 -2.640000e+00   
   1077   2.800000e+00 -2.400000e-01   
   1078   6.533333e+00 -2.880000e+00   
   1079   8.133333e+00 -3.360000e+00   
   1080   5.466667e+00 -2.400000e+00   
   1081   4.666667e+00 -1.920000e+00   
   1082   2.533333e+00  0.000000e+00   
   1083   7.066667e+00 -3.120000e+00   
   1084   2.000000e+00  7.200000e-01   
   1085   1.000000e+01 -3.600000e+00   
   1086   7.866667e+00 -3.360000e+00   
   1087   9.733333e+00 -3.600000e+00   
   1088   4.933333e+00 -2.160000e+00   
   1089   9.466667e+00 -3.600000e+00   
   1090   6.266667e+00 -2.880000e+00   
   1091   3.600000e+00 -1.200000e+00   
   1092   9.200000e+00 -3.600000e+00   
   1093   5.733333e+00 -2.640000e+00   
   1094   3.333333e+00 -9.600000e-01   
   1095   3.866667e+00 -1.440000e+00   
   1096   2.266667e+00  2.400000e-01   
   1097   3.066667e+00 -7.200000e-01   
   1098   8.933333e+00 -3.600000e+00   
   1099   7.600000e+00 -3.360000e+00   
   1100   4.133333e+00 -1.680000e+00   
   1101   6.800000e+00 -3.120000e+00   
   1102   5.200000e+00 -2.400000e+00   
   1103   2.800000e+00 -4.800000e-01   
   1104   8.666667e+00 -3.600000e+00   
   1105   4.400000e+00 -1.920000e+00   
   1106   2.000000e+00  4.800000e-01   
   1107   2.533333e+00 -2.400000e-01   
   1108   8.400000e+00 -3.600000e+00   
   1109   7.333333e+00 -3.360000e+00   
   1110   6.000000e+00 -2.880000e+00   
   1111   4.666667e+00 -2.160000e+00   
   1112   6.533333e+00 -3.120000e+00   
   1113   5.466667e+00 -2.640000e+00   
   1114   8.133333e+00 -3.600000e+00   
   1115   2.266667e+00  0.000000e+00   
   1116   7.066667e+00 -3.360000e+00   
   1117   4.933333e+00 -2.400000e+00   
   1118   3.333333e+00 -1.200000e+00   
   1119   3.600000e+00 -1.440000e+00   
   1120   3.066667e+00 -9.600000e-01   
   1121   3.866667e+00 -1.680000e+00   
   1122   7.866667e+00 -3.600000e+00   
   1123   1.000000e+01 -3.840000e+00   
   1124   9.733333e+00 -3.840000e+00   
   1125   2.800000e+00 -7.200000e-01   
   1126   5.733333e+00 -2.880000e+00   
   1127   9.466667e+00 -3.840000e+00   
   1128   6.266667e+00 -3.120000e+00   
   1129   4.133333e+00 -1.920000e+00   
   1130   2.000000e+00  2.400000e-01   
   1131   9.200000e+00 -3.840000e+00   
   1132   5.200000e+00 -2.640000e+00   
   1133   2.533333e+00 -4.800000e-01   
   1134   6.800000e+00 -3.360000e+00   
   1135   7.600000e+00 -3.600000e+00   
   1136   4.400000e+00 -2.160000e+00   
   1137   8.933333e+00 -3.840000e+00   
   1138   8.666667e+00 -3.840000e+00   
   1139   2.266667e+00 -2.400000e-01   
   1140   4.666667e+00 -2.400000e+00   
   1141   6.000000e+00 -3.120000e+00   
   1142   7.333333e+00 -3.600000e+00   
   1143   8.400000e+00 -3.840000e+00   
   1144   5.466667e+00 -2.880000e+00   
   1145   6.533333e+00 -3.360000e+00   
   1146   3.333333e+00 -1.440000e+00   
   1147   3.066667e+00 -1.200000e+00   
   1148   3.600000e+00 -1.680000e+00   
   1149   2.000000e+00  0.000000e+00   
   1150   2.800000e+00 -9.600000e-01   
   1151   8.133333e+00 -3.840000e+00   
   1152   4.933333e+00 -2.640000e+00   
   1153   3.866667e+00 -1.920000e+00   
   1154   7.066667e+00 -3.600000e+00   
   1155   2.533333e+00 -7.200000e-01   
   1156   4.133333e+00 -2.160000e+00   
   1157   7.866667e+00 -3.840000e+00   
   1158   5.733333e+00 -3.120000e+00   
   1159   6.266667e+00 -3.360000e+00   
   1160   1.000000e+01 -4.080000e+00   
   1161   9.733333e+00 -4.080000e+00   
   1162   2.266667e+00 -4.800000e-01   
   1163   9.466667e+00 -4.080000e+00   
   1164   5.200000e+00 -2.880000e+00   
   1165   4.400000e+00 -2.400000e+00   
   1166   9.200000e+00 -4.080000e+00   
   1167   6.800000e+00 -3.600000e+00   
   1168   7.600000e+00 -3.840000e+00   
   1169   8.933333e+00 -4.080000e+00   
   1170   2.000000e+00 -2.400000e-01   
   1171   4.666667e+00 -2.640000e+00   
   1172   8.666667e+00 -4.080000e+00   
   1173   3.066667e+00 -1.440000e+00   
   1174   3.333333e+00 -1.680000e+00   
   1175   6.000000e+00 -3.360000e+00   
   1176   2.800000e+00 -1.200000e+00   
   1177   3.600000e+00 -1.920000e+00   
   1178   5.466667e+00 -3.120000e+00   
   1179   7.333333e+00 -3.840000e+00   
   1180   8.400000e+00 -4.080000e+00   
   1181   6.533333e+00 -3.600000e+00   
   1182   2.533333e+00 -9.600000e-01   
   1183   3.866667e+00 -2.160000e+00   
   1184   4.933333e+00 -2.880000e+00   
   1185   2.266667e+00 -7.200000e-01   
   1186   4.133333e+00 -2.400000e+00   
   1187   8.133333e+00 -4.080000e+00   
   1188   7.066667e+00 -3.840000e+00   
   1189   5.733333e+00 -3.360000e+00   
   1190   2.000000e+00 -4.800000e-01   
   1191   4.400000e+00 -2.640000e+00   
   1192   6.266667e+00 -3.600000e+00   
   1193   7.866667e+00 -4.080000e+00   
   1194   5.200000e+00 -3.120000e+00   
   1195   1.000000e+01 -4.320000e+00   
   1196   9.733333e+00 -4.320000e+00   
   1197   9.466667e+00 -4.320000e+00   
   1198   3.066667e+00 -1.680000e+00   
   1199   6.800000e+00 -3.840000e+00   
   1200   9.200000e+00 -4.320000e+00   
   1201   3.333333e+00 -1.920000e+00   
   1202   2.800000e+00 -1.440000e+00   
   1203   4.666667e+00 -2.880000e+00   
   1204   7.600000e+00 -4.080000e+00   
   1205   3.600000e+00 -2.160000e+00   
   1206   2.533333e+00 -1.200000e+00   
   1207   8.933333e+00 -4.320000e+00   
   1208   6.000000e+00 -3.600000e+00   
   1209   5.466667e+00 -3.360000e+00   
   1210   3.866667e+00 -2.400000e+00   
   1211   2.266667e+00 -9.600000e-01   
   1212   8.666667e+00 -4.320000e+00   
   1213   7.333333e+00 -4.080000e+00   
   1214   6.533333e+00 -3.840000e+00   
   1215   4.933333e+00 -3.120000e+00   
   1216   8.400000e+00 -4.320000e+00   
   1217   4.133333e+00 -2.640000e+00   
   1218   2.000000e+00 -7.200000e-01   
   1219   8.133333e+00 -4.320000e+00   
   1220   7.066667e+00 -4.080000e+00   
   1221   4.400000e+00 -2.880000e+00   
   1222   5.733333e+00 -3.600000e+00   
   1223   5.200000e+00 -3.360000e+00   
   1224   6.266667e+00 -3.840000e+00   
   1225   3.066667e+00 -1.920000e+00   
   1226   2.800000e+00 -1.680000e+00   
   1227   3.333333e+00 -2.160000e+00   
   1228   7.866667e+00 -4.320000e+00   
   1229   2.533333e+00 -1.440000e+00   
   1230   1.000000e+01 -4.560000e+00   
   1231   3.600000e+00 -2.400000e+00   
   1232   9.733333e+00 -4.560000e+00   
   1233   4.666667e+00 -3.120000e+00   
   1234   2.266667e+00 -1.200000e+00   
   1235   9.466667e+00 -4.560000e+00   
   1236   6.800000e+00 -4.080000e+00   
   1237   9.200000e+00 -4.560000e+00   
   1238   7.600000e+00 -4.320000e+00   
   1239   3.866667e+00 -2.640000e+00   
   1240   2.000000e+00 -9.600000e-01   
   1241   8.933333e+00 -4.560000e+00   
   1242   5.466667e+00 -3.600000e+00   
   1243   6.000000e+00 -3.840000e+00   
   1244   4.133333e+00 -2.880000e+00   
   1245   4.933333e+00 -3.360000e+00   
   1246   8.666667e+00 -4.560000e+00   
   1247   7.333333e+00 -4.320000e+00   
   1248   6.533333e+00 -4.080000e+00   
   1249   8.400000e+00 -4.560000e+00   
   1250   4.400000e+00 -3.120000e+00   
   1251   2.800000e+00 -1.920000e+00   
   1252   3.066667e+00 -2.160000e+00   
   1253   2.533333e+00 -1.680000e+00   
   1254   8.133333e+00 -4.560000e+00   
   1255   3.333333e+00 -2.400000e+00   
   1256   5.733333e+00 -3.840000e+00   
   1257   7.066667e+00 -4.320000e+00   
   1258   2.266667e+00 -1.440000e+00   
   1259   5.200000e+00 -3.600000e+00   
   1260   6.266667e+00 -4.080000e+00   
   1261   3.600000e+00 -2.640000e+00   
   1262   2.000000e+00 -1.200000e+00   
   1263   4.666667e+00 -3.360000e+00   
   1264   7.866667e+00 -4.560000e+00   
   1265   3.866667e+00 -2.880000e+00   
   1266   1.000000e+01 -4.800000e+00   
   1267   9.733333e+00 -4.800000e+00   
   1268   6.800000e+00 -4.320000e+00   
   1269   9.466667e+00 -4.800000e+00   
   1270   7.600000e+00 -4.560000e+00   
   1271   9.200000e+00 -4.800000e+00   
   1272   5.466667e+00 -3.840000e+00   
   1273   4.133333e+00 -3.120000e+00   
   1274   6.000000e+00 -4.080000e+00   
   1275   8.933333e+00 -4.800000e+00   
   1276   4.933333e+00 -3.600000e+00   
   1277   8.666667e+00 -4.800000e+00   
   1278   2.800000e+00 -2.160000e+00   
   1279   2.533333e+00 -1.920000e+00   
   1280   6.533333e+00 -4.320000e+00   
   1281   7.333333e+00 -4.560000e+00   
   1282   3.066667e+00 -2.400000e+00   
   1283   2.266667e+00 -1.680000e+00   
   1284   4.400000e+00 -3.360000e+00   
   1285   3.333333e+00 -2.640000e+00   
   1286   8.400000e+00 -4.800000e+00   
   1287   2.000000e+00 -1.440000e+00   
   1288   5.733333e+00 -4.080000e+00   
   1289   3.600000e+00 -2.880000e+00   
   1290   5.200000e+00 -3.840000e+00   
   1291   7.066667e+00 -4.560000e+00   
   1292   8.133333e+00 -4.800000e+00   
   1293   6.266667e+00 -4.320000e+00   
   1294   4.666667e+00 -3.600000e+00   
   1295   3.866667e+00 -3.120000e+00   
   1296   7.866667e+00 -4.800000e+00   
   1297   6.800000e+00 -4.560000e+00   
   1298   1.000000e+01 -5.040000e+00   
   1299   9.733333e+00 -5.040000e+00   
   1300   4.133333e+00 -3.360000e+00   
   1301   5.466667e+00 -4.080000e+00   
   1302   9.466667e+00 -5.040000e+00   
   1303   2.533333e+00 -2.160000e+00   
   1304   7.600000e+00 -4.800000e+00   
   1305   2.800000e+00 -2.400000e+00   
   1306   4.933333e+00 -3.840000e+00   
   1307   6.000000e+00 -4.320000e+00   
   1308   9.200000e+00 -5.040000e+00   
   1309   2.266667e+00 -1.920000e+00   
   1310   3.066667e+00 -2.640000e+00   
   1311   2.000000e+00 -1.680000e+00   
   1312   8.933333e+00 -5.040000e+00   
   1313   3.333333e+00 -2.880000e+00   
   1314   4.400000e+00 -3.600000e+00   
   1315   6.533333e+00 -4.560000e+00   
   1316   8.666667e+00 -5.040000e+00   
   1317   7.333333e+00 -4.800000e+00   
   1318   3.600000e+00 -3.120000e+00   
   1319   8.400000e+00 -5.040000e+00   
   1320   5.200000e+00 -4.080000e+00   
   1321   5.733333e+00 -4.320000e+00   
   1322   3.866667e+00 -3.360000e+00   
   1323   7.066667e+00 -4.800000e+00   
   1324   4.666667e+00 -3.840000e+00   
   1325   8.133333e+00 -5.040000e+00   
   1326   6.266667e+00 -4.560000e+00   
   1327   2.533333e+00 -2.400000e+00   
   1328   2.266667e+00 -2.160000e+00   
   1329   7.866667e+00 -5.040000e+00   
   1330   2.800000e+00 -2.640000e+00   
   1331   4.133333e+00 -3.600000e+00   
   1332   2.000000e+00 -1.920000e+00   
   1333   6.800000e+00 -4.800000e+00   
   1334   3.066667e+00 -2.880000e+00   
   1335   5.466667e+00 -4.320000e+00   
   1336   1.000000e+01 -5.280000e+00   
   1337   4.933333e+00 -4.080000e+00   
   1338   9.733333e+00 -5.280000e+00   
   1339   6.000000e+00 -4.560000e+00   
   1340   9.466667e+00 -5.280000e+00   
   1341   3.333333e+00 -3.120000e+00   
   1342   7.600000e+00 -5.040000e+00   
   1343   9.200000e+00 -5.280000e+00   
   1344   4.400000e+00 -3.840000e+00   
   1345   8.933333e+00 -5.280000e+00   
   1346   3.600000e+00 -3.360000e+00   
   1347   6.533333e+00 -4.800000e+00   
   1348   7.333333e+00 -5.040000e+00   
   1349   8.666667e+00 -5.280000e+00   
   1350   5.200000e+00 -4.320000e+00   
   1351   5.733333e+00 -4.560000e+00   
   1352   3.866667e+00 -3.600000e+00   
   1353   8.400000e+00 -5.280000e+00   
   1354   4.666667e+00 -4.080000e+00   
   1355   2.266667e+00 -2.400000e+00   
   1356   2.533333e+00 -2.640000e+00   
   1357   7.066667e+00 -5.040000e+00   
   1358   6.266667e+00 -4.800000e+00   
   1359   2.000000e+00 -2.160000e+00   
   1360   2.800000e+00 -2.880000e+00   
   1361   8.133333e+00 -5.280000e+00   
   1362   4.133333e+00 -3.840000e+00   
   1363   3.066667e+00 -3.120000e+00   
   1364   7.866667e+00 -5.280000e+00   
   1365   3.333333e+00 -3.360000e+00   
   1366   5.466667e+00 -4.560000e+00   
   1367   6.800000e+00 -5.040000e+00   
   1368   4.933333e+00 -4.320000e+00   
   1369   6.000000e+00 -4.800000e+00   
   1370   1.000000e+01 -5.520000e+00   
   1371   9.733333e+00 -5.520000e+00   
   1372   4.400000e+00 -4.080000e+00   
   1373   9.466667e+00 -5.520000e+00   
   1374   7.600000e+00 -5.280000e+00   
   1375   3.600000e+00 -3.600000e+00   
   1376   9.200000e+00 -5.520000e+00   
   1377   8.933333e+00 -5.520000e+00   
   1378   6.533333e+00 -5.040000e+00   
   1379   7.333333e+00 -5.280000e+00   
   1380   3.866667e+00 -3.840000e+00   
   1381   2.266667e+00 -2.640000e+00   
   1382   8.666667e+00 -5.520000e+00   
   1383   5.200000e+00 -4.560000e+00   
   1384   2.000000e+00 -2.400000e+00   
   1385   2.533333e+00 -2.880000e+00   
   1386   5.733333e+00 -4.800000e+00   
   1387   4.666667e+00 -4.320000e+00   
   1388   2.800000e+00 -3.120000e+00   
   1389   8.400000e+00 -5.520000e+00   
   1390   3.066667e+00 -3.360000e+00   
   1391   6.266667e+00 -5.040000e+00   
   1392   7.066667e+00 -5.280000e+00   
   1393   4.133333e+00 -4.080000e+00   
   1394   8.133333e+00 -5.520000e+00   
   1395   3.333333e+00 -3.600000e+00   
   1396   4.933333e+00 -4.560000e+00   
   1397   5.466667e+00 -4.800000e+00   
   1398   7.866667e+00 -5.520000e+00   
   1399   6.800000e+00 -5.280000e+00   
   1400   3.600000e+00 -3.840000e+00   
   1401   4.400000e+00 -4.320000e+00   
   1402   6.000000e+00 -5.040000e+00   
   1403   1.000000e+01 -5.760000e+00   
   1404   9.733333e+00 -5.760000e+00   
   1405   7.600000e+00 -5.520000e+00   
   1406   9.466667e+00 -5.760000e+00   
   1407   2.000000e+00 -2.640000e+00   
   1408   2.266667e+00 -2.880000e+00   
   1409   2.533333e+00 -3.120000e+00   
   1410   9.200000e+00 -5.760000e+00   
   1411   3.866667e+00 -4.080000e+00   
   1412   6.533333e+00 -5.280000e+00   
   1413   8.933333e+00 -5.760000e+00   
   1414   2.800000e+00 -3.360000e+00   
   1415   5.200000e+00 -4.800000e+00   
   1416   7.333333e+00 -5.520000e+00   
   1417   4.666667e+00 -4.560000e+00   
   1418   8.666667e+00 -5.760000e+00   
   1419   5.733333e+00 -5.040000e+00   
   1420   3.066667e+00 -3.600000e+00   
   1421   8.400000e+00 -5.760000e+00   
   1422   4.133333e+00 -4.320000e+00   
   1423   6.266667e+00 -5.280000e+00   
   1424   3.333333e+00 -3.840000e+00   
   1425   7.066667e+00 -5.520000e+00   
   1426   8.133333e+00 -5.760000e+00   
   1427   4.933333e+00 -4.800000e+00   
   1428   5.466667e+00 -5.040000e+00   
   1429   3.600000e+00 -4.080000e+00   
   1430   7.866667e+00 -5.760000e+00   
   1431   2.000000e+00 -2.880000e+00   
   1432   4.400000e+00 -4.560000e+00   
   1433   6.800000e+00 -5.520000e+00   
   1434   2.266667e+00 -3.120000e+00   
   1435   6.000000e+00 -5.280000e+00   
   1436   2.533333e+00 -3.360000e+00   
   1437   1.000000e+01 -6.000000e+00   
   1438   2.800000e+00 -3.600000e+00   
   1439   7.600000e+00 -5.760000e+00   
   1440   9.733333e+00 -6.000000e+00   
   1441   3.866667e+00 -4.320000e+00   
   1442   9.466667e+00 -6.000000e+00   
   1443   9.200000e+00 -6.000000e+00   
   1444   6.533333e+00 -5.520000e+00   
   1445   3.066667e+00 -3.840000e+00   
   1446   5.200000e+00 -5.040000e+00   
   1447   4.666667e+00 -4.800000e+00   
   1448   8.933333e+00 -6.000000e+00   
   1449   7.333333e+00 -5.760000e+00   
   1450   5.733333e+00 -5.280000e+00   
   1451   8.666667e+00 -6.000000e+00   
   1452   4.133333e+00 -4.560000e+00   
   1453   3.333333e+00 -4.080000e+00   
   1454   8.400000e+00 -6.000000e+00   
   1455   6.266667e+00 -5.520000e+00   
   1456   7.066667e+00 -5.760000e+00   
   1457   2.000000e+00 -3.120000e+00   
   1458   2.266667e+00 -3.360000e+00   
   1459   3.600000e+00 -4.320000e+00   
   1460   8.133333e+00 -6.000000e+00   
   1461   4.933333e+00 -5.040000e+00   
   1462   5.466667e+00 -5.280000e+00   
   1463   2.533333e+00 -3.600000e+00   
   1464   4.400000e+00 -4.800000e+00   
   1465   6.800000e+00 -5.760000e+00   
   1466   7.866667e+00 -6.000000e+00   
   1467   2.800000e+00 -3.840000e+00   
   1468   6.000000e+00 -5.520000e+00   
   1469   3.866667e+00 -4.560000e+00   
   1470   3.066667e+00 -4.080000e+00   
   1471   7.600000e+00 -6.000000e+00   
   1472   5.200000e+00 -5.280000e+00   
   1473   6.533333e+00 -5.760000e+00   
   1474   4.666667e+00 -5.040000e+00   
   1475   5.733333e+00 -5.520000e+00   
   1476   3.333333e+00 -4.320000e+00   
   1477   4.133333e+00 -4.800000e+00   
   1478   7.333333e+00 -6.000000e+00   
   1479   2.000000e+00 -3.360000e+00   
   1480   2.266667e+00 -3.600000e+00   
   1481   6.266667e+00 -5.760000e+00   
   1482   3.600000e+00 -4.560000e+00   
   1483   2.533333e+00 -3.840000e+00   
   1484   7.066667e+00 -6.000000e+00   
   1485   4.933333e+00 -5.280000e+00   
   1486   4.400000e+00 -5.040000e+00   
   1487   5.466667e+00 -5.520000e+00   
   1488   2.800000e+00 -4.080000e+00   
   1489   6.800000e+00 -6.000000e+00   
   1490   3.866667e+00 -4.800000e+00   
   1491   6.000000e+00 -5.760000e+00   
   1492   3.066667e+00 -4.320000e+00   
   1493   4.666667e+00 -5.280000e+00   
   1494   5.200000e+00 -5.520000e+00   
   1495   3.333333e+00 -4.560000e+00   
   1496   6.533333e+00 -6.000000e+00   
   1497   2.000000e+00 -3.600000e+00   
   1498   4.133333e+00 -5.040000e+00   
   1499   5.733333e+00 -5.760000e+00   
   1500   2.266667e+00 -3.840000e+00   
   1501   2.533333e+00 -4.080000e+00   
   1502   3.600000e+00 -4.800000e+00   
   1503   6.266667e+00 -6.000000e+00   
   1504   2.800000e+00 -4.320000e+00   
   1505   4.933333e+00 -5.520000e+00   
   1506   4.400000e+00 -5.280000e+00   
   1507   5.466667e+00 -5.760000e+00   
   1508   3.866667e+00 -5.040000e+00   
   1509   3.066667e+00 -4.560000e+00   
   1510   6.000000e+00 -6.000000e+00   
   1511   2.000000e+00 -3.840000e+00   
   1512   3.333333e+00 -4.800000e+00   
   1513   4.666667e+00 -5.520000e+00   
   1514   5.200000e+00 -5.760000e+00   
   1515   2.266667e+00 -4.080000e+00   
   1516   4.133333e+00 -5.280000e+00   
   1517   5.733333e+00 -6.000000e+00   
   1518   2.533333e+00 -4.320000e+00   
   1519   3.600000e+00 -5.040000e+00   
   1520   2.800000e+00 -4.560000e+00   
   1521   4.933333e+00 -5.760000e+00   
   1522   4.400000e+00 -5.520000e+00   
   1523   5.466667e+00 -6.000000e+00   
   1524   3.066667e+00 -4.800000e+00   
   1525   3.866667e+00 -5.280000e+00   
   1526   2.000000e+00 -4.080000e+00   
   1527   2.266667e+00 -4.320000e+00   
   1528   3.333333e+00 -5.040000e+00   
   1529   4.666667e+00 -5.760000e+00   
   1530   5.200000e+00 -6.000000e+00   
   1531   4.133333e+00 -5.520000e+00   
   1532   2.533333e+00 -4.560000e+00   
   1533   3.600000e+00 -5.280000e+00   
   1534   2.800000e+00 -4.800000e+00   
   1535   4.400000e+00 -5.760000e+00   
   1536   4.933333e+00 -6.000000e+00   
   1537   3.066667e+00 -5.040000e+00   
   1538   3.866667e+00 -5.520000e+00   
   1539   2.000000e+00 -4.320000e+00   
   1540   2.266667e+00 -4.560000e+00   
   1541   3.333333e+00 -5.280000e+00   
   1542   2.533333e+00 -4.800000e+00   
   1543   4.666667e+00 -6.000000e+00   
   1544   4.133333e+00 -5.760000e+00   
   1545   3.600000e+00 -5.520000e+00   
   1546   2.800000e+00 -5.040000e+00   
   1547   3.066667e+00 -5.280000e+00   
   1548   4.400000e+00 -6.000000e+00   
   1549   2.000000e+00 -4.560000e+00   
   1550   3.866667e+00 -5.760000e+00   
   1551   2.266667e+00 -4.800000e+00   
   1552   3.333333e+00 -5.520000e+00   
   1553   2.533333e+00 -5.040000e+00   
   1554   4.133333e+00 -6.000000e+00   
   1555   2.800000e+00 -5.280000e+00   
   1556   3.600000e+00 -5.760000e+00   
   1557   2.000000e+00 -4.800000e+00   
   1558   3.066667e+00 -5.520000e+00   
   1559   3.866667e+00 -6.000000e+00   
   1560   2.266667e+00 -5.040000e+00   
   1561   3.333333e+00 -5.760000e+00   
   1562   2.533333e+00 -5.280000e+00   
   1563   2.800000e+00 -5.520000e+00   
   1564   3.600000e+00 -6.000000e+00   
   1565   2.000000e+00 -5.040000e+00   
   1566   3.066667e+00 -5.760000e+00   
   1567   2.266667e+00 -5.280000e+00   
   1568   3.333333e+00 -6.000000e+00   
   1569   2.533333e+00 -5.520000e+00   
   1570   2.800000e+00 -5.760000e+00   
   1571   2.000000e+00 -5.280000e+00   
   1572   3.066667e+00 -6.000000e+00   
   1573   2.266667e+00 -5.520000e+00   
   1574   2.533333e+00 -5.760000e+00   
   1575   2.800000e+00 -6.000000e+00   
   1576   2.000000e+00 -5.520000e+00   
   1577   2.266667e+00 -5.760000e+00   
   1578   2.533333e+00 -6.000000e+00   
   1579   2.000000e+00 -5.760000e+00   
   1580   2.266667e+00 -6.000000e+00   
   1581   2.000000e+00 -6.000000e+00   
  END_COORDINATES
  BOUNDARIES, ELEMENT
    1         1581     1578     1580         1     
    2         1576     1581     1579         1     
    3         1578     1572     1575         2     
    4         1572     1564     1568         3     
    5         1564     1554     1559         4     
    6         1554     1543     1548         5     
    7         1543     1530     1536         6     
    8         1530     1517     1523         7     
    9         1517     1503     1510         8     
    10         1503     1489     1496         9     
    11         1489     1478     1484         10     
    12         1478     1466     1471         11     
    13         1466     1454     1460         12     
    14         1454     1448     1451         13     
    15         1448     1442     1443         14     
    16         1442     1437     1440         15     
    17         1437     1370     1403         15     
    18         1565     1576     1571         16     
    19         1370     1298     1336         30     
    20         1549     1565     1557         31     
    21         1298     1230     1266         45     
    22         1526     1549     1539         46     
    23         1230     1160     1195         60     
    24         1497     1526     1511         61     
    25         1160     1085     1123         75     
    26         1457     1497     1479         76     
    27         1085     1011     1050         90     
    28         1407     1457     1431         91     
    29         1011     933     974         105     
    30         1359     1407     1384         106     
    31         933     847     893         120     
    32         1311     1359     1332         121     
    33         847     753     802         135     
    34         1262     1311     1287         136     
    35         753     662     706         150     
    36         1218     1262     1240         151     
    37         662     581     621         165     
    38         1170     1218     1190         166     
    39         581     501     543         180     
    40         1130     1170     1149         181     
    41         501     431     465         195     
    42         1084     1130     1106         196     
    43         431     362     395         210     
    44         1046     1084     1065         211     
    45         362     300     332         225     
    46         1006     1046     1028         226     
    47         300     247     274         240     
    48         972     1006     993         241     
    49         247     196     220         255     
    50         944     972     958         256     
    51         196     151     174         270     
    52         909     944     927         271     
    53         151     113     132         285     
    54         883     909     898         286     
    55         113     79     95         300     
    56         865     883     874         301     
    57         79     53     67         315     
    58         843     865     853         316     
    59         53     32     43         330     
    60         832     843     836         331     
    61         32     16     23         345     
    62         820     832     825         346     
    63         16     5     10         360     
    64         714     816     765         361     
    65         816     820     819         361     
    66         616     714     663         362     
    67         526     616     571         363     
    68         446     526     486         364     
    69         368     446     408         365     
    70         299     368     335         366     
    71         238     299     270         367     
    72         185     238     212         368     
    73         138     185     162         369     
    74         97     138     119         370     
    75         63     97     80         371     
    76         37     63     51         372     
    77         18     37     28         373     
    78         6     18     12         374     
    79         5     1     2         375     
    80         1     6     3         375     
  END_BOUNDARIES
  MATERIALS
     1     0
     2     0
     3     0
     4     0
     5     0
     6     0
     7     0
     8     0
     9     0
     10     0
     11     0
     12     0
     13     0
     14     0
     15     0
     16     0
     17     0
     18     0
     19     0
     20     0
     21     0
     22     0
     23     0
     24     0
     25     0
     26     0
     27     0
     28     0
     29     0
     30     0
     31     0
     32     0
     33     0
     34     0
     35     0
     36     0
     37     0
     38     0
     39     0
     40     0
     41     0
     42     0
     43     0
     44     0
     45     0
     46     0
     47     0
     48     0
     49     0
     50     0
     51     0
     52     0
     53     0
     54     0
     55     0
     56     0
     57     0
     58     0
     59     0
     60     0
     61     0
     62     0
     63     0
     64     0
     65     0
     66     0
     67     0
     68     0
     69     0
     70     0
     71     0
     72     0
     73     0
     74     0
     75     0
     76     0
     77     0
     78     0
     79     0
     80     0
     81     0
     82     0
     83     0
     84     0
     85     0
     86     0
     87     0
     88     0
     89     0
     90     0
     91     0
     92     0
     93     0
     94     0
     95     0
     96     0
     97     0
     98     0
     99     0
     100     0
     101     0
     102     0
     103     0
     104     0
     105     0
     106     0
     107     0
     108     0
     109     0
     110     0
     111     0
     112     0
     113     0
     114     0
     115     0
     116     0
     117     0
     118     0
     119     0
     120     0
     121     0
     122     0
     123     0
     124     0
     125     0
     126     0
     127     0
     128     0
     129     0
     130     0
     131     0
     132     0
     133     0
     134     0
     135     0
     136     0
     137     0
     138     0
     139     0
     140     0
     141     0
     142     0
     143     0
     144     0
     145     0
     146     0
     147     0
     148     0
     149     0
     150     0
     151     0
     152     0
     153     0
     154     0
     155     0
     156     0
     157     0
     158     0
     159     0
     160     0
     161     0
     162     0
     163     0
     164     0
     165     0
     166     0
     167     0
     168     0
     169     0
     170     0
     171     0
     172     0
     173     0
     174     0
     175     0
     176     0
     177     0
     178     0
     179     0
     180     0
     181     0
     182     0
     183     0
     184     0
     185     0
     186     0
     187     0
     188     0
     189     0
     190     0
     191     0
     192     0
     193     0
     194     0
     195     0
     196     0
     197     0
     198     0
     199     0
     200     0
     201     0
     202     0
     203     0
     204     0
     205     0
     206     0
     207     0
     208     0
     209     0
     210     0
     211     0
     212     0
     213     0
     214     0
     215     0
     216     0
     217     0
     218     0
     219     0
     220     0
     221     0
     222     0
     223     0
     224     0
     225     0
     226     0
     227     0
     228     0
     229     0
     230     0
     231     0
     232     0
     233     0
     234     0
     235     0
     236     0
     237     0
     238     0
     239     0
     240     0
     241     0
     242     0
     243     0
     244     0
     245     0
     246     0
     247     0
     248     0
     249     0
     250     0
     251     0
     252     0
     253     0
     254     0
     255     0
     256     0
     257     0
     258     0
     259     0
     260     0
     261     0
     262     0
     263     0
     264     0
     265     0
     266     0
     267     0
     268     0
     269     0
     270     0
     271     0
     272     0
     273     0
     274     0
     275     0
     276     0
     277     0
     278     0
     279     0
     280     0
     281     0
     282     0
     283     0
     284     0
     285     0
     286     0
     287     0
     288     0
     289     0
     290     0
     291     0
     292     0
     293     0
     294     0
     295     0
     296     0
     297     0
     298     0
     299     0
     300     0
     301     0
     302     0
     303     0
     304     0
     305     0
     306     0
     307     0
     308     0
     309     0
     310     0
     311     0
     312     0
     313     0
     314     0
     315     0
     316     0
     317     0
     318     0
     319     0
     320     0
     321     0
     322     0
     323     0
     324     0
     325     0
     326     0
     327     0
     328     0
     329     0
     330     0
     331     0
     332     0
     333     0
     334     0
     335     0
     336     0
     337     0
     338     0
     339     0
     340     0
     341     0
     342     0
     343     0
     344     0
     345     0
     346     0
     347     0
     348     0
     349     0
     350     0
     351     0
     352     0
     353     0
     354     0
     355     0
     356     0
     357     0
     358     0
     359     0
     360     0
     361     0
     362     0
     363     0
     364     0
     365     0
     366     0
     367     0
     368     0
     369     0
     370     0
     371     0
     372     0
     373     0
     374     0
     375     0
  END_MATERIALS 
  SUBDOMAINS
  END_SUBDOMAINS
  CHARACTERISTICS
  END_CHARACTERISTICS
