  NODES_PER_ELEMENT
   1 4
   2 4
   3 4
   4 4
   5 4
   6 4
   7 4
   8 4
   9 4
   10 4
   11 4
   12 4
   13 4
   14 4
   15 4
   16 4
   17 4
   18 4
   19 4
   20 4
   21 4
   22 4
   23 4
   24 4
   25 4
   26 4
   27 4
   28 4
   29 4
   30 4
   31 4
   32 4
   33 4
   34 4
   35 4
   36 4
   37 4
   38 4
   39 4
   40 4
   41 4
   42 4
   43 4
   44 4
   45 4
   46 4
   47 4
   48 4
   49 4
   50 4
   51 4
   52 4
   53 4
   54 4
   55 4
   56 4
   57 4
   58 4
   59 4
   60 4
   61 4
   62 4
   63 4
   64 4
   65 4
   66 4
   67 4
   68 4
   69 4
   70 4
   71 4
   72 4
   73 4
   74 4
   75 4
   76 4
   77 4
   78 4
   79 4
   80 4
   81 4
   82 4
   83 4
   84 4
   85 4
   86 4
   87 4
   88 4
   89 4
   90 4
   91 4
   92 4
   93 4
   94 4
   95 4
   96 4
   97 4
   98 4
   99 4
   100 4
   101 4
   102 4
   103 4
   104 4
   105 4
   106 4
   107 4
   108 4
   109 4
   110 4
   111 4
   112 4
   113 4
   114 4
   115 4
   116 4
   117 4
   118 4
   119 4
   120 4
   121 4
   122 4
   123 4
   124 4
   125 4
   126 4
   127 4
   128 4
   129 4
   130 4
   131 4
   132 4
   133 4
   134 4
   135 4
   136 4
   137 4
   138 4
   139 4
   140 4
   141 4
   142 4
   143 4
   144 4
   145 4
   146 4
   147 4
   148 4
   149 4
   150 4
   151 4
   152 4
   153 4
   154 4
   155 4
   156 4
   157 4
   158 4
   159 4
   160 4
   161 4
   162 4
   163 4
   164 4
   165 4
   166 4
   167 4
   168 4
   169 4
   170 4
   171 4
   172 4
   173 4
   174 4
   175 4
   176 4
   177 4
   178 4
   179 4
   180 4
   181 4
   182 4
   183 4
   184 4
   185 4
   186 4
   187 4
   188 4
   189 4
   190 4
   191 4
   192 4
   193 4
   194 4
   195 4
   196 4
   197 4
   198 4
   199 4
   200 4
   201 4
   202 4
   203 4
   204 4
   205 4
   206 4
   207 4
   208 4
   209 4
   210 4
   211 4
   212 4
   213 4
   214 4
   215 4
   216 4
   217 4
   218 4
   219 4
   220 4
   221 4
   222 4
   223 4
   224 4
   225 4
   226 4
   227 4
   228 4
   229 4
   230 4
   231 4
   232 4
   233 4
   234 4
   235 4
   236 4
   237 4
   238 4
   239 4
   240 4
   241 4
   242 4
   243 4
   244 4
   245 4
   246 4
   247 4
   248 4
   249 4
   250 4
   251 4
   252 4
   253 4
   254 4
   255 4
   256 4
   257 4
   258 4
   259 4
   260 4
   261 4
   262 4
   263 4
   264 4
   265 4
   266 4
   267 4
   268 4
   269 4
   270 4
   271 4
   272 4
   273 4
   274 4
   275 4
   276 4
   277 4
   278 4
   279 4
   280 4
   281 4
   282 4
   283 4
   284 4
   285 4
   286 4
   287 4
   288 4
   289 4
   290 4
   291 4
   292 4
   293 4
   294 4
   295 4
   296 4
   297 4
   298 4
   299 4
   300 4
   301 4
   302 4
   303 4
   304 4
   305 4
   306 4
   307 4
   308 4
   309 4
   310 4
   311 4
   312 4
   313 4
   314 4
   315 4
   316 4
   317 4
   318 4
   319 4
   320 4
   321 4
   322 4
   323 4
   324 4
   325 4
   326 4
   327 4
   328 4
   329 4
   330 4
   331 4
   332 4
   333 4
   334 4
   335 4
   336 4
   337 4
   338 4
   339 4
   340 4
   341 4
   342 4
   343 4
   344 4
   345 4
   346 4
   347 4
   348 4
   349 4
   350 4
   351 4
   352 4
   353 4
   354 4
   355 4
   356 4
   357 4
   358 4
   359 4
   360 4
   361 4
   362 4
   363 4
   364 4
   365 4
   366 4
   367 4
   368 4
   369 4
   370 4
   371 4
   372 4
   373 4
   374 4
   375 4
   376 4
   377 4
   378 4
   379 4
   380 4
   381 4
   382 4
   383 4
   384 4
   385 4
   386 4
   387 4
   388 4
   389 4
   390 4
   391 4
   392 4
   393 4
   394 4
   395 4
   396 4
   397 4
   398 4
   399 4
   400 4
   401 4
   402 4
   403 4
   404 4
   405 4
   406 4
   407 4
   408 4
   409 4
   410 4
   411 4
   412 4
   413 4
   414 4
   415 4
   416 4
   417 4
   418 4
   419 4
   420 4
   421 4
   422 4
   423 4
   424 4
   425 4
   426 4
   427 4
   428 4
   429 4
   430 4
   431 4
   432 4
   433 4
   434 4
   435 4
   436 4
   437 4
   438 4
   439 4
   440 4
   441 4
   442 4
   443 4
   444 4
   445 4
   446 4
   447 4
   448 4
   449 4
   450 4
   451 4
   452 4
   453 4
   454 4
   455 4
   456 4
   457 4
   458 4
   459 4
   460 4
   461 4
   462 4
   463 4
   464 4
   465 4
   466 4
   467 4
   468 4
   469 4
   470 4
   471 4
   472 4
   473 4
   474 4
   475 4
   476 4
   477 4
   478 4
   479 4
   480 4
   481 4
   482 4
   483 4
   484 4
   485 4
   486 4
   487 4
   488 4
   489 4
   490 4
   491 4
   492 4
   493 4
   494 4
   495 4
   496 4
   497 4
   498 4
   499 4
   500 4
   501 4
   502 4
   503 4
   504 4
   505 4
   506 4
   507 4
   508 4
   509 4
   510 4
   511 4
   512 4
   513 4
   514 4
   515 4
   516 4
   517 4
   518 4
   519 4
   520 4
   521 4
   522 4
   523 4
   524 4
   525 4
   526 4
   527 4
   528 4
   529 4
   530 4
   531 4
   532 4
   533 4
   534 4
   535 4
   536 4
   537 4
   538 4
   539 4
   540 4
   541 4
   542 4
   543 4
   544 4
   545 4
   546 4
   547 4
   548 4
   549 4
   550 4
   551 4
   552 4
   553 4
   554 4
   555 4
   556 4
   557 4
   558 4
   559 4
   560 4
   561 4
   562 4
   563 4
   564 4
   565 4
   566 4
   567 4
   568 4
   569 4
   570 4
   571 4
   572 4
   573 4
   574 4
   575 4
   576 4
   577 4
   578 4
   579 4
   580 4
   581 4
   582 4
   583 4
   584 4
   585 4
   586 4
   587 4
   588 4
   589 4
   590 4
   591 4
   592 4
   593 4
   594 4
   595 4
   596 4
   597 4
   598 4
   599 4
   600 4
   601 4
   602 4
   603 4
   604 4
   605 4
   606 4
   607 4
   608 4
   609 4
   610 4
   611 4
   612 4
   613 4
   614 4
   615 4
   616 4
   617 4
   618 4
   619 4
   620 4
   621 4
   622 4
   623 4
   624 4
   625 4
   626 4
   627 4
   628 4
   629 4
   630 4
   631 4
   632 4
   633 4
   634 4
   635 4
   636 4
   637 4
   638 4
   639 4
   640 4
   641 4
   642 4
   643 4
   644 4
   645 4
   646 4
   647 4
   648 4
   649 4
   650 4
   651 4
   652 4
   653 4
   654 4
   655 4
   656 4
   657 4
   658 4
   659 4
   660 4
   661 4
   662 4
   663 4
   664 4
   665 4
   666 4
   667 4
   668 4
   669 4
   670 4
   671 4
   672 4
   673 4
   674 4
   675 4
   676 4
   677 4
   678 4
   679 4
   680 4
   681 4
   682 4
   683 4
   684 4
   685 4
   686 4
   687 4
   688 4
   689 4
   690 4
   691 4
   692 4
   693 4
   694 4
   695 4
   696 4
   697 4
   698 4
   699 4
   700 4
   701 4
   702 4
   703 4
   704 4
   705 4
   706 4
   707 4
   708 4
   709 4
   710 4
   711 4
   712 4
   713 4
   714 4
   715 4
   716 4
   717 4
   718 4
   719 4
   720 4
   721 4
   722 4
   723 4
   724 4
   725 4
   726 4
   727 4
   728 4
   729 4
   730 4
   731 4
   732 4
   733 4
   734 4
   735 4
   736 4
   737 4
   738 4
   739 4
   740 4
   741 4
   742 4
   743 4
   744 4
   745 4
   746 4
   747 4
   748 4
   749 4
   750 4
   751 4
   752 4
   753 4
   754 4
   755 4
   756 4
   757 4
   758 4
   759 4
   760 4
   761 4
   762 4
   763 4
   764 4
   765 4
   766 4
   767 4
   768 4
   769 4
   770 4
   771 4
   772 4
   773 4
   774 4
   775 4
   776 4
   777 4
   778 4
   779 4
   780 4
   781 4
   782 4
   783 4
   784 4
  END_NODES_PER_ELEMENT
  ELEMENTS
  1 2 4 3 1  
  2 5 6 4 2  
  3 7 10 6 5  
  4 12 14 10 7  
  5 18 20 14 12  
  6 23 27 20 18  
  7 32 33 27 23  
  8 41 43 33 32  
  9 48 52 43 41  
  10 60 63 52 48  
  11 75 76 63 60  
  12 84 89 76 75  
  13 100 101 89 84  
  14 115 116 101 100  
  15 129 133 116 115  
  16 148 149 133 129  
  17 167 169 149 148  
  18 182 187 169 167  
  19 205 206 187 182  
  20 228 229 206 205  
  21 246 251 229 228  
  22 273 274 251 246  
  23 298 299 274 273  
  24 318 322 299 298  
  25 346 349 322 318  
  26 378 380 349 346  
  27 402 407 380 378  
  28 433 435 407 402  
  29 4 9 8 3  
  30 6 11 9 4  
  31 10 13 11 6  
  32 14 19 13 10  
  33 20 22 19 14  
  34 27 29 22 20  
  35 33 38 29 27  
  36 43 47 38 33  
  37 52 56 47 43  
  38 63 66 56 52  
  39 76 79 66 63  
  40 89 92 79 76  
  41 101 104 92 89  
  42 116 120 104 101  
  43 133 138 120 116  
  44 149 153 138 133  
  45 169 172 153 149  
  46 187 190 172 169  
  47 206 210 190 187  
  48 229 234 210 206  
  49 251 255 234 229  
  50 274 276 255 251  
  51 299 301 276 274  
  52 322 326 301 299  
  53 349 354 326 322  
  54 380 382 354 349  
  55 407 411 382 380  
  56 435 437 411 407  
  57 9 16 15 8  
  58 11 17 16 9  
  59 13 21 17 11  
  60 19 25 21 13  
  61 22 31 25 19  
  62 29 35 31 22  
  63 38 44 35 29  
  64 47 53 44 38  
  65 56 62 53 47  
  66 66 73 62 56  
  67 79 83 73 66  
  68 92 98 83 79  
  69 104 111 98 92  
  70 120 125 111 104  
  71 138 142 125 120  
  72 153 158 142 138  
  73 172 178 158 153  
  74 190 197 178 172  
  75 210 217 197 190  
  76 234 238 217 210  
  77 255 260 238 234  
  78 276 281 260 255  
  79 301 310 281 276  
  80 326 335 310 301  
  81 354 359 335 326  
  82 382 386 359 354  
  83 411 416 386 382  
  84 437 445 416 411  
  85 16 26 24 15  
  86 17 28 26 16  
  87 21 30 28 17  
  88 25 34 30 21  
  89 31 40 34 25  
  90 35 45 40 31  
  91 44 55 45 35  
  92 53 61 55 44  
  93 62 70 61 53  
  94 73 81 70 62  
  95 83 94 81 73  
  96 98 106 94 83  
  97 111 121 106 98  
  98 125 137 121 111  
  99 142 150 137 125  
  100 158 170 150 142  
  101 178 184 170 158  
  102 197 203 184 178  
  103 217 225 203 197  
  104 238 244 225 217  
  105 260 268 244 238  
  106 281 291 268 260  
  107 310 315 291 281  
  108 335 342 315 310  
  109 359 368 342 335  
  110 386 395 368 359  
  111 416 425 395 386  
  112 445 454 425 416  
  113 26 37 36 24  
  114 28 39 37 26  
  115 30 42 39 28  
  116 34 46 42 30  
  117 40 50 46 34  
  118 45 58 50 40  
  119 55 64 58 45  
  120 61 74 64 55  
  121 70 82 74 61  
  122 81 93 82 70  
  123 94 103 93 81  
  124 106 118 103 94  
  125 121 131 118 106  
  126 137 146 131 121  
  127 150 162 146 137  
  128 170 179 162 150  
  129 184 198 179 170  
  130 203 215 198 184  
  131 225 237 215 203  
  132 244 258 237 225  
  133 268 279 258 244  
  134 291 302 279 268  
  135 315 330 302 291  
  136 342 352 330 315  
  137 368 381 352 342  
  138 395 408 381 368  
  139 425 434 408 395  
  140 454 464 434 425  
  141 37 51 49 36  
  142 39 54 51 37  
  143 42 57 54 39  
  144 46 59 57 42  
  145 50 65 59 46  
  146 58 71 65 50  
  147 64 78 71 58  
  148 74 86 78 64  
  149 82 97 86 74  
  150 93 107 97 82  
  151 103 119 107 93  
  152 118 130 119 103  
  153 131 144 130 118  
  154 146 160 144 131  
  155 162 175 160 146  
  156 179 194 175 162  
  157 198 211 194 179  
  158 215 231 211 198  
  159 237 249 231 215  
  160 258 272 249 237  
  161 279 294 272 258  
  162 302 316 294 279  
  163 330 340 316 302  
  164 352 365 340 330  
  165 381 392 365 352  
  166 408 421 392 381  
  167 434 448 421 408  
  168 464 475 448 434  
  169 51 68 67 49  
  170 54 69 68 51  
  171 57 72 69 54  
  172 59 77 72 57  
  173 65 80 77 59  
  174 71 88 80 65  
  175 78 95 88 71  
  176 86 102 95 78  
  177 97 112 102 86  
  178 107 124 112 97  
  179 119 136 124 107  
  180 130 147 136 119  
  181 144 161 147 130  
  182 160 176 161 144  
  183 175 192 176 160  
  184 194 207 192 175  
  185 211 226 207 194  
  186 231 243 226 211  
  187 249 266 243 231  
  188 272 287 266 249  
  189 294 311 287 272  
  190 316 334 311 294  
  191 340 357 334 316  
  192 365 385 357 340  
  193 392 410 385 365  
  194 421 436 410 392  
  195 448 463 436 421  
  196 475 484 463 448  
  197 68 87 85 67  
  198 69 90 87 68  
  199 72 91 90 69  
  200 77 96 91 72  
  201 80 99 96 77  
  202 88 105 99 80  
  203 95 114 105 88  
  204 102 123 114 95  
  205 112 127 123 102  
  206 124 141 127 112  
  207 136 154 141 124  
  208 147 165 154 136  
  209 161 180 165 147  
  210 176 195 180 161  
  211 192 208 195 176  
  212 207 227 208 192  
  213 226 242 227 207  
  214 243 264 242 226  
  215 266 282 264 243  
  216 287 306 282 266  
  217 311 327 306 287  
  218 334 351 327 311  
  219 357 375 351 334  
  220 385 398 375 357  
  221 410 428 398 385  
  222 436 455 428 410  
  223 463 478 455 436  
  224 484 503 478 463  
  225 87 109 108 85  
  226 90 110 109 87  
  227 91 113 110 90  
  228 96 117 113 91  
  229 99 122 117 96  
  230 105 126 122 99  
  231 114 135 126 105  
  232 123 143 135 114  
  233 127 152 143 123  
  234 141 164 152 127  
  235 154 173 164 141  
  236 165 188 173 154  
  237 180 201 188 165  
  238 195 214 201 180  
  239 208 233 214 195  
  240 227 245 233 208  
  241 242 267 245 227  
  242 264 285 267 242  
  243 282 305 285 264  
  244 306 325 305 282  
  245 327 345 325 306  
  246 351 372 345 327  
  247 375 394 372 351  
  248 398 422 394 375  
  249 428 446 422 398  
  250 455 472 446 428  
  251 478 497 472 455  
  252 503 517 497 478  
  253 109 132 128 108  
  254 110 134 132 109  
  255 113 139 134 110  
  256 117 140 139 113  
  257 122 145 140 117  
  258 126 151 145 122  
  259 135 157 151 126  
  260 143 168 157 135  
  261 152 174 168 143  
  262 164 185 174 152  
  263 173 199 185 164  
  264 188 209 199 173  
  265 201 223 209 188  
  266 214 239 223 201  
  267 233 256 239 214  
  268 245 271 256 233  
  269 267 289 271 245  
  270 285 307 289 267  
  271 305 331 307 285  
  272 325 347 331 305  
  273 345 369 347 325  
  274 372 393 369 345  
  275 394 418 393 372  
  276 422 442 418 394  
  277 446 469 442 422  
  278 472 490 469 446  
  279 497 513 490 472  
  280 517 535 513 497  
  281 132 156 155 128  
  282 134 159 156 132  
  283 139 163 159 134  
  284 140 166 163 139  
  285 145 171 166 140  
  286 151 177 171 145  
  287 157 181 177 151  
  288 168 193 181 157  
  289 174 202 193 168  
  290 185 212 202 174  
  291 199 222 212 185  
  292 209 236 222 199  
  293 223 248 236 209  
  294 239 265 248 223  
  295 256 278 265 239  
  296 271 297 278 256  
  297 289 313 297 271  
  298 307 336 313 289  
  299 331 353 336 307  
  300 347 374 353 331  
  301 369 396 374 347  
  302 393 420 396 369  
  303 418 443 420 393  
  304 442 467 443 418  
  305 469 485 467 442  
  306 490 509 485 469  
  307 513 530 509 490  
  308 535 550 530 513  
  309 156 186 183 155  
  310 159 189 186 156  
  311 163 191 189 159  
  312 166 196 191 163  
  313 171 200 196 166  
  314 177 204 200 171  
  315 181 213 204 177  
  316 193 220 213 181  
  317 202 230 220 193  
  318 212 240 230 202  
  319 222 253 240 212  
  320 236 263 253 222  
  321 248 277 263 236  
  322 265 292 277 248  
  323 278 308 292 265  
  324 297 323 308 278  
  325 313 344 323 297  
  326 336 360 344 313  
  327 353 383 360 336  
  328 374 400 383 353  
  329 396 424 400 374  
  330 420 447 424 396  
  331 443 471 447 420  
  332 467 489 471 443  
  333 485 511 489 467  
  334 509 529 511 485  
  335 530 548 529 509  
  336 550 570 548 530  
  337 186 218 216 183  
  338 189 219 218 186  
  339 191 221 219 189  
  340 196 224 221 191  
  341 200 232 224 196  
  342 204 235 232 200  
  343 213 241 235 204  
  344 220 252 241 213  
  345 230 261 252 220  
  346 240 270 261 230  
  347 253 280 270 240  
  348 263 296 280 253  
  349 277 309 296 263  
  350 292 320 309 277  
  351 308 338 320 292  
  352 323 355 338 308  
  353 344 373 355 323  
  354 360 391 373 344  
  355 383 413 391 360  
  356 400 432 413 383  
  357 424 456 432 400  
  358 447 474 456 424  
  359 471 496 474 447  
  360 489 515 496 471  
  361 511 532 515 489  
  362 529 552 532 511  
  363 548 571 552 529  
  364 570 587 571 548  
  365 218 250 247 216  
  366 219 254 250 218  
  367 221 257 254 219  
  368 224 259 257 221  
  369 232 262 259 224  
  370 235 269 262 232  
  371 241 275 269 235  
  372 252 283 275 241  
  373 261 293 283 252  
  374 270 303 293 261  
  375 280 314 303 270  
  376 296 329 314 280  
  377 309 341 329 296  
  378 320 356 341 309  
  379 338 370 356 320  
  380 355 387 370 338  
  381 373 404 387 355  
  382 391 426 404 373  
  383 413 444 426 391  
  384 432 465 444 413  
  385 456 482 465 432  
  386 474 501 482 456  
  387 496 518 501 474  
  388 515 538 518 496  
  389 532 554 538 515  
  390 552 574 554 532  
  391 571 590 574 552  
  392 587 609 590 571  
  393 250 286 284 247  
  394 254 288 286 250  
  395 257 290 288 254  
  396 259 295 290 257  
  397 262 300 295 259  
  398 269 304 300 262  
  399 275 312 304 269  
  400 283 317 312 275  
  401 293 332 317 283  
  402 303 339 332 293  
  403 314 350 339 303  
  404 329 362 350 314  
  405 341 376 362 329  
  406 356 390 376 341  
  407 370 405 390 356  
  408 387 423 405 370  
  409 404 440 423 387  
  410 426 460 440 404  
  411 444 477 460 426  
  412 465 494 477 444  
  413 482 508 494 465  
  414 501 524 508 482  
  415 518 543 524 501  
  416 538 558 543 518  
  417 554 578 558 538  
  418 574 593 578 554  
  419 590 613 593 574  
  420 609 627 613 590  
  421 286 321 319 284  
  422 288 324 321 286  
  423 290 328 324 288  
  424 295 333 328 290  
  425 300 337 333 295  
  426 304 343 337 300  
  427 312 348 343 304  
  428 317 358 348 312  
  429 332 366 358 317  
  430 339 379 366 332  
  431 350 388 379 339  
  432 362 399 388 350  
  433 376 414 399 362  
  434 390 430 414 376  
  435 405 441 430 390  
  436 423 461 441 405  
  437 440 476 461 423  
  438 460 487 476 440  
  439 477 506 487 460  
  440 494 520 506 477  
  441 508 537 520 494  
  442 524 553 537 508  
  443 543 568 553 524  
  444 558 583 568 543  
  445 578 601 583 558  
  446 593 616 601 578  
  447 613 633 616 593  
  448 627 652 633 613  
  449 321 363 361 319  
  450 324 364 363 321  
  451 328 367 364 324  
  452 333 371 367 328  
  453 337 377 371 333  
  454 343 384 377 337  
  455 348 389 384 343  
  456 358 397 389 348  
  457 366 406 397 358  
  458 379 417 406 366  
  459 388 429 417 379  
  460 399 439 429 388  
  461 414 453 439 399  
  462 430 466 453 414  
  463 441 480 466 430  
  464 461 493 480 441  
  465 476 507 493 461  
  466 487 519 507 476  
  467 506 536 519 487  
  468 520 547 536 506  
  469 537 562 547 520  
  470 553 579 562 537  
  471 568 592 579 553  
  472 583 610 592 568  
  473 601 623 610 583  
  474 616 641 623 601  
  475 633 655 641 616  
  476 652 673 655 633  
  477 363 403 401 361  
  478 364 409 403 363  
  479 367 412 409 364  
  480 371 415 412 367  
  481 377 419 415 371  
  482 384 427 419 377  
  483 389 431 427 384  
  484 397 438 431 389  
  485 406 449 438 397  
  486 417 459 449 406  
  487 429 470 459 417  
  488 439 479 470 429  
  489 453 486 479 439  
  490 466 502 486 453  
  491 480 512 502 466  
  492 493 523 512 480  
  493 507 540 523 493  
  494 519 549 540 507  
  495 536 561 549 519  
  496 547 577 561 536  
  497 562 589 577 547  
  498 579 605 589 562  
  499 592 619 605 579  
  500 610 635 619 592  
  501 623 649 635 610  
  502 641 661 649 623  
  503 655 680 661 641  
  504 673 691 680 655  
  505 403 451 450 401  
  506 409 452 451 403  
  507 412 457 452 409  
  508 415 458 457 412  
  509 419 462 458 415  
  510 427 468 462 419  
  511 431 473 468 427  
  512 438 481 473 431  
  513 449 483 481 438  
  514 459 498 483 449  
  515 470 504 498 459  
  516 479 514 504 470  
  517 486 522 514 479  
  518 502 534 522 486  
  519 512 544 534 502  
  520 523 555 544 512  
  521 540 567 555 523  
  522 549 580 567 540  
  523 561 591 580 549  
  524 577 604 591 561  
  525 589 617 604 577  
  526 605 629 617 589  
  527 619 645 629 605  
  528 635 658 645 619  
  529 649 674 658 635  
  530 661 687 674 649  
  531 680 703 687 661  
  532 691 717 703 680  
  533 451 491 488 450  
  534 452 492 491 451  
  535 457 495 492 452  
  536 458 499 495 457  
  537 462 500 499 458  
  538 468 505 500 462  
  539 473 510 505 468  
  540 481 516 510 473  
  541 483 521 516 481  
  542 498 528 521 483  
  543 504 541 528 498  
  544 514 546 541 504  
  545 522 556 546 514  
  546 534 565 556 522  
  547 544 575 565 534  
  548 555 585 575 544  
  549 567 596 585 555  
  550 580 608 596 567  
  551 591 621 608 580  
  552 604 631 621 591  
  553 617 644 631 604  
  554 629 656 644 617  
  555 645 670 656 629  
  556 658 683 670 645  
  557 674 698 683 658  
  558 687 713 698 674  
  559 703 724 713 687  
  560 717 741 724 703  
  561 491 526 525 488  
  562 492 527 526 491  
  563 495 531 527 492  
  564 499 533 531 495  
  565 500 539 533 499  
  566 505 542 539 500  
  567 510 545 542 505  
  568 516 551 545 510  
  569 521 557 551 516  
  570 528 563 557 521  
  571 541 572 563 528  
  572 546 581 572 541  
  573 556 586 581 546  
  574 565 594 586 556  
  575 575 607 594 565  
  576 585 615 607 575  
  577 596 624 615 585  
  578 608 639 624 596  
  579 621 648 639 608  
  580 631 659 648 621  
  581 644 672 659 631  
  582 656 684 672 644  
  583 670 695 684 656  
  584 683 709 695 670  
  585 698 720 709 683  
  586 713 738 720 698  
  587 724 751 738 713  
  588 741 764 751 724  
  589 526 560 559 525  
  590 527 564 560 526  
  591 531 566 564 527  
  592 533 569 566 531  
  593 539 573 569 533  
  594 542 576 573 539  
  595 545 582 576 542  
  596 551 584 582 545  
  597 557 588 584 551  
  598 563 595 588 557  
  599 572 603 595 563  
  600 581 612 603 572  
  601 586 620 612 581  
  602 594 625 620 586  
  603 607 638 625 594  
  604 615 647 638 607  
  605 624 654 647 615  
  606 639 665 654 624  
  607 648 678 665 639  
  608 659 688 678 648  
  609 672 700 688 659  
  610 684 711 700 672  
  611 695 721 711 684  
  612 709 735 721 695  
  613 720 747 735 709  
  614 738 759 747 720  
  615 751 776 759 738  
  616 764 787 776 751  
  617 560 598 597 559  
  618 564 599 598 560  
  619 566 600 599 564  
  620 569 602 600 566  
  621 573 606 602 569  
  622 576 611 606 573  
  623 582 614 611 576  
  624 584 618 614 582  
  625 588 622 618 584  
  626 595 626 622 588  
  627 603 636 626 595  
  628 612 643 636 603  
  629 620 650 643 612  
  630 625 657 650 620  
  631 638 666 657 625  
  632 647 677 666 638  
  633 654 685 677 647  
  634 665 692 685 654  
  635 678 706 692 665  
  636 688 716 706 678  
  637 700 725 716 688  
  638 711 739 725 700  
  639 721 749 739 711  
  640 735 760 749 721  
  641 747 775 760 735  
  642 759 785 775 747  
  643 776 793 785 759  
  644 787 803 793 776  
  645 598 630 628 597  
  646 599 632 630 598  
  647 600 634 632 599  
  648 602 637 634 600  
  649 606 640 637 602  
  650 611 642 640 606  
  651 614 646 642 611  
  652 618 651 646 614  
  653 622 653 651 618  
  654 626 660 653 622  
  655 636 668 660 626  
  656 643 675 668 636  
  657 650 681 675 643  
  658 657 689 681 650  
  659 666 693 689 657  
  660 677 707 693 666  
  661 685 714 707 677  
  662 692 722 714 685  
  663 706 733 722 692  
  664 716 745 733 706  
  665 725 753 745 716  
  666 739 766 753 725  
  667 749 777 766 739  
  668 760 786 777 749  
  669 775 794 786 760  
  670 785 802 794 775  
  671 793 809 802 785  
  672 803 814 809 793  
  673 630 663 662 628  
  674 632 664 663 630  
  675 634 667 664 632  
  676 637 669 667 634  
  677 640 671 669 637  
  678 642 676 671 640  
  679 646 679 676 642  
  680 651 682 679 646  
  681 653 686 682 651  
  682 660 690 686 653  
  683 668 699 690 660  
  684 675 705 699 668  
  685 681 712 705 675  
  686 689 719 712 681  
  687 693 726 719 689  
  688 707 734 726 693  
  689 714 744 734 707  
  690 722 752 744 714  
  691 733 761 752 722  
  692 745 771 761 733  
  693 753 782 771 745  
  694 766 790 782 753  
  695 777 798 790 766  
  696 786 804 798 777  
  697 794 810 804 786  
  698 802 816 810 794  
  699 809 821 816 802  
  700 814 825 821 809  
  701 663 696 694 662  
  702 664 697 696 663  
  703 667 701 697 664  
  704 669 702 701 667  
  705 671 704 702 669  
  706 676 708 704 671  
  707 679 710 708 676  
  708 682 715 710 679  
  709 686 718 715 682  
  710 690 723 718 686  
  711 699 729 723 690  
  712 705 736 729 699  
  713 712 743 736 705  
  714 719 748 743 712  
  715 726 755 748 719  
  716 734 765 755 726  
  717 744 773 765 734  
  718 752 781 773 744  
  719 761 788 781 752  
  720 771 795 788 761  
  721 782 800 795 771  
  722 790 807 800 782  
  723 798 812 807 790  
  724 804 818 812 798  
  725 810 822 818 804  
  726 816 826 822 810  
  727 821 830 826 816  
  728 825 833 830 821  
  729 696 728 727 694  
  730 697 730 728 696  
  731 701 731 730 697  
  732 702 732 731 701  
  733 704 737 732 702  
  734 708 740 737 704  
  735 710 742 740 708  
  736 715 746 742 710  
  737 718 750 746 715  
  738 723 754 750 718  
  739 729 756 754 723  
  740 736 768 756 729  
  741 743 772 768 736  
  742 748 779 772 743  
  743 755 784 779 748  
  744 765 791 784 755  
  745 773 796 791 765  
  746 781 801 796 773  
  747 788 806 801 781  
  748 795 811 806 788  
  749 800 815 811 795  
  750 807 819 815 800  
  751 812 824 819 807  
  752 818 828 824 812  
  753 822 831 828 818  
  754 826 834 831 822  
  755 830 836 834 826  
  756 833 838 836 830  
  757 728 758 757 727  
  758 730 762 758 728  
  759 731 763 762 730  
  760 732 767 763 731  
  761 737 769 767 732  
  762 740 770 769 737  
  763 742 774 770 740  
  764 746 778 774 742  
  765 750 780 778 746  
  766 754 783 780 750  
  767 756 789 783 754  
  768 768 792 789 756  
  769 772 797 792 768  
  770 779 799 797 772  
  771 784 805 799 779  
  772 791 808 805 784  
  773 796 813 808 791  
  774 801 817 813 796  
  775 806 820 817 801  
  776 811 823 820 806  
  777 815 827 823 811  
  778 819 829 827 815  
  779 824 832 829 819  
  780 828 835 832 824  
  781 831 837 835 828  
  782 834 839 837 831  
  783 836 840 839 834  
  784 838 841 840 836  
  END_ELEMENTS  
  COORDINATES  
   1   2.000000e+00 -6.000000e+00   
   2   2.285714e+00 -6.000000e+00   
   3   2.000000e+00 -5.571429e+00   
   4   2.285714e+00 -5.571429e+00   
   5   2.571429e+00 -6.000000e+00   
   6   2.571429e+00 -5.571429e+00   
   7   2.857143e+00 -6.000000e+00   
   8   2.000000e+00 -5.142857e+00   
   9   2.285714e+00 -5.142857e+00   
   10   2.857143e+00 -5.571429e+00   
   11   2.571429e+00 -5.142857e+00   
   12   3.142857e+00 -6.000000e+00   
   13   2.857143e+00 -5.142857e+00   
   14   3.142857e+00 -5.571429e+00   
   15   2.000000e+00 -4.714286e+00   
   16   2.285714e+00 -4.714286e+00   
   17   2.571429e+00 -4.714286e+00   
   18   3.428571e+00 -6.000000e+00   
   19   3.142857e+00 -5.142857e+00   
   20   3.428571e+00 -5.571429e+00   
   21   2.857143e+00 -4.714286e+00   
   22   3.428571e+00 -5.142857e+00   
   23   3.714286e+00 -6.000000e+00   
   24   2.000000e+00 -4.285714e+00   
   25   3.142857e+00 -4.714286e+00   
   26   2.285714e+00 -4.285714e+00   
   27   3.714286e+00 -5.571429e+00   
   28   2.571429e+00 -4.285714e+00   
   29   3.714286e+00 -5.142857e+00   
   30   2.857143e+00 -4.285714e+00   
   31   3.428571e+00 -4.714286e+00   
   32   4.000000e+00 -6.000000e+00   
   33   4.000000e+00 -5.571429e+00   
   34   3.142857e+00 -4.285714e+00   
   35   3.714286e+00 -4.714286e+00   
   36   2.000000e+00 -3.857143e+00   
   37   2.285714e+00 -3.857143e+00   
   38   4.000000e+00 -5.142857e+00   
   39   2.571429e+00 -3.857143e+00   
   40   3.428571e+00 -4.285714e+00   
   41   4.285714e+00 -6.000000e+00   
   42   2.857143e+00 -3.857143e+00   
   43   4.285714e+00 -5.571429e+00   
   44   4.000000e+00 -4.714286e+00   
   45   3.714286e+00 -4.285714e+00   
   46   3.142857e+00 -3.857143e+00   
   47   4.285714e+00 -5.142857e+00   
   48   4.571429e+00 -6.000000e+00   
   49   2.000000e+00 -3.428571e+00   
   50   3.428571e+00 -3.857143e+00   
   51   2.285714e+00 -3.428571e+00   
   52   4.571429e+00 -5.571429e+00   
   53   4.285714e+00 -4.714286e+00   
   54   2.571429e+00 -3.428571e+00   
   55   4.000000e+00 -4.285714e+00   
   56   4.571429e+00 -5.142857e+00   
   57   2.857143e+00 -3.428571e+00   
   58   3.714286e+00 -3.857143e+00   
   59   3.142857e+00 -3.428571e+00   
   60   4.857143e+00 -6.000000e+00   
   61   4.285714e+00 -4.285714e+00   
   62   4.571429e+00 -4.714286e+00   
   63   4.857143e+00 -5.571429e+00   
   64   4.000000e+00 -3.857143e+00   
   65   3.428571e+00 -3.428571e+00   
   66   4.857143e+00 -5.142857e+00   
   67   2.000000e+00 -3.000000e+00   
   68   2.285714e+00 -3.000000e+00   
   69   2.571429e+00 -3.000000e+00   
   70   4.571429e+00 -4.285714e+00   
   71   3.714286e+00 -3.428571e+00   
   72   2.857143e+00 -3.000000e+00   
   73   4.857143e+00 -4.714286e+00   
   74   4.285714e+00 -3.857143e+00   
   75   5.142857e+00 -6.000000e+00   
   76   5.142857e+00 -5.571429e+00   
   77   3.142857e+00 -3.000000e+00   
   78   4.000000e+00 -3.428571e+00   
   79   5.142857e+00 -5.142857e+00   
   80   3.428571e+00 -3.000000e+00   
   81   4.857143e+00 -4.285714e+00   
   82   4.571429e+00 -3.857143e+00   
   83   5.142857e+00 -4.714286e+00   
   84   5.428571e+00 -6.000000e+00   
   85   2.000000e+00 -2.571429e+00   
   86   4.285714e+00 -3.428571e+00   
   87   2.285714e+00 -2.571429e+00   
   88   3.714286e+00 -3.000000e+00   
   89   5.428571e+00 -5.571429e+00   
   90   2.571429e+00 -2.571429e+00   
   91   2.857143e+00 -2.571429e+00   
   92   5.428571e+00 -5.142857e+00   
   93   4.857143e+00 -3.857143e+00   
   94   5.142857e+00 -4.285714e+00   
   95   4.000000e+00 -3.000000e+00   
   96   3.142857e+00 -2.571429e+00   
   97   4.571429e+00 -3.428571e+00   
   98   5.428571e+00 -4.714286e+00   
   99   3.428571e+00 -2.571429e+00   
   100   5.714286e+00 -6.000000e+00   
   101   5.714286e+00 -5.571429e+00   
   102   4.285714e+00 -3.000000e+00   
   103   5.142857e+00 -3.857143e+00   
   104   5.714286e+00 -5.142857e+00   
   105   3.714286e+00 -2.571429e+00   
   106   5.428571e+00 -4.285714e+00   
   107   4.857143e+00 -3.428571e+00   
   108   2.000000e+00 -2.142857e+00   
   109   2.285714e+00 -2.142857e+00   
   110   2.571429e+00 -2.142857e+00   
   111   5.714286e+00 -4.714286e+00   
   112   4.571429e+00 -3.000000e+00   
   113   2.857143e+00 -2.142857e+00   
   114   4.000000e+00 -2.571429e+00   
   115   6.000000e+00 -6.000000e+00   
   116   6.000000e+00 -5.571429e+00   
   117   3.142857e+00 -2.142857e+00   
   118   5.428571e+00 -3.857143e+00   
   119   5.142857e+00 -3.428571e+00   
   120   6.000000e+00 -5.142857e+00   
   121   5.714286e+00 -4.285714e+00   
   122   3.428571e+00 -2.142857e+00   
   123   4.285714e+00 -2.571429e+00   
   124   4.857143e+00 -3.000000e+00   
   125   6.000000e+00 -4.714286e+00   
   126   3.714286e+00 -2.142857e+00   
   127   4.571429e+00 -2.571429e+00   
   128   2.000000e+00 -1.714286e+00   
   129   6.285714e+00 -6.000000e+00   
   130   5.428571e+00 -3.428571e+00   
   131   5.714286e+00 -3.857143e+00   
   132   2.285714e+00 -1.714286e+00   
   133   6.285714e+00 -5.571429e+00   
   134   2.571429e+00 -1.714286e+00   
   135   4.000000e+00 -2.142857e+00   
   136   5.142857e+00 -3.000000e+00   
   137   6.000000e+00 -4.285714e+00   
   138   6.285714e+00 -5.142857e+00   
   139   2.857143e+00 -1.714286e+00   
   140   3.142857e+00 -1.714286e+00   
   141   4.857143e+00 -2.571429e+00   
   142   6.285714e+00 -4.714286e+00   
   143   4.285714e+00 -2.142857e+00   
   144   5.714286e+00 -3.428571e+00   
   145   3.428571e+00 -1.714286e+00   
   146   6.000000e+00 -3.857143e+00   
   147   5.428571e+00 -3.000000e+00   
   148   6.571429e+00 -6.000000e+00   
   149   6.571429e+00 -5.571429e+00   
   150   6.285714e+00 -4.285714e+00   
   151   3.714286e+00 -1.714286e+00   
   152   4.571429e+00 -2.142857e+00   
   153   6.571429e+00 -5.142857e+00   
   154   5.142857e+00 -2.571429e+00   
   155   2.000000e+00 -1.285714e+00   
   156   2.285714e+00 -1.285714e+00   
   157   4.000000e+00 -1.714286e+00   
   158   6.571429e+00 -4.714286e+00   
   159   2.571429e+00 -1.285714e+00   
   160   6.000000e+00 -3.428571e+00   
   161   5.714286e+00 -3.000000e+00   
   162   6.285714e+00 -3.857143e+00   
   163   2.857143e+00 -1.285714e+00   
   164   4.857143e+00 -2.142857e+00   
   165   5.428571e+00 -2.571429e+00   
   166   3.142857e+00 -1.285714e+00   
   167   6.857143e+00 -6.000000e+00   
   168   4.285714e+00 -1.714286e+00   
   169   6.857143e+00 -5.571429e+00   
   170   6.571429e+00 -4.285714e+00   
   171   3.428571e+00 -1.285714e+00   
   172   6.857143e+00 -5.142857e+00   
   173   5.142857e+00 -2.142857e+00   
   174   4.571429e+00 -1.714286e+00   
   175   6.285714e+00 -3.428571e+00   
   176   6.000000e+00 -3.000000e+00   
   177   3.714286e+00 -1.285714e+00   
   178   6.857143e+00 -4.714286e+00   
   179   6.571429e+00 -3.857143e+00   
   180   5.714286e+00 -2.571429e+00   
   181   4.000000e+00 -1.285714e+00   
   182   7.142857e+00 -6.000000e+00   
   183   2.000000e+00 -8.571429e-01   
   184   6.857143e+00 -4.285714e+00   
   185   4.857143e+00 -1.714286e+00   
   186   2.285714e+00 -8.571429e-01   
   187   7.142857e+00 -5.571429e+00   
   188   5.428571e+00 -2.142857e+00   
   189   2.571429e+00 -8.571429e-01   
   190   7.142857e+00 -5.142857e+00   
   191   2.857143e+00 -8.571429e-01   
   192   6.285714e+00 -3.000000e+00   
   193   4.285714e+00 -1.285714e+00   
   194   6.571429e+00 -3.428571e+00   
   195   6.000000e+00 -2.571429e+00   
   196   3.142857e+00 -8.571429e-01   
   197   7.142857e+00 -4.714286e+00   
   198   6.857143e+00 -3.857143e+00   
   199   5.142857e+00 -1.714286e+00   
   200   3.428571e+00 -8.571429e-01   
   201   5.714286e+00 -2.142857e+00   
   202   4.571429e+00 -1.285714e+00   
   203   7.142857e+00 -4.285714e+00   
   204   3.714286e+00 -8.571429e-01   
   205   7.428571e+00 -6.000000e+00   
   206   7.428571e+00 -5.571429e+00   
   207   6.571429e+00 -3.000000e+00   
   208   6.285714e+00 -2.571429e+00   
   209   5.428571e+00 -1.714286e+00   
   210   7.428571e+00 -5.142857e+00   
   211   6.857143e+00 -3.428571e+00   
   212   4.857143e+00 -1.285714e+00   
   213   4.000000e+00 -8.571429e-01   
   214   6.000000e+00 -2.142857e+00   
   215   7.142857e+00 -3.857143e+00   
   216   2.000000e+00 -4.285714e-01   
   217   7.428571e+00 -4.714286e+00   
   218   2.285714e+00 -4.285714e-01   
   219   2.571429e+00 -4.285714e-01   
   220   4.285714e+00 -8.571429e-01   
   221   2.857143e+00 -4.285714e-01   
   222   5.142857e+00 -1.285714e+00   
   223   5.714286e+00 -1.714286e+00   
   224   3.142857e+00 -4.285714e-01   
   225   7.428571e+00 -4.285714e+00   
   226   6.857143e+00 -3.000000e+00   
   227   6.571429e+00 -2.571429e+00   
   228   7.714286e+00 -6.000000e+00   
   229   7.714286e+00 -5.571429e+00   
   230   4.571429e+00 -8.571429e-01   
   231   7.142857e+00 -3.428571e+00   
   232   3.428571e+00 -4.285714e-01   
   233   6.285714e+00 -2.142857e+00   
   234   7.714286e+00 -5.142857e+00   
   235   3.714286e+00 -4.285714e-01   
   236   5.428571e+00 -1.285714e+00   
   237   7.428571e+00 -3.857143e+00   
   238   7.714286e+00 -4.714286e+00   
   239   6.000000e+00 -1.714286e+00   
   240   4.857143e+00 -8.571429e-01   
   241   4.000000e+00 -4.285714e-01   
   242   6.857143e+00 -2.571429e+00   
   243   7.142857e+00 -3.000000e+00   
   244   7.714286e+00 -4.285714e+00   
   245   6.571429e+00 -2.142857e+00   
   246   8.000000e+00 -6.000000e+00   
   247   2.000000e+00  0.000000e+00   
   248   5.714286e+00 -1.285714e+00   
   249   7.428571e+00 -3.428571e+00   
   250   2.285714e+00  1.776357e-15   
   251   8.000000e+00 -5.571429e+00   
   252   4.285714e+00 -4.285714e-01   
   253   5.142857e+00 -8.571429e-01   
   254   2.571429e+00  1.776357e-15   
   255   8.000000e+00 -5.142857e+00   
   256   6.285714e+00 -1.714286e+00   
   257   2.857143e+00  1.776357e-15   
   258   7.714286e+00 -3.857143e+00   
   259   3.142857e+00  1.776357e-15   
   260   8.000000e+00 -4.714286e+00   
   261   4.571429e+00 -4.285714e-01   
   262   3.428571e+00  2.664535e-15   
   263   5.428571e+00 -8.571429e-01   
   264   7.142857e+00 -2.571429e+00   
   265   6.000000e+00 -1.285714e+00   
   266   7.428571e+00 -3.000000e+00   
   267   6.857143e+00 -2.142857e+00   
   268   8.000000e+00 -4.285714e+00   
   269   3.714286e+00  0.000000e+00   
   270   4.857143e+00 -4.285714e-01   
   271   6.571429e+00 -1.714286e+00   
   272   7.714286e+00 -3.428571e+00   
   273   8.285714e+00 -6.000000e+00   
   274   8.285714e+00 -5.571429e+00   
   275   4.000000e+00  1.776357e-15   
   276   8.285714e+00 -5.142857e+00   
   277   5.714286e+00 -8.571429e-01   
   278   6.285714e+00 -1.285714e+00   
   279   8.000000e+00 -3.857143e+00   
   280   5.142857e+00 -4.285714e-01   
   281   8.285714e+00 -4.714286e+00   
   282   7.428571e+00 -2.571429e+00   
   283   4.285714e+00  1.776357e-15   
   284   2.000000e+00  4.285714e-01   
   285   7.142857e+00 -2.142857e+00   
   286   2.285714e+00  4.285714e-01   
   287   7.714286e+00 -3.000000e+00   
   288   2.571429e+00  4.285714e-01   
   289   6.857143e+00 -1.714286e+00   
   290   2.857143e+00  4.285714e-01   
   291   8.285714e+00 -4.285714e+00   
   292   6.000000e+00 -8.571429e-01   
   293   4.571429e+00 -1.776357e-15   
   294   8.000000e+00 -3.428571e+00   
   295   3.142857e+00  4.285714e-01   
   296   5.428571e+00 -4.285714e-01   
   297   6.571429e+00 -1.285714e+00   
   298   8.571429e+00 -6.000000e+00   
   299   8.571429e+00 -5.571429e+00   
   300   3.428571e+00  4.285714e-01   
   301   8.571429e+00 -5.142857e+00   
   302   8.285714e+00 -3.857143e+00   
   303   4.857143e+00  2.664535e-15   
   304   3.714286e+00  4.285714e-01   
   305   7.428571e+00 -2.142857e+00   
   306   7.714286e+00 -2.571429e+00   
   307   7.142857e+00 -1.714286e+00   
   308   6.285714e+00 -8.571429e-01   
   309   5.714286e+00 -4.285714e-01   
   310   8.571429e+00 -4.714286e+00   
   311   8.000000e+00 -3.000000e+00   
   312   4.000000e+00  4.285714e-01   
   313   6.857143e+00 -1.285714e+00   
   314   5.142857e+00  1.776357e-15   
   315   8.571429e+00 -4.285714e+00   
   316   8.285714e+00 -3.428571e+00   
   317   4.285714e+00  4.285714e-01   
   318   8.857143e+00 -6.000000e+00   
   319   2.000000e+00  8.571429e-01   
   320   6.000000e+00 -4.285714e-01   
   321   2.285714e+00  8.571429e-01   
   322   8.857143e+00 -5.571429e+00   
   323   6.571429e+00 -8.571429e-01   
   324   2.571429e+00  8.571429e-01   
   325   7.714286e+00 -2.142857e+00   
   326   8.857143e+00 -5.142857e+00   
   327   8.000000e+00 -2.571429e+00   
   328   2.857143e+00  8.571429e-01   
   329   5.428571e+00  1.776357e-15   
   330   8.571429e+00 -3.857143e+00   
   331   7.428571e+00 -1.714286e+00   
   332   4.571429e+00  4.285714e-01   
   333   3.142857e+00  8.571429e-01   
   334   8.285714e+00 -3.000000e+00   
   335   8.857143e+00 -4.714286e+00   
   336   7.142857e+00 -1.285714e+00   
   337   3.428571e+00  8.571429e-01   
   338   6.285714e+00 -4.285714e-01   
   339   4.857143e+00  4.285714e-01   
   340   8.571429e+00 -3.428571e+00   
   341   5.714286e+00  2.664535e-15   
   342   8.857143e+00 -4.285714e+00   
   343   3.714286e+00  8.571429e-01   
   344   6.857143e+00 -8.571429e-01   
   345   8.000000e+00 -2.142857e+00   
   346   9.142857e+00 -6.000000e+00   
   347   7.714286e+00 -1.714286e+00   
   348   4.000000e+00  8.571429e-01   
   349   9.142857e+00 -5.571429e+00   
   350   5.142857e+00  4.285714e-01   
   351   8.285714e+00 -2.571429e+00   
   352   8.857143e+00 -3.857143e+00   
   353   7.428571e+00 -1.285714e+00   
   354   9.142857e+00 -5.142857e+00   
   355   6.571429e+00 -4.285714e-01   
   356   6.000000e+00  2.664535e-15   
   357   8.571429e+00 -3.000000e+00   
   358   4.285714e+00  8.571429e-01   
   359   9.142857e+00 -4.714286e+00   
   360   7.142857e+00 -8.571429e-01   
   361   2.000000e+00  1.285714e+00   
   362   5.428571e+00  4.285714e-01   
   363   2.285714e+00  1.285714e+00   
   364   2.571429e+00  1.285714e+00   
   365   8.857143e+00 -3.428571e+00   
   366   4.571429e+00  8.571429e-01   
   367   2.857143e+00  1.285714e+00   
   368   9.142857e+00 -4.285714e+00   
   369   8.000000e+00 -1.714286e+00   
   370   6.285714e+00  2.664535e-15   
   371   3.142857e+00  1.285714e+00   
   372   8.285714e+00 -2.142857e+00   
   373   6.857143e+00 -4.285714e-01   
   374   7.714286e+00 -1.285714e+00   
   375   8.571429e+00 -2.571429e+00   
   376   5.714286e+00  4.285714e-01   
   377   3.428571e+00  1.285714e+00   
   378   9.428571e+00 -6.000000e+00   
   379   4.857143e+00  8.571429e-01   
   380   9.428571e+00 -5.571429e+00   
   381   9.142857e+00 -3.857143e+00   
   382   9.428571e+00 -5.142857e+00   
   383   7.428571e+00 -8.571429e-01   
   384   3.714286e+00  1.285714e+00   
   385   8.857143e+00 -3.000000e+00   
   386   9.428571e+00 -4.714286e+00   
   387   6.571429e+00  1.776357e-15   
   388   5.142857e+00  8.571429e-01   
   389   4.000000e+00  1.285714e+00   
   390   6.000000e+00  4.285714e-01   
   391   7.142857e+00 -4.285714e-01   
   392   9.142857e+00 -3.428571e+00   
   393   8.285714e+00 -1.714286e+00   
   394   8.571429e+00 -2.142857e+00   
   395   9.428571e+00 -4.285714e+00   
   396   8.000000e+00 -1.285714e+00   
   397   4.285714e+00  1.285714e+00   
   398   8.857143e+00 -2.571429e+00   
   399   5.428571e+00  8.571429e-01   
   400   7.714286e+00 -8.571429e-01   
   401   2.000000e+00  1.714286e+00   
   402   9.714286e+00 -6.000000e+00   
   403   2.285714e+00  1.714286e+00   
   404   6.857143e+00  1.776357e-15   
   405   6.285714e+00  4.285714e-01   
   406   4.571429e+00  1.285714e+00   
   407   9.714286e+00 -5.571429e+00   
   408   9.428571e+00 -3.857143e+00   
   409   2.571429e+00  1.714286e+00   
   410   9.142857e+00 -3.000000e+00   
   411   9.714286e+00 -5.142857e+00   
   412   2.857143e+00  1.714286e+00   
   413   7.428571e+00 -4.285714e-01   
   414   5.714286e+00  8.571429e-01   
   415   3.142857e+00  1.714286e+00   
   416   9.714286e+00 -4.714286e+00   
   417   4.857143e+00  1.285714e+00   
   418   8.571429e+00 -1.714286e+00   
   419   3.428571e+00  1.714286e+00   
   420   8.285714e+00 -1.285714e+00   
   421   9.428571e+00 -3.428571e+00   
   422   8.857143e+00 -2.142857e+00   
   423   6.571429e+00  4.285714e-01   
   424   8.000000e+00 -8.571429e-01   
   425   9.714286e+00 -4.285714e+00   
   426   7.142857e+00  2.664535e-15   
   427   3.714286e+00  1.714286e+00   
   428   9.142857e+00 -2.571429e+00   
   429   5.142857e+00  1.285714e+00   
   430   6.000000e+00  8.571429e-01   
   431   4.000000e+00  1.714286e+00   
   432   7.714286e+00 -4.285714e-01   
   433   1.000000e+01 -6.000000e+00   
   434   9.714286e+00 -3.857143e+00   
   435   1.000000e+01 -5.571429e+00   
   436   9.428571e+00 -3.000000e+00   
   437   1.000000e+01 -5.142857e+00   
   438   4.285714e+00  1.714286e+00   
   439   5.428571e+00  1.285714e+00   
   440   6.857143e+00  4.285714e-01   
   441   6.285714e+00  8.571429e-01   
   442   8.857143e+00 -1.714286e+00   
   443   8.571429e+00 -1.285714e+00   
   444   7.428571e+00  1.776357e-15   
   445   1.000000e+01 -4.714286e+00   
   446   9.142857e+00 -2.142857e+00   
   447   8.285714e+00 -8.571429e-01   
   448   9.714286e+00 -3.428571e+00   
   449   4.571429e+00  1.714286e+00   
   450   2.000000e+00  2.142857e+00   
   451   2.285714e+00  2.142857e+00   
   452   2.571429e+00  2.142857e+00   
   453   5.714286e+00  1.285714e+00   
   454   1.000000e+01 -4.285714e+00   
   455   9.428571e+00 -2.571429e+00   
   456   8.000000e+00 -4.285714e-01   
   457   2.857143e+00  2.142857e+00   
   458   3.142857e+00  2.142857e+00   
   459   4.857143e+00  1.714286e+00   
   460   7.142857e+00  4.285714e-01   
   461   6.571429e+00  8.571429e-01   
   462   3.428571e+00  2.142857e+00   
   463   9.714286e+00 -3.000000e+00   
   464   1.000000e+01 -3.857143e+00   
   465   7.714286e+00  2.664535e-15   
   466   6.000000e+00  1.285714e+00   
   467   8.857143e+00 -1.285714e+00   
   468   3.714286e+00  2.142857e+00   
   469   9.142857e+00 -1.714286e+00   
   470   5.142857e+00  1.714286e+00   
   471   8.571429e+00 -8.571429e-01   
   472   9.428571e+00 -2.142857e+00   
   473   4.000000e+00  2.142857e+00   
   474   8.285714e+00 -4.285714e-01   
   475   1.000000e+01 -3.428571e+00   
   476   6.857143e+00  8.571429e-01   
   477   7.428571e+00  4.285714e-01   
   478   9.714286e+00 -2.571429e+00   
   479   5.428571e+00  1.714286e+00   
   480   6.285714e+00  1.285714e+00   
   481   4.285714e+00  2.142857e+00   
   482   8.000000e+00  1.776357e-15   
   483   4.571429e+00  2.142857e+00   
   484   1.000000e+01 -3.000000e+00   
   485   9.142857e+00 -1.285714e+00   
   486   5.714286e+00  1.714286e+00   
   487   7.142857e+00  8.571429e-01   
   488   2.000000e+00  2.571429e+00   
   489   8.857143e+00 -8.571429e-01   
   490   9.428571e+00 -1.714286e+00   
   491   2.285714e+00  2.571429e+00   
   492   2.571429e+00  2.571429e+00   
   493   6.571429e+00  1.285714e+00   
   494   7.714286e+00  4.285714e-01   
   495   2.857143e+00  2.571429e+00   
   496   8.571429e+00 -4.285714e-01   
   497   9.714286e+00 -2.142857e+00   
   498   4.857143e+00  2.142857e+00   
   499   3.142857e+00  2.571429e+00   
   500   3.428571e+00  2.571429e+00   
   501   8.285714e+00  2.664535e-15   
   502   6.000000e+00  1.714286e+00   
   503   1.000000e+01 -2.571429e+00   
   504   5.142857e+00  2.142857e+00   
   505   3.714286e+00  2.571429e+00   
   506   7.428571e+00  8.571429e-01   
   507   6.857143e+00  1.285714e+00   
   508   8.000000e+00  4.285714e-01   
   509   9.428571e+00 -1.285714e+00   
   510   4.000000e+00  2.571429e+00   
   511   9.142857e+00 -8.571429e-01   
   512   6.285714e+00  1.714286e+00   
   513   9.714286e+00 -1.714286e+00   
   514   5.428571e+00  2.142857e+00   
   515   8.857143e+00 -4.285714e-01   
   516   4.285714e+00  2.571429e+00   
   517   1.000000e+01 -2.142857e+00   
   518   8.571429e+00  2.664535e-15   
   519   7.142857e+00  1.285714e+00   
   520   7.714286e+00  8.571429e-01   
   521   4.571429e+00  2.571429e+00   
   522   5.714286e+00  2.142857e+00   
   523   6.571429e+00  1.714286e+00   
   524   8.285714e+00  4.285714e-01   
   525   2.000000e+00  3.000000e+00   
   526   2.285714e+00  3.000000e+00   
   527   2.571429e+00  3.000000e+00   
   528   4.857143e+00  2.571429e+00   
   529   9.428571e+00 -8.571429e-01   
   530   9.714286e+00 -1.285714e+00   
   531   2.857143e+00  3.000000e+00   
   532   9.142857e+00 -4.285714e-01   
   533   3.142857e+00  3.000000e+00   
   534   6.000000e+00  2.142857e+00   
   535   1.000000e+01 -1.714286e+00   
   536   7.428571e+00  1.285714e+00   
   537   8.000000e+00  8.571429e-01   
   538   8.857143e+00  1.776357e-15   
   539   3.428571e+00  3.000000e+00   
   540   6.857143e+00  1.714286e+00   
   541   5.142857e+00  2.571429e+00   
   542   3.714286e+00  3.000000e+00   
   543   8.571429e+00  4.285714e-01   
   544   6.285714e+00  2.142857e+00   
   545   4.000000e+00  3.000000e+00   
   546   5.428571e+00  2.571429e+00   
   547   7.714286e+00  1.285714e+00   
   548   9.714286e+00 -8.571429e-01   
   549   7.142857e+00  1.714286e+00   
   550   1.000000e+01 -1.285714e+00   
   551   4.285714e+00  3.000000e+00   
   552   9.428571e+00 -4.285714e-01   
   553   8.285714e+00  8.571429e-01   
   554   9.142857e+00  1.776357e-15   
   555   6.571429e+00  2.142857e+00   
   556   5.714286e+00  2.571429e+00   
   557   4.571429e+00  3.000000e+00   
   558   8.857143e+00  4.285714e-01   
   559   2.000000e+00  3.428571e+00   
   560   2.285714e+00  3.428571e+00   
   561   7.428571e+00  1.714286e+00   
   562   8.000000e+00  1.285714e+00   
   563   4.857143e+00  3.000000e+00   
   564   2.571429e+00  3.428571e+00   
   565   6.000000e+00  2.571429e+00   
   566   2.857143e+00  3.428571e+00   
   567   6.857143e+00  2.142857e+00   
   568   8.571429e+00  8.571429e-01   
   569   3.142857e+00  3.428571e+00   
   570   1.000000e+01 -8.571429e-01   
   571   9.714286e+00 -4.285714e-01   
   572   5.142857e+00  3.000000e+00   
   573   3.428571e+00  3.428571e+00   
   574   9.428571e+00  1.776357e-15   
   575   6.285714e+00  2.571429e+00   
   576   3.714286e+00  3.428571e+00   
   577   7.714286e+00  1.714286e+00   
   578   9.142857e+00  4.285714e-01   
   579   8.285714e+00  1.285714e+00   
   580   7.142857e+00  2.142857e+00   
   581   5.428571e+00  3.000000e+00   
   582   4.000000e+00  3.428571e+00   
   583   8.857143e+00  8.571429e-01   
   584   4.285714e+00  3.428571e+00   
   585   6.571429e+00  2.571429e+00   
   586   5.714286e+00  3.000000e+00   
   587   1.000000e+01 -4.285714e-01   
   588   4.571429e+00  3.428571e+00   
   589   8.000000e+00  1.714286e+00   
   590   9.714286e+00  1.776357e-15   
   591   7.428571e+00  2.142857e+00   
   592   8.571429e+00  1.285714e+00   
   593   9.428571e+00  4.285714e-01   
   594   6.000000e+00  3.000000e+00   
   595   4.857143e+00  3.428571e+00   
   596   6.857143e+00  2.571429e+00   
   597   2.000000e+00  3.857143e+00   
   598   2.285714e+00  3.857143e+00   
   599   2.571429e+00  3.857143e+00   
   600   2.857143e+00  3.857143e+00   
   601   9.142857e+00  8.571429e-01   
   602   3.142857e+00  3.857143e+00   
   603   5.142857e+00  3.428571e+00   
   604   7.714286e+00  2.142857e+00   
   605   8.285714e+00  1.714286e+00   
   606   3.428571e+00  3.857143e+00   
   607   6.285714e+00  3.000000e+00   
   608   7.142857e+00  2.571429e+00   
   609   1.000000e+01  0.000000e+00   
   610   8.857143e+00  1.285714e+00   
   611   3.714286e+00  3.857143e+00   
   612   5.428571e+00  3.428571e+00   
   613   9.714286e+00  4.285714e-01   
   614   4.000000e+00  3.857143e+00   
   615   6.571429e+00  3.000000e+00   
   616   9.428571e+00  8.571429e-01   
   617   8.000000e+00  2.142857e+00   
   618   4.285714e+00  3.857143e+00   
   619   8.571429e+00  1.714286e+00   
   620   5.714286e+00  3.428571e+00   
   621   7.428571e+00  2.571429e+00   
   622   4.571429e+00  3.857143e+00   
   623   9.142857e+00  1.285714e+00   
   624   6.857143e+00  3.000000e+00   
   625   6.000000e+00  3.428571e+00   
   626   4.857143e+00  3.857143e+00   
   627   1.000000e+01  4.285714e-01   
   628   2.000000e+00  4.285714e+00   
   629   8.285714e+00  2.142857e+00   
   630   2.285714e+00  4.285714e+00   
   631   7.714286e+00  2.571429e+00   
   632   2.571429e+00  4.285714e+00   
   633   9.714286e+00  8.571429e-01   
   634   2.857143e+00  4.285714e+00   
   635   8.857143e+00  1.714286e+00   
   636   5.142857e+00  3.857143e+00   
   637   3.142857e+00  4.285714e+00   
   638   6.285714e+00  3.428571e+00   
   639   7.142857e+00  3.000000e+00   
   640   3.428571e+00  4.285714e+00   
   641   9.428571e+00  1.285714e+00   
   642   3.714286e+00  4.285714e+00   
   643   5.428571e+00  3.857143e+00   
   644   8.000000e+00  2.571429e+00   
   645   8.571429e+00  2.142857e+00   
   646   4.000000e+00  4.285714e+00   
   647   6.571429e+00  3.428571e+00   
   648   7.428571e+00  3.000000e+00   
   649   9.142857e+00  1.714286e+00   
   650   5.714286e+00  3.857143e+00   
   651   4.285714e+00  4.285714e+00   
   652   1.000000e+01  8.571429e-01   
   653   4.571429e+00  4.285714e+00   
   654   6.857143e+00  3.428571e+00   
   655   9.714286e+00  1.285714e+00   
   656   8.285714e+00  2.571429e+00   
   657   6.000000e+00  3.857143e+00   
   658   8.857143e+00  2.142857e+00   
   659   7.714286e+00  3.000000e+00   
   660   4.857143e+00  4.285714e+00   
   661   9.428571e+00  1.714286e+00   
   662   2.000000e+00  4.714286e+00   
   663   2.285714e+00  4.714286e+00   
   664   2.571429e+00  4.714286e+00   
   665   7.142857e+00  3.428571e+00   
   666   6.285714e+00  3.857143e+00   
   667   2.857143e+00  4.714286e+00   
   668   5.142857e+00  4.285714e+00   
   669   3.142857e+00  4.714286e+00   
   670   8.571429e+00  2.571429e+00   
   671   3.428571e+00  4.714286e+00   
   672   8.000000e+00  3.000000e+00   
   673   1.000000e+01  1.285714e+00   
   674   9.142857e+00  2.142857e+00   
   675   5.428571e+00  4.285714e+00   
   676   3.714286e+00  4.714286e+00   
   677   6.571429e+00  3.857143e+00   
   678   7.428571e+00  3.428571e+00   
   679   4.000000e+00  4.714286e+00   
   680   9.714286e+00  1.714286e+00   
   681   5.714286e+00  4.285714e+00   
   682   4.285714e+00  4.714286e+00   
   683   8.857143e+00  2.571429e+00   
   684   8.285714e+00  3.000000e+00   
   685   6.857143e+00  3.857143e+00   
   686   4.571429e+00  4.714286e+00   
   687   9.428571e+00  2.142857e+00   
   688   7.714286e+00  3.428571e+00   
   689   6.000000e+00  4.285714e+00   
   690   4.857143e+00  4.714286e+00   
   691   1.000000e+01  1.714286e+00   
   692   7.142857e+00  3.857143e+00   
   693   6.285714e+00  4.285714e+00   
   694   2.000000e+00  5.142857e+00   
   695   8.571429e+00  3.000000e+00   
   696   2.285714e+00  5.142857e+00   
   697   2.571429e+00  5.142857e+00   
   698   9.142857e+00  2.571429e+00   
   699   5.142857e+00  4.714286e+00   
   700   8.000000e+00  3.428571e+00   
   701   2.857143e+00  5.142857e+00   
   702   3.142857e+00  5.142857e+00   
   703   9.714286e+00  2.142857e+00   
   704   3.428571e+00  5.142857e+00   
   705   5.428571e+00  4.714286e+00   
   706   7.428571e+00  3.857143e+00   
   707   6.571429e+00  4.285714e+00   
   708   3.714286e+00  5.142857e+00   
   709   8.857143e+00  3.000000e+00   
   710   4.000000e+00  5.142857e+00   
   711   8.285714e+00  3.428571e+00   
   712   5.714286e+00  4.714286e+00   
   713   9.428571e+00  2.571429e+00   
   714   6.857143e+00  4.285714e+00   
   715   4.285714e+00  5.142857e+00   
   716   7.714286e+00  3.857143e+00   
   717   1.000000e+01  2.142857e+00   
   718   4.571429e+00  5.142857e+00   
   719   6.000000e+00  4.714286e+00   
   720   9.142857e+00  3.000000e+00   
   721   8.571429e+00  3.428571e+00   
   722   7.142857e+00  4.285714e+00   
   723   4.857143e+00  5.142857e+00   
   724   9.714286e+00  2.571429e+00   
   725   8.000000e+00  3.857143e+00   
   726   6.285714e+00  4.714286e+00   
   727   2.000000e+00  5.571429e+00   
   728   2.285714e+00  5.571429e+00   
   729   5.142857e+00  5.142857e+00   
   730   2.571429e+00  5.571429e+00   
   731   2.857143e+00  5.571429e+00   
   732   3.142857e+00  5.571429e+00   
   733   7.428571e+00  4.285714e+00   
   734   6.571429e+00  4.714286e+00   
   735   8.857143e+00  3.428571e+00   
   736   5.428571e+00  5.142857e+00   
   737   3.428571e+00  5.571429e+00   
   738   9.428571e+00  3.000000e+00   
   739   8.285714e+00  3.857143e+00   
   740   3.714286e+00  5.571429e+00   
   741   1.000000e+01  2.571429e+00   
   742   4.000000e+00  5.571429e+00   
   743   5.714286e+00  5.142857e+00   
   744   6.857143e+00  4.714286e+00   
   745   7.714286e+00  4.285714e+00   
   746   4.285714e+00  5.571429e+00   
   747   9.142857e+00  3.428571e+00   
   748   6.000000e+00  5.142857e+00   
   749   8.571429e+00  3.857143e+00   
   750   4.571429e+00  5.571429e+00   
   751   9.714286e+00  3.000000e+00   
   752   7.142857e+00  4.714286e+00   
   753   8.000000e+00  4.285714e+00   
   754   4.857143e+00  5.571429e+00   
   755   6.285714e+00  5.142857e+00   
   756   5.142857e+00  5.571429e+00   
   757   2.000000e+00  6.000000e+00   
   758   2.285714e+00  6.000000e+00   
   759   9.428571e+00  3.428571e+00   
   760   8.857143e+00  3.857143e+00   
   761   7.428571e+00  4.714286e+00   
   762   2.571429e+00  6.000000e+00   
   763   2.857143e+00  6.000000e+00   
   764   1.000000e+01  3.000000e+00   
   765   6.571429e+00  5.142857e+00   
   766   8.285714e+00  4.285714e+00   
   767   3.142857e+00  6.000000e+00   
   768   5.428571e+00  5.571429e+00   
   769   3.428571e+00  6.000000e+00   
   770   3.714286e+00  6.000000e+00   
   771   7.714286e+00  4.714286e+00   
   772   5.714286e+00  5.571429e+00   
   773   6.857143e+00  5.142857e+00   
   774   4.000000e+00  6.000000e+00   
   775   9.142857e+00  3.857143e+00   
   776   9.714286e+00  3.428571e+00   
   777   8.571429e+00  4.285714e+00   
   778   4.285714e+00  6.000000e+00   
   779   6.000000e+00  5.571429e+00   
   780   4.571429e+00  6.000000e+00   
   781   7.142857e+00  5.142857e+00   
   782   8.000000e+00  4.714286e+00   
   783   4.857143e+00  6.000000e+00   
   784   6.285714e+00  5.571429e+00   
   785   9.428571e+00  3.857143e+00   
   786   8.857143e+00  4.285714e+00   
   787   1.000000e+01  3.428571e+00   
   788   7.428571e+00  5.142857e+00   
   789   5.142857e+00  6.000000e+00   
   790   8.285714e+00  4.714286e+00   
   791   6.571429e+00  5.571429e+00   
   792   5.428571e+00  6.000000e+00   
   793   9.714286e+00  3.857143e+00   
   794   9.142857e+00  4.285714e+00   
   795   7.714286e+00  5.142857e+00   
   796   6.857143e+00  5.571429e+00   
   797   5.714286e+00  6.000000e+00   
   798   8.571429e+00  4.714286e+00   
   799   6.000000e+00  6.000000e+00   
   800   8.000000e+00  5.142857e+00   
   801   7.142857e+00  5.571429e+00   
   802   9.428571e+00  4.285714e+00   
   803   1.000000e+01  3.857143e+00   
   804   8.857143e+00  4.714286e+00   
   805   6.285714e+00  6.000000e+00   
   806   7.428571e+00  5.571429e+00   
   807   8.285714e+00  5.142857e+00   
   808   6.571429e+00  6.000000e+00   
   809   9.714286e+00  4.285714e+00   
   810   9.142857e+00  4.714286e+00   
   811   7.714286e+00  5.571429e+00   
   812   8.571429e+00  5.142857e+00   
   813   6.857143e+00  6.000000e+00   
   814   1.000000e+01  4.285714e+00   
   815   8.000000e+00  5.571429e+00   
   816   9.428571e+00  4.714286e+00   
   817   7.142857e+00  6.000000e+00   
   818   8.857143e+00  5.142857e+00   
   819   8.285714e+00  5.571429e+00   
   820   7.428571e+00  6.000000e+00   
   821   9.714286e+00  4.714286e+00   
   822   9.142857e+00  5.142857e+00   
   823   7.714286e+00  6.000000e+00   
   824   8.571429e+00  5.571429e+00   
   825   1.000000e+01  4.714286e+00   
   826   9.428571e+00  5.142857e+00   
   827   8.000000e+00  6.000000e+00   
   828   8.857143e+00  5.571429e+00   
   829   8.285714e+00  6.000000e+00   
   830   9.714286e+00  5.142857e+00   
   831   9.142857e+00  5.571429e+00   
   832   8.571429e+00  6.000000e+00   
   833   1.000000e+01  5.142857e+00   
   834   9.428571e+00  5.571429e+00   
   835   8.857143e+00  6.000000e+00   
   836   9.714286e+00  5.571429e+00   
   837   9.142857e+00  6.000000e+00   
   838   1.000000e+01  5.571429e+00   
   839   9.428571e+00  6.000000e+00   
   840   9.714286e+00  6.000000e+00   
   841   1.000000e+01  6.000000e+00   
  END_COORDINATES
  BOUNDARIES, ELEMENT
    1         1     2         1     
    2         3     1         1     
    3         2     5         2     
    4         5     7         3     
    5         7     12         4     
    6         12     18         5     
    7         18     23         6     
    8         23     32         7     
    9         32     41         8     
    10         41     48         9     
    11         48     60         10     
    12         60     75         11     
    13         75     84         12     
    14         84     100         13     
    15         100     115         14     
    16         115     129         15     
    17         129     148         16     
    18         148     167         17     
    19         167     182         18     
    20         182     205         19     
    21         205     228         20     
    22         228     246         21     
    23         246     273         22     
    24         273     298         23     
    25         298     318         24     
    26         318     346         25     
    27         346     378         26     
    28         378     402         27     
    29         402     433         28     
    30         433     435         28     
    31         8     3         29     
    32         435     437         56     
    33         15     8         57     
    34         437     445         84     
    35         24     15         85     
    36         445     454         112     
    37         36     24         113     
    38         454     464         140     
    39         49     36         141     
    40         464     475         168     
    41         67     49         169     
    42         475     484         196     
    43         85     67         197     
    44         484     503         224     
    45         108     85         225     
    46         503     517         252     
    47         128     108         253     
    48         517     535         280     
    49         155     128         281     
    50         535     550         308     
    51         183     155         309     
    52         550     570         336     
    53         216     183         337     
    54         570     587         364     
    55         247     216         365     
    56         587     609         392     
    57         284     247         393     
    58         609     627         420     
    59         319     284         421     
    60         627     652         448     
    61         361     319         449     
    62         652     673         476     
    63         401     361         477     
    64         673     691         504     
    65         450     401         505     
    66         691     717         532     
    67         488     450         533     
    68         717     741         560     
    69         525     488         561     
    70         741     764         588     
    71         559     525         589     
    72         764     787         616     
    73         597     559         617     
    74         787     803         644     
    75         628     597         645     
    76         803     814         672     
    77         662     628         673     
    78         814     825         700     
    79         694     662         701     
    80         825     833         728     
    81         727     694         729     
    82         833     838         756     
    83         758     757         757     
    84         757     727         757     
    85         762     758         758     
    86         763     762         759     
    87         767     763         760     
    88         769     767         761     
    89         770     769         762     
    90         774     770         763     
    91         778     774         764     
    92         780     778         765     
    93         783     780         766     
    94         789     783         767     
    95         792     789         768     
    96         797     792         769     
    97         799     797         770     
    98         805     799         771     
    99         808     805         772     
    100         813     808         773     
    101         817     813         774     
    102         820     817         775     
    103         823     820         776     
    104         827     823         777     
    105         829     827         778     
    106         832     829         779     
    107         835     832         780     
    108         837     835         781     
    109         839     837         782     
    110         840     839         783     
    111         838     841         784     
    112         841     840         784     
  END_BOUNDARIES
  MATERIALS
     1     0
     2     0
     3     0
     4     0
     5     0
     6     0
     7     0
     8     0
     9     0
     10     0
     11     0
     12     0
     13     0
     14     0
     15     0
     16     0
     17     0
     18     0
     19     0
     20     0
     21     0
     22     0
     23     0
     24     0
     25     0
     26     0
     27     0
     28     0
     29     0
     30     0
     31     0
     32     0
     33     0
     34     0
     35     0
     36     0
     37     0
     38     0
     39     0
     40     0
     41     0
     42     0
     43     0
     44     0
     45     0
     46     0
     47     0
     48     0
     49     0
     50     0
     51     0
     52     0
     53     0
     54     0
     55     0
     56     0
     57     0
     58     0
     59     0
     60     0
     61     0
     62     0
     63     0
     64     0
     65     0
     66     0
     67     0
     68     0
     69     0
     70     0
     71     0
     72     0
     73     0
     74     0
     75     0
     76     0
     77     0
     78     0
     79     0
     80     0
     81     0
     82     0
     83     0
     84     0
     85     0
     86     0
     87     0
     88     0
     89     0
     90     0
     91     0
     92     0
     93     0
     94     0
     95     0
     96     0
     97     0
     98     0
     99     0
     100     0
     101     0
     102     0
     103     0
     104     0
     105     0
     106     0
     107     0
     108     0
     109     0
     110     0
     111     0
     112     0
     113     0
     114     0
     115     0
     116     0
     117     0
     118     0
     119     0
     120     0
     121     0
     122     0
     123     0
     124     0
     125     0
     126     0
     127     0
     128     0
     129     0
     130     0
     131     0
     132     0
     133     0
     134     0
     135     0
     136     0
     137     0
     138     0
     139     0
     140     0
     141     0
     142     0
     143     0
     144     0
     145     0
     146     0
     147     0
     148     0
     149     0
     150     0
     151     0
     152     0
     153     0
     154     0
     155     0
     156     0
     157     0
     158     0
     159     0
     160     0
     161     0
     162     0
     163     0
     164     0
     165     0
     166     0
     167     0
     168     0
     169     0
     170     0
     171     0
     172     0
     173     0
     174     0
     175     0
     176     0
     177     0
     178     0
     179     0
     180     0
     181     0
     182     0
     183     0
     184     0
     185     0
     186     0
     187     0
     188     0
     189     0
     190     0
     191     0
     192     0
     193     0
     194     0
     195     0
     196     0
     197     0
     198     0
     199     0
     200     0
     201     0
     202     0
     203     0
     204     0
     205     0
     206     0
     207     0
     208     0
     209     0
     210     0
     211     0
     212     0
     213     0
     214     0
     215     0
     216     0
     217     0
     218     0
     219     0
     220     0
     221     0
     222     0
     223     0
     224     0
     225     0
     226     0
     227     0
     228     0
     229     0
     230     0
     231     0
     232     0
     233     0
     234     0
     235     0
     236     0
     237     0
     238     0
     239     0
     240     0
     241     0
     242     0
     243     0
     244     0
     245     0
     246     0
     247     0
     248     0
     249     0
     250     0
     251     0
     252     0
     253     0
     254     0
     255     0
     256     0
     257     0
     258     0
     259     0
     260     0
     261     0
     262     0
     263     0
     264     0
     265     0
     266     0
     267     0
     268     0
     269     0
     270     0
     271     0
     272     0
     273     0
     274     0
     275     0
     276     0
     277     0
     278     0
     279     0
     280     0
     281     0
     282     0
     283     0
     284     0
     285     0
     286     0
     287     0
     288     0
     289     0
     290     0
     291     0
     292     0
     293     0
     294     0
     295     0
     296     0
     297     0
     298     0
     299     0
     300     0
     301     0
     302     0
     303     0
     304     0
     305     0
     306     0
     307     0
     308     0
     309     0
     310     0
     311     0
     312     0
     313     0
     314     0
     315     0
     316     0
     317     0
     318     0
     319     0
     320     0
     321     0
     322     0
     323     0
     324     0
     325     0
     326     0
     327     0
     328     0
     329     0
     330     0
     331     0
     332     0
     333     0
     334     0
     335     0
     336     0
     337     0
     338     0
     339     0
     340     0
     341     0
     342     0
     343     0
     344     0
     345     0
     346     0
     347     0
     348     0
     349     0
     350     0
     351     0
     352     0
     353     0
     354     0
     355     0
     356     0
     357     0
     358     0
     359     0
     360     0
     361     0
     362     0
     363     0
     364     0
     365     0
     366     0
     367     0
     368     0
     369     0
     370     0
     371     0
     372     0
     373     0
     374     0
     375     0
     376     0
     377     0
     378     0
     379     0
     380     0
     381     0
     382     0
     383     0
     384     0
     385     0
     386     0
     387     0
     388     0
     389     0
     390     0
     391     0
     392     0
     393     0
     394     0
     395     0
     396     0
     397     0
     398     0
     399     0
     400     0
     401     0
     402     0
     403     0
     404     0
     405     0
     406     0
     407     0
     408     0
     409     0
     410     0
     411     0
     412     0
     413     0
     414     0
     415     0
     416     0
     417     0
     418     0
     419     0
     420     0
     421     0
     422     0
     423     0
     424     0
     425     0
     426     0
     427     0
     428     0
     429     0
     430     0
     431     0
     432     0
     433     0
     434     0
     435     0
     436     0
     437     0
     438     0
     439     0
     440     0
     441     0
     442     0
     443     0
     444     0
     445     0
     446     0
     447     0
     448     0
     449     0
     450     0
     451     0
     452     0
     453     0
     454     0
     455     0
     456     0
     457     0
     458     0
     459     0
     460     0
     461     0
     462     0
     463     0
     464     0
     465     0
     466     0
     467     0
     468     0
     469     0
     470     0
     471     0
     472     0
     473     0
     474     0
     475     0
     476     0
     477     0
     478     0
     479     0
     480     0
     481     0
     482     0
     483     0
     484     0
     485     0
     486     0
     487     0
     488     0
     489     0
     490     0
     491     0
     492     0
     493     0
     494     0
     495     0
     496     0
     497     0
     498     0
     499     0
     500     0
     501     0
     502     0
     503     0
     504     0
     505     0
     506     0
     507     0
     508     0
     509     0
     510     0
     511     0
     512     0
     513     0
     514     0
     515     0
     516     0
     517     0
     518     0
     519     0
     520     0
     521     0
     522     0
     523     0
     524     0
     525     0
     526     0
     527     0
     528     0
     529     0
     530     0
     531     0
     532     0
     533     0
     534     0
     535     0
     536     0
     537     0
     538     0
     539     0
     540     0
     541     0
     542     0
     543     0
     544     0
     545     0
     546     0
     547     0
     548     0
     549     0
     550     0
     551     0
     552     0
     553     0
     554     0
     555     0
     556     0
     557     0
     558     0
     559     0
     560     0
     561     0
     562     0
     563     0
     564     0
     565     0
     566     0
     567     0
     568     0
     569     0
     570     0
     571     0
     572     0
     573     0
     574     0
     575     0
     576     0
     577     0
     578     0
     579     0
     580     0
     581     0
     582     0
     583     0
     584     0
     585     0
     586     0
     587     0
     588     0
     589     0
     590     0
     591     0
     592     0
     593     0
     594     0
     595     0
     596     0
     597     0
     598     0
     599     0
     600     0
     601     0
     602     0
     603     0
     604     0
     605     0
     606     0
     607     0
     608     0
     609     0
     610     0
     611     0
     612     0
     613     0
     614     0
     615     0
     616     0
     617     0
     618     0
     619     0
     620     0
     621     0
     622     0
     623     0
     624     0
     625     0
     626     0
     627     0
     628     0
     629     0
     630     0
     631     0
     632     0
     633     0
     634     0
     635     0
     636     0
     637     0
     638     0
     639     0
     640     0
     641     0
     642     0
     643     0
     644     0
     645     0
     646     0
     647     0
     648     0
     649     0
     650     0
     651     0
     652     0
     653     0
     654     0
     655     0
     656     0
     657     0
     658     0
     659     0
     660     0
     661     0
     662     0
     663     0
     664     0
     665     0
     666     0
     667     0
     668     0
     669     0
     670     0
     671     0
     672     0
     673     0
     674     0
     675     0
     676     0
     677     0
     678     0
     679     0
     680     0
     681     0
     682     0
     683     0
     684     0
     685     0
     686     0
     687     0
     688     0
     689     0
     690     0
     691     0
     692     0
     693     0
     694     0
     695     0
     696     0
     697     0
     698     0
     699     0
     700     0
     701     0
     702     0
     703     0
     704     0
     705     0
     706     0
     707     0
     708     0
     709     0
     710     0
     711     0
     712     0
     713     0
     714     0
     715     0
     716     0
     717     0
     718     0
     719     0
     720     0
     721     0
     722     0
     723     0
     724     0
     725     0
     726     0
     727     0
     728     0
     729     0
     730     0
     731     0
     732     0
     733     0
     734     0
     735     0
     736     0
     737     0
     738     0
     739     0
     740     0
     741     0
     742     0
     743     0
     744     0
     745     0
     746     0
     747     0
     748     0
     749     0
     750     0
     751     0
     752     0
     753     0
     754     0
     755     0
     756     0
     757     0
     758     0
     759     0
     760     0
     761     0
     762     0
     763     0
     764     0
     765     0
     766     0
     767     0
     768     0
     769     0
     770     0
     771     0
     772     0
     773     0
     774     0
     775     0
     776     0
     777     0
     778     0
     779     0
     780     0
     781     0
     782     0
     783     0
     784     0
  END_MATERIALS 
  SUBDOMAINS
  END_SUBDOMAINS
  CHARACTERISTICS
  END_CHARACTERISTICS
