  NODES_PER_ELEMENT
   1 3
   2 3
   3 3
   4 3
   5 3
   6 3
   7 3
   8 3
   9 3
   10 3
   11 3
   12 3
   13 3
   14 3
   15 3
   16 3
   17 3
   18 3
   19 3
   20 3
   21 3
   22 3
   23 3
   24 3
   25 3
   26 3
   27 3
   28 3
   29 3
   30 3
   31 3
   32 3
   33 3
   34 3
   35 3
   36 3
   37 3
   38 3
   39 3
   40 3
   41 3
   42 3
   43 3
   44 3
   45 3
   46 3
   47 3
   48 3
   49 3
   50 3
   51 3
   52 3
   53 3
   54 3
   55 3
   56 3
   57 3
   58 3
   59 3
   60 3
   61 3
   62 3
   63 3
   64 3
   65 3
   66 3
   67 3
   68 3
   69 3
   70 3
   71 3
   72 3
   73 3
   74 3
   75 3
   76 3
   77 3
   78 3
   79 3
   80 3
   81 3
   82 3
   83 3
   84 3
   85 3
   86 3
   87 3
   88 3
   89 3
   90 3
   91 3
   92 3
   93 3
   94 3
   95 3
   96 3
   97 3
   98 3
   99 3
   100 3
   101 3
   102 3
   103 3
   104 3
   105 3
   106 3
   107 3
   108 3
   109 3
   110 3
   111 3
   112 3
   113 3
   114 3
   115 3
   116 3
   117 3
   118 3
   119 3
   120 3
   121 3
   122 3
   123 3
   124 3
   125 3
   126 3
   127 3
   128 3
   129 3
   130 3
   131 3
   132 3
   133 3
   134 3
   135 3
   136 3
   137 3
   138 3
   139 3
   140 3
   141 3
   142 3
   143 3
   144 3
   145 3
   146 3
   147 3
   148 3
   149 3
   150 3
   151 3
   152 3
   153 3
   154 3
   155 3
   156 3
   157 3
   158 3
   159 3
   160 3
   161 3
   162 3
   163 3
   164 3
   165 3
   166 3
   167 3
   168 3
   169 3
   170 3
   171 3
   172 3
   173 3
   174 3
   175 3
   176 3
   177 3
   178 3
   179 3
   180 3
   181 3
   182 3
   183 3
   184 3
   185 3
   186 3
   187 3
   188 3
   189 3
   190 3
   191 3
   192 3
   193 3
   194 3
   195 3
   196 3
   197 3
   198 3
   199 3
   200 3
   201 3
   202 3
   203 3
   204 3
   205 3
   206 3
   207 3
   208 3
   209 3
   210 3
   211 3
   212 3
   213 3
   214 3
   215 3
   216 3
   217 3
   218 3
   219 3
   220 3
   221 3
   222 3
   223 3
   224 3
   225 3
   226 3
   227 3
   228 3
   229 3
   230 3
   231 3
   232 3
   233 3
   234 3
   235 3
   236 3
   237 3
   238 3
   239 3
   240 3
   241 3
   242 3
   243 3
   244 3
   245 3
   246 3
   247 3
   248 3
   249 3
   250 3
   251 3
   252 3
   253 3
   254 3
   255 3
   256 3
   257 3
   258 3
   259 3
   260 3
   261 3
   262 3
   263 3
   264 3
   265 3
   266 3
   267 3
   268 3
   269 3
   270 3
   271 3
   272 3
   273 3
   274 3
   275 3
   276 3
   277 3
   278 3
   279 3
   280 3
   281 3
   282 3
   283 3
   284 3
   285 3
   286 3
   287 3
   288 3
   289 3
   290 3
   291 3
   292 3
   293 3
   294 3
   295 3
   296 3
   297 3
   298 3
   299 3
   300 3
   301 3
   302 3
   303 3
   304 3
   305 3
   306 3
   307 3
   308 3
   309 3
   310 3
   311 3
   312 3
   313 3
   314 3
   315 3
   316 3
   317 3
   318 3
   319 3
   320 3
   321 3
   322 3
   323 3
   324 3
   325 3
   326 3
   327 3
   328 3
   329 3
   330 3
   331 3
   332 3
   333 3
   334 3
   335 3
   336 3
   337 3
   338 3
   339 3
   340 3
   341 3
   342 3
   343 3
   344 3
   345 3
   346 3
   347 3
   348 3
   349 3
   350 3
   351 3
   352 3
   353 3
   354 3
   355 3
   356 3
   357 3
   358 3
   359 3
   360 3
   361 3
   362 3
   363 3
   364 3
   365 3
   366 3
   367 3
   368 3
   369 3
   370 3
   371 3
   372 3
   373 3
   374 3
   375 3
   376 3
   377 3
   378 3
   379 3
   380 3
   381 3
   382 3
   383 3
   384 3
   385 3
   386 3
   387 3
   388 3
   389 3
   390 3
   391 3
   392 3
   393 3
   394 3
   395 3
   396 3
   397 3
   398 3
   399 3
   400 3
   401 3
   402 3
   403 3
   404 3
   405 3
   406 3
   407 3
   408 3
   409 3
   410 3
   411 3
   412 3
   413 3
   414 3
   415 3
   416 3
   417 3
   418 3
   419 3
   420 3
   421 3
   422 3
   423 3
   424 3
   425 3
   426 3
   427 3
   428 3
   429 3
   430 3
   431 3
   432 3
   433 3
   434 3
   435 3
   436 3
   437 3
   438 3
   439 3
   440 3
   441 3
   442 3
   443 3
   444 3
   445 3
   446 3
   447 3
   448 3
   449 3
   450 3
   451 3
   452 3
   453 3
   454 3
   455 3
   456 3
   457 3
   458 3
   459 3
   460 3
   461 3
   462 3
   463 3
   464 3
   465 3
   466 3
   467 3
   468 3
   469 3
   470 3
   471 3
   472 3
   473 3
   474 3
   475 3
   476 3
   477 3
   478 3
   479 3
   480 3
   481 3
   482 3
   483 3
   484 3
   485 3
   486 3
   487 3
   488 3
   489 3
   490 3
   491 3
   492 3
   493 3
   494 3
   495 3
   496 3
   497 3
   498 3
   499 3
   500 3
   501 3
   502 3
   503 3
   504 3
   505 3
   506 3
   507 3
   508 3
   509 3
   510 3
   511 3
   512 3
   513 3
   514 3
   515 3
   516 3
   517 3
   518 3
   519 3
   520 3
   521 3
   522 3
   523 3
   524 3
   525 3
   526 3
   527 3
   528 3
   529 3
   530 3
   531 3
   532 3
   533 3
   534 3
   535 3
   536 3
   537 3
   538 3
   539 3
   540 3
   541 3
   542 3
   543 3
   544 3
   545 3
   546 3
   547 3
   548 3
   549 3
   550 3
   551 3
   552 3
   553 3
   554 3
   555 3
   556 3
   557 3
   558 3
   559 3
   560 3
   561 3
   562 3
   563 3
   564 3
   565 3
   566 3
   567 3
   568 3
   569 3
   570 3
   571 3
   572 3
   573 3
   574 3
   575 3
   576 3
   577 3
   578 3
   579 3
   580 3
   581 3
   582 3
   583 3
   584 3
   585 3
   586 3
   587 3
   588 3
   589 3
   590 3
   591 3
   592 3
   593 3
   594 3
   595 3
   596 3
   597 3
   598 3
   599 3
   600 3
   601 3
   602 3
   603 3
   604 3
   605 3
   606 3
   607 3
   608 3
   609 3
   610 3
   611 3
   612 3
   613 3
   614 3
   615 3
   616 3
   617 3
   618 3
   619 3
   620 3
   621 3
   622 3
   623 3
   624 3
   625 3
   626 3
   627 3
   628 3
   629 3
   630 3
   631 3
   632 3
   633 3
   634 3
   635 3
   636 3
   637 3
   638 3
   639 3
   640 3
   641 3
   642 3
   643 3
   644 3
   645 3
   646 3
   647 3
   648 3
   649 3
   650 3
   651 3
   652 3
   653 3
   654 3
   655 3
   656 3
   657 3
   658 3
   659 3
   660 3
   661 3
   662 3
   663 3
   664 3
   665 3
   666 3
   667 3
   668 3
   669 3
   670 3
   671 3
   672 3
   673 3
   674 3
   675 3
   676 3
   677 3
   678 3
   679 3
   680 3
   681 3
   682 3
   683 3
   684 3
   685 3
   686 3
   687 3
   688 3
   689 3
   690 3
   691 3
   692 3
   693 3
   694 3
   695 3
   696 3
   697 3
   698 3
  END_NODES_PER_ELEMENT
  ELEMENTS
  1 1 2 3  
  2 371 378 370  
  3 60 47 55  
  4 370 378 376  
  5 371 370 361  
  6 55 47 42  
  7 376 378 382  
  8 361 370 359  
  9 42 47 36  
  10 359 370 368  
  11 361 359 348  
  12 368 370 376  
  13 359 368 356  
  14 348 359 343  
  15 368 376 375  
  16 356 368 367  
  17 343 359 356  
  18 375 376 381  
  19 367 368 375  
  20 343 356 341  
  21 381 376 382  
  22 341 356 354  
  23 343 341 325  
  24 354 356 367  
  25 341 354 337  
  26 325 341 322  
  27 354 367 365  
  28 337 354 353  
  29 322 341 337  
  30 365 367 374  
  31 353 354 365  
  32 322 337 319  
  33 374 367 375  
  34 319 337 336  
  35 322 319 301  
  36 336 337 353  
  37 319 336 316  
  38 301 319 297  
  39 336 353 352  
  40 316 336 335  
  41 297 319 316  
  42 352 353 366  
  43 335 336 352  
  44 297 316 296  
  45 366 353 365  
  46 296 316 317  
  47 297 296 276  
  48 317 316 335  
  49 296 317 300  
  50 276 296 277  
  51 317 335 339  
  52 300 317 320  
  53 277 296 300  
  54 339 335 350  
  55 320 317 339  
  56 277 300 280  
  57 350 335 352  
  58 280 300 302  
  59 277 280 256  
  60 302 300 320  
  61 280 302 283  
  62 256 280 260  
  63 302 320 324  
  64 283 302 306  
  65 260 280 283  
  66 324 320 345  
  67 306 302 324  
  68 260 283 264  
  69 345 320 339  
  70 264 283 288  
  71 260 264 237  
  72 288 283 306  
  73 264 288 270  
  74 237 264 244  
  75 288 306 309  
  76 270 288 293  
  77 244 264 270  
  78 237 244 216  
  79 309 306 329  
  80 293 288 309  
  81 244 270 249  
  82 216 244 222  
  83 329 306 324  
  84 293 309 315  
  85 249 270 274  
  86 222 244 249  
  87 315 309 328  
  88 293 315 298  
  89 274 270 293  
  90 222 249 227  
  91 328 309 329  
  92 298 315 321  
  93 274 293 298  
  94 227 249 259  
  95 321 315 347  
  96 298 321 307  
  97 274 298 284  
  98 259 249 274  
  99 307 321 338  
  100 298 307 284  
  101 259 274 284  
  102 284 307 292  
  103 259 284 269  
  104 292 307 314  
  105 284 292 269  
  106 314 307 338  
  107 292 314 304  
  108 269 292 278  
  109 304 314 333  
  110 292 304 278  
  111 269 278 252  
  112 278 304 289  
  113 252 278 265  
  114 269 252 242  
  115 242 252 224  
  116 269 242 259  
  117 224 252 236  
  118 242 224 213  
  119 259 242 227  
  120 213 224 197  
  121 242 213 227  
  122 197 224 208  
  123 213 197 187  
  124 227 213 200  
  125 187 197 171  
  126 213 187 200  
  127 227 200 222  
  128 171 197 180  
  129 200 187 175  
  130 222 200 196  
  131 175 187 160  
  132 200 175 196  
  133 160 187 171  
  134 175 160 152  
  135 196 175 172  
  136 160 171 147  
  137 152 160 138  
  138 175 152 172  
  139 147 171 157  
  140 138 160 147  
  141 172 152 149  
  142 138 147 125  
  143 149 152 131  
  144 172 149 166  
  145 125 147 135  
  146 138 125 117  
  147 131 152 138  
  148 166 149 143  
  149 117 125 103  
  150 138 117 131  
  151 143 149 127  
  152 166 143 163  
  153 103 125 115  
  154 131 117 112  
  155 127 149 131  
  156 163 143 140  
  157 112 117 98  
  158 131 112 127  
  159 140 143 124  
  160 98 117 103  
  161 127 112 107  
  162 124 143 127  
  163 140 124 121  
  164 98 103 86  
  165 107 112 93  
  166 124 127 107  
  167 121 124 105  
  168 86 103 95  
  169 93 112 98  
  170 124 107 105  
  171 93 98 81  
  172 105 107 89  
  173 81 98 86  
  174 93 81 78  
  175 89 107 93  
  176 105 89 87  
  177 81 86 70  
  178 78 81 65  
  179 87 89 73  
  180 105 87 104  
  181 70 86 77  
  182 65 81 70  
  183 73 89 78  
  184 104 87 88  
  185 65 70 55  
  186 78 89 93  
  187 88 87 71  
  188 104 88 106  
  189 71 87 73  
  190 88 71 75  
  191 106 88 91  
  192 75 71 62  
  193 88 75 91  
  194 62 71 61  
  195 75 62 64  
  196 91 75 80  
  197 61 71 73  
  198 62 61 48  
  199 64 62 50  
  200 80 75 64  
  201 48 61 49  
  202 62 48 50  
  203 80 64 68  
  204 49 61 63  
  205 50 48 38  
  206 68 64 54  
  207 80 68 84  
  208 63 61 73  
  209 38 48 37  
  210 54 64 50  
  211 84 68 72  
  212 63 73 78  
  213 37 48 49  
  214 54 50 41  
  215 72 68 57  
  216 63 78 65  
  217 41 50 38  
  218 54 41 44  
  219 57 68 54  
  220 63 65 51  
  221 41 38 30  
  222 44 41 33  
  223 57 54 44  
  224 51 65 55  
  225 30 38 28  
  226 33 41 30  
  227 28 38 37  
  228 30 28 21  
  229 33 30 23  
  230 21 28 20  
  231 30 21 23  
  232 20 28 29  
  233 21 20 13  
  234 23 21 15  
  235 29 28 37  
  236 20 29 22  
  237 13 20 14  
  238 15 21 13  
  239 22 29 31  
  240 20 22 14  
  241 15 13 9  
  242 31 29 40  
  243 14 22 17  
  244 9 13 8  
  245 15 9 12  
  246 40 29 37  
  247 8 13 14  
  248 9 8 4  
  249 12 9 7  
  250 40 37 49  
  251 4 8 6  
  252 9 4 7  
  253 40 49 51  
  254 7 4 2  
  255 51 49 63  
  256 40 51 42  
  257 235 238 207  
  258 342 338 321  
  259 325 322 303  
  260 303 322 301  
  261 325 303 308  
  262 303 301 282  
  263 308 303 285  
  264 282 301 279  
  265 303 282 285  
  266 279 301 297  
  267 282 279 258  
  268 285 282 263  
  269 279 297 276  
  270 258 279 255  
  271 282 258 263  
  272 279 276 255  
  273 263 258 234  
  274 255 276 253  
  275 234 258 230  
  276 263 234 243  
  277 253 276 277  
  278 255 253 228  
  279 230 258 255  
  280 243 234 215  
  281 253 277 256  
  282 228 253 229  
  283 230 255 228  
  284 215 234 209  
  285 253 256 229  
  286 230 228 205  
  287 209 234 230  
  288 229 256 232  
  289 205 228 204  
  290 230 205 209  
  291 232 256 260  
  292 204 228 229  
  293 209 205 184  
  294 232 260 237  
  295 204 229 206  
  296 184 205 182  
  297 206 229 232  
  298 204 206 183  
  299 182 205 204  
  300 206 232 211  
  301 183 206 186  
  302 204 183 182  
  303 211 232 237  
  304 186 206 211  
  305 182 183 161  
  306 211 237 216  
  307 186 211 190  
  308 161 183 163  
  309 182 161 162  
  310 211 216 190  
  311 163 183 186  
  312 162 161 139  
  313 190 216 196  
  314 163 186 166  
  315 139 161 140  
  316 162 139 142  
  317 196 216 222  
  318 166 186 190  
  319 140 161 163  
  320 142 139 122  
  321 166 190 172  
  322 122 139 121  
  323 142 122 126  
  324 172 190 196  
  325 121 139 140  
  326 122 121 104  
  327 126 122 106  
  328 104 121 105  
  329 122 104 106  
  330 325 308 327  
  331 327 308 313  
  332 325 327 343  
  333 313 308 291  
  334 327 313 330  
  335 343 327 348  
  336 291 308 285  
  337 330 313 318  
  338 327 330 348  
  339 318 313 294  
  340 348 330 351  
  341 294 313 291  
  342 318 294 305  
  343 351 330 340  
  344 348 351 361  
  345 305 294 281  
  346 318 305 326  
  347 340 330 318  
  348 361 351 363  
  349 281 294 271  
  350 326 305 312  
  351 363 351 357  
  352 361 363 371  
  353 271 294 291  
  354 312 305 290  
  355 357 351 340  
  356 271 291 268  
  357 290 305 281  
  358 312 290 299  
  359 357 340 346  
  360 268 291 285  
  361 299 290 273  
  362 312 299 323  
  363 346 340 326  
  364 273 290 266  
  365 299 273 286  
  366 323 299 310  
  367 326 340 318  
  368 266 290 281  
  369 286 273 261  
  370 310 299 286  
  371 266 281 254  
  372 261 273 248  
  373 286 261 272  
  374 310 286 295  
  375 254 281 271  
  376 248 273 266  
  377 272 261 246  
  378 295 286 272  
  379 246 261 231  
  380 272 246 262  
  381 295 272 287  
  382 231 261 248  
  383 246 231 218  
  384 262 246 233  
  385 287 272 262  
  386 231 248 220  
  387 218 231 202  
  388 233 246 218  
  389 287 262 275  
  390 220 248 239  
  391 202 231 220  
  392 275 262 250  
  393 239 248 266  
  394 202 220 193  
  395 250 262 233  
  396 239 266 254  
  397 193 220 210  
  398 250 233 221  
  399 239 254 225  
  400 210 220 239  
  401 221 233 203  
  402 225 254 247  
  403 239 225 210  
  404 203 233 218  
  405 221 203 195  
  406 247 254 271  
  407 210 225 199  
  408 195 203 178  
  409 221 195 212  
  410 199 225 219  
  411 210 199 181  
  412 178 203 191  
  413 212 195 185  
  414 219 225 247  
  415 181 199 174  
  416 191 203 218  
  417 185 195 169  
  418 174 199 194  
  419 181 174 158  
  420 169 195 178  
  421 185 169 159  
  422 194 199 219  
  423 158 174 151  
  424 159 169 145  
  425 185 159 176  
  426 151 174 170  
  427 158 151 136  
  428 145 169 155  
  429 176 159 154  
  430 170 174 194  
  431 136 151 129  
  432 155 169 178  
  433 154 159 137  
  434 129 151 146  
  435 136 129 116  
  436 137 159 145  
  437 146 151 170  
  438 136 116 120  
  439 146 170 164  
  440 120 116 101  
  441 164 170 188  
  442 146 164 142  
  443 101 116 97  
  444 188 170 194  
  445 142 164 162  
  446 97 116 109  
  447 162 164 184  
  448 109 116 129  
  449 184 164 188  
  450 162 184 182  
  451 184 188 209  
  452 209 188 215  
  453 215 188 194  
  454 215 194 219  
  455 215 219 243  
  456 243 219 247  
  457 243 247 268  
  458 268 247 271  
  459 243 268 263  
  460 263 268 285  
  461 154 137 133  
  462 133 137 118  
  463 154 133 150  
  464 118 137 123  
  465 150 133 128  
  466 123 137 145  
  467 128 133 113  
  468 113 133 118  
  469 128 113 108  
  470 113 118 99  
  471 108 113 96  
  472 99 118 102  
  473 96 113 99  
  474 102 118 123  
  475 96 99 82  
  476 82 99 85  
  477 96 82 79  
  478 85 99 102  
  479 79 82 66  
  480 66 82 69  
  481 79 66 59  
  482 69 82 85  
  483 69 85 74  
  484 74 85 92  
  485 69 74 58  
  486 92 85 102  
  487 58 74 67  
  488 67 74 83  
  489 58 67 52  
  490 83 74 92  
  491 52 67 57  
  492 58 52 45  
  493 57 67 72  
  494 52 57 44  
  495 45 52 39  
  496 72 67 83  
  497 39 52 44  
  498 45 39 34  
  499 39 44 33  
  500 34 39 27  
  501 39 33 27  
  502 27 33 23  
  503 27 23 19  
  504 19 23 15  
  505 27 19 24  
  506 19 15 12  
  507 24 19 18  
  508 18 19 12  
  509 24 18 25  
  510 109 129 126  
  511 126 129 146  
  512 109 126 106  
  513 126 146 142  
  514 109 106 91  
  515 109 91 97  
  516 97 91 80  
  517 97 80 84  
  518 97 84 101  
  519 101 84 90  
  520 90 84 72  
  521 101 90 110  
  522 110 90 100  
  523 101 110 120  
  524 100 90 83  
  525 120 110 130  
  526 83 90 72  
  527 130 110 119  
  528 130 119 141  
  529 141 119 132  
  530 132 119 111  
  531 141 132 155  
  532 111 119 100  
  533 155 132 145  
  534 100 119 110  
  535 145 132 123  
  536 128 108 134  
  537 120 130 144  
  538 144 130 153  
  539 120 144 136  
  540 153 130 141  
  541 136 144 158  
  542 158 144 167  
  543 167 144 153  
  544 158 167 181  
  545 167 153 177  
  546 181 167 193  
  547 177 153 165  
  548 167 177 193  
  549 165 153 141  
  550 177 165 191  
  551 193 177 202  
  552 165 141 155  
  553 191 165 178  
  554 202 177 191  
  555 165 155 178  
  556 346 326 331  
  557 331 326 312  
  558 331 312 323  
  559 218 202 191  
  560 154 150 173  
  561 173 150 168  
  562 154 173 176  
  563 168 150 148  
  564 173 168 192  
  565 176 173 198  
  566 148 150 128  
  567 192 168 189  
  568 176 198 201  
  569 148 128 134  
  570 189 168 179  
  571 201 198 223  
  572 223 198 217  
  573 201 223 226  
  574 217 198 192  
  575 223 217 245  
  576 226 223 251  
  577 192 198 173  
  578 245 217 241  
  579 223 245 251  
  580 241 217 214  
  581 214 217 192  
  582 241 214 238  
  583 214 192 189  
  584 238 214 207  
  585 214 189 207  
  586 168 148 156  
  587 59 76 79  
  588 377 362 366  
  589 375 381 379  
  590 379 381 385  
  591 375 379 374  
  592 374 379 380  
  593 236 208 224  
  594 34 27 24  
  595 34 24 32  
  596 32 24 25  
  597 34 32 43  
  598 43 32 35  
  599 34 43 45  
  600 45 43 56  
  601 56 43 53  
  602 45 56 58  
  603 53 43 46  
  604 58 56 69  
  605 69 56 66  
  606 66 56 53  
  607 66 53 59  
  608 201 226 212  
  609 212 226 240  
  610 201 212 185  
  611 240 226 257  
  612 212 240 221  
  613 201 185 176  
  614 257 226 251  
  615 240 257 267  
  616 221 240 250  
  617 240 267 250  
  618 250 267 275  
  619 16 25 18  
  620 17 11 14  
  621 386 385 384  
  622 210 181 193  
  623 332 311 333  
  624 102 123 111  
  625 111 123 132  
  626 102 111 92  
  627 92 111 100  
  628 92 100 83  
  629 134 156 148  
  630 360 355 344  
  631 344 355 329  
  632 360 344 345  
  633 345 344 324  
  634 96 79 94  
  635 135 115 125  
  636 31 40 42  
  637 5 10 7  
  638 36 26 31  
  639 382 384 381  
  640 381 384 385  
  641 334 333 314  
  642 352 366 362  
  643 362 377 373  
  644 352 362 350  
  645 350 362 358  
  646 94 114 108  
  647 369 364 358  
  648 358 364 345  
  649 369 358 362  
  650 350 358 339  
  651 55 42 51  
  652 108 96 94  
  653 180 157 171  
  654 35 46 43  
  655 383 380 379  
  656 6 3 4  
  657 289 265 278  
  658 179 207 189  
  659 349 347 328  
  660 365 374 372  
  661 372 374 380  
  662 365 372 366  
  663 366 372 377  
  664 95 77 86  
  665 2 5 7  
  666 42 36 31  
  667 315 328 347  
  668 338 334 314  
  669 76 94 79  
  670 373 369 362  
  671 208 180 197  
  672 345 339 358  
  673 22 31 26  
  674 25 35 32  
  675 385 383 379  
  676 11 6 8  
  677 311 289 304  
  678 12 7 10  
  679 156 179 168  
  680 355 349 329  
  681 18 12 10  
  682 115 95 103  
  683 329 324 344  
  684 10 16 18  
  685 26 17 22  
  686 328 329 349  
  687 114 134 108  
  688 364 360 345  
  689 157 135 147  
  690 8 14 11  
  691 46 59 53  
  692 380 377 372  
  693 60 55 70  
  694 265 236 252  
  695 347 342 321  
  696 77 60 70  
  697 311 304 333  
  698 4 3 2  
  END_ELEMENTS  
  COORDINATES  
   1   2.000000e+00 -5.000000e+00   
   2   2.500000e+00 -5.000000e+00   
   3   2.000000e+00 -4.500000e+00   
   4   2.547063e+00 -4.291667e+00   
   5   3.000000e+00 -5.000000e+00   
   6   2.000000e+00 -4.000000e+00   
   7   3.071797e+00 -4.500000e+00   
   8   2.638784e+00 -3.750000e+00   
   9   3.071797e+00 -4.000000e+00   
   10   3.500000e+00 -5.000000e+00   
   11   2.000000e+00 -3.500000e+00   
   12   3.504809e+00 -4.250000e+00   
   13   3.071797e+00 -3.500000e+00   
   14   2.638784e+00 -3.250000e+00   
   15   3.504809e+00 -3.750000e+00   
   16   4.000000e+00 -5.000000e+00   
   17   2.000000e+00 -3.000000e+00   
   18   3.937822e+00 -4.500000e+00   
   19   3.937822e+00 -4.000000e+00   
   20   3.071797e+00 -3.000000e+00   
   21   3.504809e+00 -3.250000e+00   
   22   2.638784e+00 -2.750000e+00   
   23   3.937822e+00 -3.500000e+00   
   24   4.392362e+00 -4.291667e+00   
   25   4.500000e+00 -5.000000e+00   
   26   2.000000e+00 -2.500000e+00   
   27   4.370835e+00 -3.750000e+00   
   28   3.504809e+00 -2.750000e+00   
   29   3.071797e+00 -2.500000e+00   
   30   3.937822e+00 -3.000000e+00   
   31   2.638784e+00 -2.250000e+00   
   32   4.787365e+00 -4.536905e+00   
   33   4.370835e+00 -3.250000e+00   
   34   4.803848e+00 -4.000000e+00   
   35   5.000000e+00 -5.000000e+00   
   36   2.000000e+00 -2.000000e+00   
   37   3.504809e+00 -2.250000e+00   
   38   3.937822e+00 -2.500000e+00   
   39   4.803848e+00 -3.500000e+00   
   40   3.071797e+00 -2.000000e+00   
   41   4.370835e+00 -2.750000e+00   
   42   2.433013e+00 -1.750000e+00   
   43   5.240614e+00 -4.392857e+00   
   44   4.803848e+00 -3.000000e+00   
   45   5.236860e+00 -3.750000e+00   
   46   5.500000e+00 -5.000000e+00   
   47   2.000000e+00 -1.500000e+00   
   48   3.937822e+00 -2.000000e+00   
   49   3.504809e+00 -1.750000e+00   
   50   4.370835e+00 -2.250000e+00   
   51   3.071797e+00 -1.500000e+00   
   52   5.236860e+00 -3.250000e+00   
   53   5.669873e+00 -4.500000e+00   
   54   4.803848e+00 -2.500000e+00   
   55   2.433013e+00 -1.250000e+00   
   56   5.669873e+00 -4.000000e+00   
   57   5.236860e+00 -2.750000e+00   
   58   5.669873e+00 -3.500000e+00   
   59   6.000000e+00 -5.000000e+00   
   60   2.000000e+00 -1.000000e+00   
   61   3.937822e+00 -1.500000e+00   
   62   4.370835e+00 -1.750000e+00   
   63   3.504809e+00 -1.250000e+00   
   64   4.803848e+00 -2.000000e+00   
   65   3.071797e+00 -1.000000e+00   
   66   6.085738e+00 -4.291667e+00   
   67   5.669873e+00 -3.000000e+00   
   68   5.236860e+00 -2.250000e+00   
   69   6.102886e+00 -3.750000e+00   
   70   2.638784e+00 -7.500000e-01   
   71   4.370835e+00 -1.250000e+00   
   72   5.669873e+00 -2.500000e+00   
   73   3.937822e+00 -1.000000e+00   
   74   6.102886e+00 -3.250000e+00   
   75   4.803848e+00 -1.500000e+00   
   76   6.500000e+00 -5.000000e+00   
   77   2.000000e+00 -5.000000e-01   
   78   3.504809e+00 -7.500000e-01   
   79   6.535898e+00 -4.500000e+00   
   80   5.236860e+00 -1.750000e+00   
   81   3.071797e+00 -5.000000e-01   
   82   6.535898e+00 -4.000000e+00   
   83   6.102886e+00 -2.750000e+00   
   84   5.669873e+00 -2.000000e+00   
   85   6.535898e+00 -3.500000e+00   
   86   2.638784e+00 -2.500000e-01   
   87   4.370835e+00 -7.500000e-01   
   88   4.803848e+00 -1.000000e+00   
   89   3.937822e+00 -5.000000e-01   
   90   6.102886e+00 -2.250000e+00   
   91   5.236860e+00 -1.250000e+00   
   92   6.535898e+00 -3.000000e+00   
   93   3.504809e+00 -2.500000e-01   
   94   7.000000e+00 -5.000000e+00   
   95   2.000000e+00  1.776357e-15   
   96   6.968911e+00 -4.250000e+00   
   97   5.669873e+00 -1.500000e+00   
   98   3.071797e+00  7.105427e-15   
   99   6.968911e+00 -3.750000e+00   
   100   6.535898e+00 -2.500000e+00   
   101   6.102886e+00 -1.750000e+00   
   102   6.968911e+00 -3.250000e+00   
   103   2.638784e+00  2.500000e-01   
   104   4.803848e+00 -5.000000e-01   
   105   4.370835e+00 -2.500000e-01   
   106   5.236860e+00 -7.500000e-01   
   107   3.937822e+00  7.105427e-15   
   108   7.401924e+00 -4.500000e+00   
   109   5.669873e+00 -1.000000e+00   
   110   6.535898e+00 -2.000000e+00   
   111   6.968911e+00 -2.750000e+00   
   112   3.504809e+00  2.500000e-01   
   113   7.401924e+00 -4.000000e+00   
   114   7.500000e+00 -5.000000e+00   
   115   2.000000e+00  5.000000e-01   
   116   6.102886e+00 -1.250000e+00   
   117   3.071797e+00  5.000000e-01   
   118   7.401924e+00 -3.500000e+00   
   119   6.968911e+00 -2.250000e+00   
   120   6.535898e+00 -1.500000e+00   
   121   4.803848e+00  1.243450e-14   
   122   5.236860e+00 -2.500000e-01   
   123   7.401924e+00 -3.000000e+00   
   124   4.370835e+00  2.500000e-01   
   125   2.638784e+00  7.500000e-01   
   126   5.669873e+00 -5.000000e-01   
   127   3.937822e+00  5.000000e-01   
   128   7.862447e+00 -4.291667e+00   
   129   6.102886e+00 -7.500000e-01   
   130   6.968911e+00 -1.750000e+00   
   131   3.504809e+00  7.500000e-01   
   132   7.401924e+00 -2.500000e+00   
   133   7.834936e+00 -3.750000e+00   
   134   8.000000e+00 -5.000000e+00   
   135   2.000000e+00  1.000000e+00   
   136   6.535898e+00 -1.000000e+00   
   137   7.834936e+00 -3.250000e+00   
   138   3.071797e+00  1.000000e+00   
   139   5.236860e+00  2.500000e-01   
   140   4.803848e+00  5.000000e-01   
   141   7.401924e+00 -2.000000e+00   
   142   5.669873e+00  8.881784e-15   
   143   4.370835e+00  7.500000e-01   
   144   6.968911e+00 -1.250000e+00   
   145   7.834936e+00 -2.750000e+00   
   146   6.102886e+00 -2.500000e-01   
   147   2.638784e+00  1.250000e+00   
   148   8.269074e+00 -4.536905e+00   
   149   3.937822e+00  1.000000e+00   
   150   8.267949e+00 -4.000000e+00   
   151   6.535898e+00 -5.000000e-01   
   152   3.504809e+00  1.250000e+00   
   153   7.401924e+00 -1.500000e+00   
   154   8.267949e+00 -3.500000e+00   
   155   7.834936e+00 -2.250000e+00   
   156   8.500000e+00 -5.000000e+00   
   157   2.000000e+00  1.500000e+00   
   158   6.968911e+00 -7.500000e-01   
   159   8.267949e+00 -3.000000e+00   
   160   3.071797e+00  1.500000e+00   
   161   5.236860e+00  7.500000e-01   
   162   5.669873e+00  5.000000e-01   
   163   4.803848e+00  1.000000e+00   
   164   6.102886e+00  2.500000e-01   
   165   7.834936e+00 -1.750000e+00   
   166   4.370835e+00  1.250000e+00   
   167   7.401924e+00 -1.000000e+00   
   168   8.714973e+00 -4.392857e+00   
   169   8.267949e+00 -2.500000e+00   
   170   6.535898e+00  1.865175e-14   
   171   2.638784e+00  1.750000e+00   
   172   3.937822e+00  1.500000e+00   
   173   8.700962e+00 -3.750000e+00   
   174   6.968911e+00 -2.500000e-01   
   175   3.504809e+00  1.750000e+00   
   176   8.700962e+00 -3.250000e+00   
   177   7.834936e+00 -1.250000e+00   
   178   8.267949e+00 -2.000000e+00   
   179   9.000000e+00 -5.000000e+00   
   180   2.000000e+00  2.000000e+00   
   181   7.401924e+00 -5.000000e-01   
   182   5.669873e+00  1.000000e+00   
   183   5.236860e+00  1.250000e+00   
   184   6.102886e+00  7.500000e-01   
   185   8.700962e+00 -2.750000e+00   
   186   4.803848e+00  1.500000e+00   
   187   3.071797e+00  2.000000e+00   
   188   6.535898e+00  5.000000e-01   
   189   9.133975e+00 -4.500000e+00   
   190   4.370835e+00  1.750000e+00   
   191   8.267949e+00 -1.500000e+00   
   192   9.133975e+00 -4.000000e+00   
   193   7.834936e+00 -7.500000e-01   
   194   6.968911e+00  2.500000e-01   
   195   8.700962e+00 -2.250000e+00   
   196   3.937822e+00  2.000000e+00   
   197   2.638784e+00  2.250000e+00   
   198   9.133975e+00 -3.500000e+00   
   199   7.401924e+00  1.243450e-14   
   200   3.504809e+00  2.250000e+00   
   201   9.133975e+00 -3.000000e+00   
   202   8.267949e+00 -1.000000e+00   
   203   8.700962e+00 -1.750000e+00   
   204   5.669873e+00  1.500000e+00   
   205   6.102886e+00  1.250000e+00   
   206   5.236860e+00  1.750000e+00   
   207   9.500000e+00 -5.000000e+00   
   208   2.000000e+00  2.500000e+00   
   209   6.535898e+00  1.000000e+00   
   210   7.834936e+00 -2.500000e-01   
   211   4.803848e+00  2.000000e+00   
   212   9.133975e+00 -2.500000e+00   
   213   3.071797e+00  2.500000e+00   
   214   9.555823e+00 -4.291667e+00   
   215   6.968911e+00  7.500000e-01   
   216   4.370835e+00  2.250000e+00   
   217   9.566987e+00 -3.750000e+00   
   218   8.700962e+00 -1.250000e+00   
   219   7.401924e+00  5.000000e-01   
   220   8.267949e+00 -5.000000e-01   
   221   9.133975e+00 -2.000000e+00   
   222   3.937822e+00  2.500000e+00   
   223   9.566987e+00 -3.250000e+00   
   224   2.638784e+00  2.750000e+00   
   225   7.834936e+00  2.500000e-01   
   226   9.566987e+00 -2.750000e+00   
   227   3.504809e+00  2.750000e+00   
   228   6.102886e+00  1.750000e+00   
   229   5.669873e+00  2.000000e+00   
   230   6.535898e+00  1.500000e+00   
   231   8.700962e+00 -7.500000e-01   
   232   5.236860e+00  2.250000e+00   
   233   9.133975e+00 -1.500000e+00   
   234   6.968911e+00  1.250000e+00   
   235   1.000000e+01 -5.000000e+00   
   236   2.000000e+00  3.000000e+00   
   237   4.803848e+00  2.500000e+00   
   238   1.000000e+01 -4.500000e+00   
   239   8.267949e+00  2.664535e-15   
   240   9.566987e+00 -2.250000e+00   
   241   1.000000e+01 -4.000000e+00   
   242   3.071797e+00  3.000000e+00   
   243   7.401924e+00  1.000000e+00   
   244   4.370835e+00  2.750000e+00   
   245   1.000000e+01 -3.500000e+00   
   246   9.133975e+00 -1.000000e+00   
   247   7.834936e+00  7.500000e-01   
   248   8.700962e+00 -2.500000e-01   
   249   3.937822e+00  3.000000e+00   
   250   9.566987e+00 -1.750000e+00   
   251   1.000000e+01 -3.000000e+00   
   252   2.638784e+00  3.250000e+00   
   253   6.102886e+00  2.250000e+00   
   254   8.267949e+00  5.000000e-01   
   255   6.535898e+00  2.000000e+00   
   256   5.669873e+00  2.500000e+00   
   257   1.000000e+01 -2.500000e+00   
   258   6.968911e+00  1.750000e+00   
   259   3.504809e+00  3.250000e+00   
   260   5.236860e+00  2.750000e+00   
   261   9.133975e+00 -5.000000e-01   
   262   9.566987e+00 -1.250000e+00   
   263   7.401924e+00  1.500000e+00   
   264   4.803848e+00  3.000000e+00   
   265   2.000000e+00  3.500000e+00   
   266   8.700962e+00  2.500000e-01   
   267   1.000000e+01 -2.000000e+00   
   268   7.834936e+00  1.250000e+00   
   269   3.071797e+00  3.500000e+00   
   270   4.370835e+00  3.250000e+00   
   271   8.267949e+00  1.000000e+00   
   272   9.566987e+00 -7.500000e-01   
   273   9.133975e+00 -3.552714e-15   
   274   3.937822e+00  3.500000e+00   
   275   1.000000e+01 -1.500000e+00   
   276   6.535898e+00  2.500000e+00   
   277   6.102886e+00  2.750000e+00   
   278   2.638784e+00  3.750000e+00   
   279   6.968911e+00  2.250000e+00   
   280   5.669873e+00  3.000000e+00   
   281   8.700962e+00  7.500000e-01   
   282   7.401924e+00  2.000000e+00   
   283   5.236860e+00  3.250000e+00   
   284   3.504809e+00  3.750000e+00   
   285   7.834936e+00  1.750000e+00   
   286   9.566987e+00 -2.500000e-01   
   287   1.000000e+01 -1.000000e+00   
   288   4.803848e+00  3.500000e+00   
   289   2.000000e+00  4.000000e+00   
   290   9.133975e+00  5.000000e-01   
   291   8.267949e+00  1.500000e+00   
   292   3.071797e+00  4.000000e+00   
   293   4.370835e+00  3.750000e+00   
   294   8.700962e+00  1.250000e+00   
   295   1.000000e+01 -5.000000e-01   
   296   6.535898e+00  3.000000e+00   
   297   6.968911e+00  2.750000e+00   
   298   3.937822e+00  4.000000e+00   
   299   9.566987e+00  2.500000e-01   
   300   6.102886e+00  3.250000e+00   
   301   7.401924e+00  2.500000e+00   
   302   5.669873e+00  3.500000e+00   
   303   7.834936e+00  2.250000e+00   
   304   2.547063e+00  4.291667e+00   
   305   9.133975e+00  1.000000e+00   
   306   5.236860e+00  3.750000e+00   
   307   3.504809e+00  4.250000e+00   
   308   8.267949e+00  2.000000e+00   
   309   4.803848e+00  4.000000e+00   
   310   1.000000e+01 -1.776357e-15   
   311   2.000000e+00  4.500000e+00   
   312   9.566987e+00  7.500000e-01   
   313   8.700962e+00  1.750000e+00   
   314   3.071797e+00  4.500000e+00   
   315   4.392362e+00  4.291667e+00   
   316   6.968911e+00  3.250000e+00   
   317   6.535898e+00  3.500000e+00   
   318   9.133975e+00  1.500000e+00   
   319   7.401924e+00  3.000000e+00   
   320   6.102886e+00  3.750000e+00   
   321   3.937822e+00  4.500000e+00   
   322   7.834936e+00  2.750000e+00   
   323   1.000000e+01  5.000000e-01   
   324   5.669873e+00  4.000000e+00   
   325   8.267949e+00  2.500000e+00   
   326   9.566987e+00  1.250000e+00   
   327   8.700962e+00  2.250000e+00   
   328   4.789654e+00  4.538819e+00   
   329   5.246002e+00  4.407386e+00   
   330   9.133975e+00  2.000000e+00   
   331   1.000000e+01  1.000000e+00   
   332   2.000000e+00  5.000000e+00   
   333   2.500000e+00  5.000000e+00   
   334   3.000000e+00  5.000000e+00   
   335   6.968911e+00  3.750000e+00   
   336   7.401924e+00  3.500000e+00   
   337   7.834936e+00  3.250000e+00   
   338   3.500000e+00  5.000000e+00   
   339   6.592730e+00  4.023730e+00   
   340   9.566987e+00  1.750000e+00   
   341   8.267949e+00  3.000000e+00   
   342   4.000000e+00  5.000000e+00   
   343   8.700962e+00  2.750000e+00   
   344   5.721777e+00  4.562885e+00   
   345   6.186951e+00  4.411996e+00   
   346   1.000000e+01  1.500000e+00   
   347   4.500000e+00  5.000000e+00   
   348   9.133975e+00  2.500000e+00   
   349   5.000000e+00  5.000000e+00   
   350   7.011731e+00  4.163397e+00   
   351   9.566987e+00  2.250000e+00   
   352   7.401924e+00  4.000000e+00   
   353   7.834936e+00  3.750000e+00   
   354   8.267949e+00  3.500000e+00   
   355   5.500000e+00  5.000000e+00   
   356   8.700962e+00  3.250000e+00   
   357   1.000000e+01  2.000000e+00   
   358   6.750000e+00  4.566987e+00   
   359   9.133975e+00  3.000000e+00   
   360   6.000000e+00  5.000000e+00   
   361   9.566987e+00  2.750000e+00   
   362   7.401924e+00  4.500000e+00   
   363   1.000000e+01  2.500000e+00   
   364   6.500000e+00  5.000000e+00   
   365   8.267949e+00  4.000000e+00   
   366   7.862447e+00  4.291667e+00   
   367   8.700962e+00  3.750000e+00   
   368   9.133975e+00  3.500000e+00   
   369   7.000000e+00  5.000000e+00   
   370   9.566987e+00  3.250000e+00   
   371   1.000000e+01  3.000000e+00   
   372   8.259573e+00  4.516667e+00   
   373   7.500000e+00  5.000000e+00   
   374   8.667468e+00  4.291667e+00   
   375   9.133975e+00  4.000000e+00   
   376   9.566987e+00  3.750000e+00   
   377   8.000000e+00  5.000000e+00   
   378   1.000000e+01  3.500000e+00   
   379   9.133975e+00  4.500000e+00   
   380   8.500000e+00  5.000000e+00   
   381   9.555823e+00  4.291667e+00   
   382   1.000000e+01  4.000000e+00   
   383   9.000000e+00  5.000000e+00   
   384   1.000000e+01  4.500000e+00   
   385   9.500000e+00  5.000000e+00   
   386   1.000000e+01  5.000000e+00   
  END_COORDINATES
  BOUNDARIES, ELEMENT
    1         1     2         1     
    2         3     1         1     
    3         371     378         2     
    4         60     47         3     
    5         378     382         7     
    6         47     36         9     
    7         207     235         257     
    8         235     238         257     
    9         342     338         258     
    10         357     363         351     
    11         363     371         352     
    12         346     357         359     
    13         310     323         366     
    14         295     310         374     
    15         287     295         381     
    16         275     287         389     
    17         331     346         556     
    18         323     331         558     
    19         241     245         578     
    20         245     251         579     
    21         238     241         582     
    22         59     76         587     
    23         236     208         593     
    24         251     257         614     
    25         257     267         615     
    26         267     275         618     
    27         16     25         619     
    28         17     11         620     
    29         384     386         621     
    30         386     385         621     
    31         333     332         623     
    32         332     311         623     
    33         134     156         629     
    34         360     355         630     
    35         135     115         635     
    36         5     10         637     
    37         36     26         638     
    38         382     384         639     
    39         334     333         641     
    40         377     373         643     
    41         94     114         646     
    42         369     364         647     
    43         180     157         653     
    44         35     46         654     
    45         383     380         655     
    46         6     3         656     
    47         289     265         657     
    48         179     207         658     
    49         349     347         659     
    50         95     77         664     
    51         2     5         665     
    52         338     334         668     
    53         76     94         669     
    54         373     369         670     
    55         208     180         671     
    56         25     35         674     
    57         385     383         675     
    58         11     6         676     
    59         311     289         677     
    60         156     179         679     
    61         355     349         680     
    62         115     95         682     
    63         10     16         684     
    64         26     17         685     
    65         114     134         687     
    66         364     360         688     
    67         157     135         689     
    68         46     59         691     
    69         380     377         692     
    70         265     236         694     
    71         347     342         695     
    72         77     60         696     
  END_BOUNDARIES
  MATERIALS
     1     0
     2     0
     3     0
     4     0
     5     0
     6     0
     7     0
     8     0
     9     0
     10     0
     11     0
     12     0
     13     0
     14     0
     15     0
     16     0
     17     0
     18     0
     19     0
     20     0
     21     0
     22     0
     23     0
     24     0
     25     0
     26     0
     27     0
     28     0
     29     0
     30     0
     31     0
     32     0
     33     0
     34     0
     35     0
     36     0
     37     0
     38     0
     39     0
     40     0
     41     0
     42     0
     43     0
     44     0
     45     0
     46     0
     47     0
     48     0
     49     0
     50     0
     51     0
     52     0
     53     0
     54     0
     55     0
     56     0
     57     0
     58     0
     59     0
     60     0
     61     0
     62     0
     63     0
     64     0
     65     0
     66     0
     67     0
     68     0
     69     0
     70     0
     71     0
     72     0
     73     0
     74     0
     75     0
     76     0
     77     0
     78     0
     79     0
     80     0
     81     0
     82     0
     83     0
     84     0
     85     0
     86     0
     87     0
     88     0
     89     0
     90     0
     91     0
     92     0
     93     0
     94     0
     95     0
     96     0
     97     0
     98     0
     99     0
     100     0
     101     0
     102     0
     103     0
     104     0
     105     0
     106     0
     107     0
     108     0
     109     0
     110     0
     111     0
     112     0
     113     0
     114     0
     115     0
     116     0
     117     0
     118     0
     119     0
     120     0
     121     0
     122     0
     123     0
     124     0
     125     0
     126     0
     127     0
     128     0
     129     0
     130     0
     131     0
     132     0
     133     0
     134     0
     135     0
     136     0
     137     0
     138     0
     139     0
     140     0
     141     0
     142     0
     143     0
     144     0
     145     0
     146     0
     147     0
     148     0
     149     0
     150     0
     151     0
     152     0
     153     0
     154     0
     155     0
     156     0
     157     0
     158     0
     159     0
     160     0
     161     0
     162     0
     163     0
     164     0
     165     0
     166     0
     167     0
     168     0
     169     0
     170     0
     171     0
     172     0
     173     0
     174     0
     175     0
     176     0
     177     0
     178     0
     179     0
     180     0
     181     0
     182     0
     183     0
     184     0
     185     0
     186     0
     187     0
     188     0
     189     0
     190     0
     191     0
     192     0
     193     0
     194     0
     195     0
     196     0
     197     0
     198     0
     199     0
     200     0
     201     0
     202     0
     203     0
     204     0
     205     0
     206     0
     207     0
     208     0
     209     0
     210     0
     211     0
     212     0
     213     0
     214     0
     215     0
     216     0
     217     0
     218     0
     219     0
     220     0
     221     0
     222     0
     223     0
     224     0
     225     0
     226     0
     227     0
     228     0
     229     0
     230     0
     231     0
     232     0
     233     0
     234     0
     235     0
     236     0
     237     0
     238     0
     239     0
     240     0
     241     0
     242     0
     243     0
     244     0
     245     0
     246     0
     247     0
     248     0
     249     0
     250     0
     251     0
     252     0
     253     0
     254     0
     255     0
     256     0
     257     0
     258     0
     259     0
     260     0
     261     0
     262     0
     263     0
     264     0
     265     0
     266     0
     267     0
     268     0
     269     0
     270     0
     271     0
     272     0
     273     0
     274     0
     275     0
     276     0
     277     0
     278     0
     279     0
     280     0
     281     0
     282     0
     283     0
     284     0
     285     0
     286     0
     287     0
     288     0
     289     0
     290     0
     291     0
     292     0
     293     0
     294     0
     295     0
     296     0
     297     0
     298     0
     299     0
     300     0
     301     0
     302     0
     303     0
     304     0
     305     0
     306     0
     307     0
     308     0
     309     0
     310     0
     311     0
     312     0
     313     0
     314     0
     315     0
     316     0
     317     0
     318     0
     319     0
     320     0
     321     0
     322     0
     323     0
     324     0
     325     0
     326     0
     327     0
     328     0
     329     0
     330     0
     331     0
     332     0
     333     0
     334     0
     335     0
     336     0
     337     0
     338     0
     339     0
     340     0
     341     0
     342     0
     343     0
     344     0
     345     0
     346     0
     347     0
     348     0
     349     0
     350     0
     351     0
     352     0
     353     0
     354     0
     355     0
     356     0
     357     0
     358     0
     359     0
     360     0
     361     0
     362     0
     363     0
     364     0
     365     0
     366     0
     367     0
     368     0
     369     0
     370     0
     371     0
     372     0
     373     0
     374     0
     375     0
     376     0
     377     0
     378     0
     379     0
     380     0
     381     0
     382     0
     383     0
     384     0
     385     0
     386     0
     387     0
     388     0
     389     0
     390     0
     391     0
     392     0
     393     0
     394     0
     395     0
     396     0
     397     0
     398     0
     399     0
     400     0
     401     0
     402     0
     403     0
     404     0
     405     0
     406     0
     407     0
     408     0
     409     0
     410     0
     411     0
     412     0
     413     0
     414     0
     415     0
     416     0
     417     0
     418     0
     419     0
     420     0
     421     0
     422     0
     423     0
     424     0
     425     0
     426     0
     427     0
     428     0
     429     0
     430     0
     431     0
     432     0
     433     0
     434     0
     435     0
     436     0
     437     0
     438     0
     439     0
     440     0
     441     0
     442     0
     443     0
     444     0
     445     0
     446     0
     447     0
     448     0
     449     0
     450     0
     451     0
     452     0
     453     0
     454     0
     455     0
     456     0
     457     0
     458     0
     459     0
     460     0
     461     0
     462     0
     463     0
     464     0
     465     0
     466     0
     467     0
     468     0
     469     0
     470     0
     471     0
     472     0
     473     0
     474     0
     475     0
     476     0
     477     0
     478     0
     479     0
     480     0
     481     0
     482     0
     483     0
     484     0
     485     0
     486     0
     487     0
     488     0
     489     0
     490     0
     491     0
     492     0
     493     0
     494     0
     495     0
     496     0
     497     0
     498     0
     499     0
     500     0
     501     0
     502     0
     503     0
     504     0
     505     0
     506     0
     507     0
     508     0
     509     0
     510     0
     511     0
     512     0
     513     0
     514     0
     515     0
     516     0
     517     0
     518     0
     519     0
     520     0
     521     0
     522     0
     523     0
     524     0
     525     0
     526     0
     527     0
     528     0
     529     0
     530     0
     531     0
     532     0
     533     0
     534     0
     535     0
     536     0
     537     0
     538     0
     539     0
     540     0
     541     0
     542     0
     543     0
     544     0
     545     0
     546     0
     547     0
     548     0
     549     0
     550     0
     551     0
     552     0
     553     0
     554     0
     555     0
     556     0
     557     0
     558     0
     559     0
     560     0
     561     0
     562     0
     563     0
     564     0
     565     0
     566     0
     567     0
     568     0
     569     0
     570     0
     571     0
     572     0
     573     0
     574     0
     575     0
     576     0
     577     0
     578     0
     579     0
     580     0
     581     0
     582     0
     583     0
     584     0
     585     0
     586     0
     587     0
     588     0
     589     0
     590     0
     591     0
     592     0
     593     0
     594     0
     595     0
     596     0
     597     0
     598     0
     599     0
     600     0
     601     0
     602     0
     603     0
     604     0
     605     0
     606     0
     607     0
     608     0
     609     0
     610     0
     611     0
     612     0
     613     0
     614     0
     615     0
     616     0
     617     0
     618     0
     619     0
     620     0
     621     0
     622     0
     623     0
     624     0
     625     0
     626     0
     627     0
     628     0
     629     0
     630     0
     631     0
     632     0
     633     0
     634     0
     635     0
     636     0
     637     0
     638     0
     639     0
     640     0
     641     0
     642     0
     643     0
     644     0
     645     0
     646     0
     647     0
     648     0
     649     0
     650     0
     651     0
     652     0
     653     0
     654     0
     655     0
     656     0
     657     0
     658     0
     659     0
     660     0
     661     0
     662     0
     663     0
     664     0
     665     0
     666     0
     667     0
     668     0
     669     0
     670     0
     671     0
     672     0
     673     0
     674     0
     675     0
     676     0
     677     0
     678     0
     679     0
     680     0
     681     0
     682     0
     683     0
     684     0
     685     0
     686     0
     687     0
     688     0
     689     0
     690     0
     691     0
     692     0
     693     0
     694     0
     695     0
     696     0
     697     0
     698     0
  END_MATERIALS 
  SUBDOMAINS
  END_SUBDOMAINS
  CHARACTERISTICS
  END_CHARACTERISTICS
