  NODES_PER_ELEMENT
   1 6
   2 6
   3 6
   4 6
   5 6
   6 6
   7 6
   8 6
   9 6
   10 6
   11 6
   12 6
   13 6
   14 6
   15 6
   16 6
   17 6
   18 6
   19 6
   20 6
   21 6
   22 6
   23 6
   24 6
   25 6
   26 6
   27 6
   28 6
   29 6
   30 6
   31 6
   32 6
   33 6
   34 6
   35 6
   36 6
   37 6
   38 6
   39 6
   40 6
   41 6
   42 6
   43 6
   44 6
   45 6
   46 6
   47 6
   48 6
   49 6
   50 6
   51 6
   52 6
   53 6
   54 6
   55 6
   56 6
   57 6
   58 6
   59 6
   60 6
   61 6
   62 6
   63 6
   64 6
   65 6
   66 6
   67 6
   68 6
   69 6
   70 6
   71 6
   72 6
   73 6
   74 6
   75 6
   76 6
   77 6
   78 6
   79 6
   80 6
   81 6
   82 6
   83 6
   84 6
   85 6
   86 6
   87 6
   88 6
   89 6
   90 6
   91 6
   92 6
   93 6
   94 6
   95 6
   96 6
   97 6
   98 6
   99 6
   100 6
   101 6
   102 6
   103 6
   104 6
   105 6
   106 6
   107 6
   108 6
   109 6
   110 6
   111 6
   112 6
   113 6
   114 6
   115 6
   116 6
   117 6
   118 6
   119 6
   120 6
   121 6
   122 6
   123 6
   124 6
   125 6
   126 6
   127 6
   128 6
   129 6
   130 6
   131 6
   132 6
   133 6
   134 6
   135 6
   136 6
   137 6
   138 6
   139 6
   140 6
   141 6
   142 6
   143 6
   144 6
   145 6
   146 6
   147 6
   148 6
   149 6
   150 6
   151 6
   152 6
   153 6
   154 6
   155 6
   156 6
   157 6
   158 6
   159 6
   160 6
   161 6
   162 6
   163 6
   164 6
   165 6
   166 6
   167 6
   168 6
   169 6
   170 6
   171 6
   172 6
   173 6
   174 6
   175 6
   176 6
   177 6
   178 6
   179 6
   180 6
   181 6
   182 6
   183 6
   184 6
   185 6
   186 6
   187 6
   188 6
   189 6
   190 6
   191 6
   192 6
   193 6
   194 6
   195 6
   196 6
   197 6
   198 6
   199 6
   200 6
   201 6
   202 6
   203 6
   204 6
   205 6
   206 6
   207 6
   208 6
   209 6
   210 6
   211 6
   212 6
   213 6
   214 6
   215 6
   216 6
   217 6
   218 6
   219 6
   220 6
   221 6
   222 6
   223 6
   224 6
   225 6
   226 6
   227 6
   228 6
   229 6
   230 6
   231 6
   232 6
   233 6
   234 6
   235 6
   236 6
   237 6
   238 6
   239 6
   240 6
   241 6
   242 6
   243 6
   244 6
   245 6
   246 6
   247 6
   248 6
   249 6
   250 6
   251 6
   252 6
   253 6
   254 6
   255 6
   256 6
   257 6
   258 6
   259 6
   260 6
   261 6
   262 6
   263 6
   264 6
   265 6
   266 6
   267 6
   268 6
   269 6
   270 6
   271 6
   272 6
   273 6
   274 6
   275 6
   276 6
   277 6
   278 6
   279 6
   280 6
   281 6
   282 6
   283 6
   284 6
   285 6
   286 6
   287 6
   288 6
   289 6
   290 6
   291 6
   292 6
   293 6
   294 6
   295 6
   296 6
   297 6
   298 6
   299 6
   300 6
   301 6
   302 6
   303 6
   304 6
   305 6
   306 6
   307 6
   308 6
   309 6
   310 6
   311 6
   312 6
   313 6
   314 6
   315 6
   316 6
   317 6
   318 6
   319 6
   320 6
   321 6
   322 6
   323 6
   324 6
   325 6
   326 6
   327 6
   328 6
   329 6
   330 6
   331 6
   332 6
   333 6
   334 6
   335 6
   336 6
   337 6
   338 6
   339 6
   340 6
   341 6
   342 6
   343 6
   344 6
   345 6
   346 6
   347 6
   348 6
   349 6
   350 6
   351 6
   352 6
   353 6
   354 6
   355 6
   356 6
   357 6
   358 6
   359 6
   360 6
   361 6
   362 6
   363 6
   364 6
   365 6
   366 6
   367 6
   368 6
   369 6
   370 6
   371 6
   372 6
   373 6
   374 6
   375 6
   376 6
   377 6
   378 6
   379 6
   380 6
   381 6
   382 6
   383 6
   384 6
   385 6
   386 6
   387 6
   388 6
   389 6
   390 6
   391 6
   392 6
   393 6
   394 6
   395 6
   396 6
   397 6
   398 6
   399 6
   400 6
   401 6
   402 6
   403 6
   404 6
   405 6
   406 6
   407 6
   408 6
   409 6
   410 6
   411 6
   412 6
   413 6
   414 6
   415 6
   416 6
   417 6
   418 6
   419 6
   420 6
   421 6
   422 6
   423 6
   424 6
   425 6
   426 6
   427 6
   428 6
   429 6
   430 6
   431 6
   432 6
   433 6
   434 6
   435 6
   436 6
   437 6
   438 6
   439 6
   440 6
   441 6
   442 6
   443 6
   444 6
   445 6
   446 6
   447 6
   448 6
   449 6
   450 6
   451 6
   452 6
   453 6
   454 6
   455 6
   456 6
   457 6
   458 6
   459 6
   460 6
   461 6
   462 6
   463 6
   464 6
   465 6
   466 6
   467 6
   468 6
   469 6
   470 6
   471 6
   472 6
   473 6
   474 6
   475 6
   476 6
   477 6
   478 6
   479 6
   480 6
   481 6
   482 6
   483 6
   484 6
   485 6
   486 6
   487 6
   488 6
   489 6
   490 6
   491 6
   492 6
   493 6
   494 6
   495 6
   496 6
   497 6
   498 6
   499 6
   500 6
   501 6
   502 6
   503 6
   504 6
   505 6
   506 6
   507 6
   508 6
   509 6
   510 6
   511 6
   512 6
   513 6
   514 6
   515 6
   516 6
   517 6
   518 6
   519 6
   520 6
   521 6
   522 6
   523 6
   524 6
   525 6
   526 6
   527 6
   528 6
   529 6
   530 6
   531 6
   532 6
   533 6
   534 6
   535 6
   536 6
   537 6
   538 6
   539 6
   540 6
   541 6
   542 6
   543 6
   544 6
   545 6
   546 6
   547 6
   548 6
   549 6
   550 6
   551 6
   552 6
   553 6
   554 6
   555 6
   556 6
   557 6
   558 6
   559 6
   560 6
   561 6
   562 6
   563 6
   564 6
   565 6
   566 6
   567 6
   568 6
   569 6
   570 6
   571 6
   572 6
   573 6
   574 6
   575 6
   576 6
   577 6
   578 6
   579 6
   580 6
   581 6
   582 6
   583 6
   584 6
   585 6
   586 6
   587 6
   588 6
   589 6
   590 6
   591 6
   592 6
   593 6
   594 6
   595 6
   596 6
   597 6
   598 6
   599 6
   600 6
   601 6
   602 6
   603 6
   604 6
   605 6
   606 6
   607 6
   608 6
   609 6
   610 6
   611 6
   612 6
   613 6
   614 6
   615 6
   616 6
   617 6
   618 6
   619 6
   620 6
   621 6
   622 6
   623 6
   624 6
   625 6
   626 6
   627 6
   628 6
   629 6
   630 6
   631 6
   632 6
   633 6
   634 6
   635 6
   636 6
   637 6
   638 6
   639 6
   640 6
   641 6
   642 6
   643 6
   644 6
   645 6
   646 6
   647 6
   648 6
   649 6
   650 6
   651 6
   652 6
   653 6
   654 6
   655 6
   656 6
   657 6
   658 6
   659 6
   660 6
   661 6
   662 6
   663 6
   664 6
   665 6
   666 6
   667 6
   668 6
   669 6
   670 6
   671 6
   672 6
   673 6
   674 6
   675 6
   676 6
   677 6
   678 6
   679 6
   680 6
   681 6
   682 6
   683 6
   684 6
   685 6
   686 6
   687 6
   688 6
   689 6
   690 6
   691 6
   692 6
   693 6
   694 6
   695 6
   696 6
   697 6
   698 6
   699 6
   700 6
   701 6
   702 6
   703 6
   704 6
   705 6
   706 6
   707 6
   708 6
   709 6
   710 6
   711 6
   712 6
   713 6
   714 6
   715 6
   716 6
  END_NODES_PER_ELEMENT
  ELEMENTS
  1 1507 1501 1504 1505 1503 1506  
  2 877 842 789 858 814 833  
  3 292 362 329 324 347 311  
  4 1242 1188 1171 1216 1179 1208  
  5 5 17 12 10 13 8  
  6 956 1029 995 993 1017 979  
  7 1441 1398 1390 1423 1393 1419  
  8 760 744 666 754 704 712  
  9 598 692 646 644 669 622  
  10 1044 994 966 1020 984 1005  
  11 93 132 115 112 123 103  
  12 1256 1328 1302 1291 1313 1278  
  13 1491 1470 1466 1481 1468 1480  
  14 808 782 714 798 751 763  
  15 437 511 475 474 491 451  
  16 1141 1089 1063 1115 1079 1102  
  17 34 61 50 46 53 42  
  18 1111 1184 1150 1149 1166 1128  
  19 1343 1293 1281 1317 1285 1312  
  20 730 725 630 727 677 678  
  21 790 878 838 834 854 811  
  22 954 914 873 932 891 915  
  23 179 234 209 207 219 195  
  24 1501 1491 1492 1496 1490 1497  
  25 842 808 752 821 778 799  
  26 362 437 401 397 413 378  
  27 1188 1141 1119 1162 1125 1153  
  28 17 34 29 25 31 22  
  29 1029 1111 1076 1074 1091 1054  
  30 1398 1343 1336 1373 1340 1368  
  31 744 730 649 736 689 696  
  32 692 790 745 742 767 716  
  33 994 954 918 976 937 957  
  34 132 179 159 153 170 147  
  35 1328 1394 1397 1361 1395 1363  
  36 1470 1441 1436 1458 1439 1454  
  37 782 760 685 770 721 734  
  38 511 598 556 551 575 533  
  39 1089 1044 1014 1064 1026 1053  
  40 61 93 80 76 84 70  
  41 1184 1256 1223 1221 1241 1204  
  42 1293 1242 1224 1270 1234 1257  
  43 1 5 6 2 4 3  
  44 878 956 920 917 941 897  
  45 914 877 830 893 850 872  
  46 234 292 266 262 279 247  
  47 789 842 752 814 799 769  
  48 789 752 690 769 718 741  
  49 1150 1184 1223 1166 1204 1187  
  50 1150 1223 1190 1187 1207 1170  
  51 1436 1441 1390 1439 1419 1417  
  52 1436 1390 1384 1417 1386 1414  
  53 690 752 652 718 699 670  
  54 1190 1223 1265 1207 1244 1226  
  55 1384 1390 1327 1386 1358 1354  
  56 966 994 918 984 957 944  
  57 966 918 886 944 904 929  
  58 886 918 837 904 879 861  
  59 966 886 940 929 911 951  
  60 1119 1141 1063 1125 1102 1090  
  61 1119 1063 1045 1090 1055 1082  
  62 1045 1063 990 1055 1025 1018  
  63 1119 1045 1096 1082 1070 1108  
  64 830 877 789 850 833 807  
  65 830 789 735 807 762 784  
  66 735 789 690 762 741 711  
  67 735 690 636 711 661 683  
  68 830 735 785 784 761 806  
  69 636 690 594 661 642 616  
  70 735 636 686 683 660 710  
  71 995 1029 1076 1017 1054 1034  
  72 995 1076 1041 1034 1056 1019  
  73 1041 1076 1118 1056 1094 1080  
  74 995 1041 963 1019 1001 983  
  75 209 234 266 219 247 236  
  76 209 266 241 236 256 227  
  77 241 266 303 256 286 271  
  78 209 241 192 227 215 198  
  79 80 93 115 84 103 97  
  80 80 115 107 97 110 92  
  81 107 115 146 110 131 126  
  82 80 107 72 92 88 74  
  83 714 782 685 751 734 700  
  84 714 685 620 700 654 667  
  85 620 685 595 654 640 608  
  86 714 620 652 667 632 680  
  87 652 620 562 632 588 606  
  88 714 652 752 680 699 728  
  89 562 620 534 588 576 545  
  90 652 562 594 606 580 625  
  91 714 752 808 728 778 763  
  92 594 562 510 580 535 549  
  93 510 562 481 535 516 494  
  94 594 510 546 549 528 571  
  95 652 594 690 625 642 670  
  96 649 730 630 689 678 635  
  97 1171 1188 1119 1179 1153 1144  
  98 1171 1119 1096 1144 1108 1135  
  99 1171 1096 1157 1135 1126 1160  
  100 1157 1096 1086 1126 1092 1121  
  101 1171 1157 1224 1160 1191 1197  
  102 1224 1157 1215 1191 1186 1218  
  103 1171 1224 1242 1197 1234 1208  
  104 1215 1157 1146 1186 1152 1180  
  105 1224 1215 1281 1218 1248 1252  
  106 1281 1215 1274 1248 1246 1275  
  107 1224 1281 1293 1252 1285 1257  
  108 1274 1215 1206 1246 1212 1240  
  109 1281 1274 1336 1275 1306 1308  
  110 1336 1274 1327 1306 1300 1333  
  111 1327 1274 1266 1300 1269 1297  
  112 1281 1336 1343 1308 1340 1312  
  113 1336 1327 1390 1333 1358 1362  
  114 1266 1274 1206 1269 1240 1237  
  115 1266 1206 1200 1237 1203 1232  
  116 1327 1266 1322 1297 1292 1325  
  117 1336 1390 1398 1362 1393 1368  
  118 1200 1206 1139 1203 1174 1168  
  119 1266 1200 1260 1232 1229 1263  
  120 1322 1266 1260 1292 1263 1289  
  121 1322 1260 1320 1289 1287 1319  
  122 1320 1260 1261 1287 1259 1288  
  123 1322 1320 1379 1319 1349 1350  
  124 1139 1206 1146 1174 1178 1142  
  125 1139 1146 1077 1142 1112 1106  
  126 1146 1206 1215 1178 1212 1180  
  127 1077 1146 1086 1112 1116 1081  
  128 1077 1086 1016 1081 1050 1047  
  129 1139 1077 1068 1106 1072 1104  
  130 1086 1146 1157 1116 1152 1121  
  131 1016 1086 1028 1050 1057 1022  
  132 1077 1016 1007 1047 1010 1042  
  133 1260 1200 1194 1229 1196 1227  
  134 1327 1322 1384 1325 1352 1354  
  135 1384 1322 1379 1352 1350 1380  
  136 1384 1379 1432 1380 1409 1412  
  137 1432 1379 1428 1409 1408 1429  
  138 1384 1432 1436 1412 1435 1414  
  139 1436 1432 1466 1435 1450 1452  
  140 1466 1432 1463 1450 1448 1465  
  141 1436 1466 1470 1452 1468 1454  
  142 1463 1432 1428 1448 1429 1447  
  143 1463 1428 1473 1447 1456 1471  
  144 1466 1463 1492 1465 1477 1479  
  145 1473 1428 1433 1456 1430 1457  
  146 1463 1473 1486 1471 1482 1476  
  147 1492 1463 1486 1477 1476 1488  
  148 1466 1492 1491 1479 1490 1480  
  149 1492 1486 1504 1488 1498 1499  
  150 1200 1139 1130 1168 1134 1164  
  151 1068 1077 1007 1072 1042 1038  
  152 1068 1007 999 1038 1003 1035  
  153 999 1007 938 1003 972 970  
  154 1068 999 1065 1035 1031 1066  
  155 1028 1086 1096 1057 1092 1062  
  156 1028 1096 1045 1062 1070 1033  
  157 1028 1045 971 1033 1009 997  
  158 971 1045 990 1009 1018 981  
  159 1028 971 955 997 961 991  
  160 1139 1068 1130 1104 1100 1134  
  161 1130 1068 1065 1100 1066 1098  
  162 1130 1065 1133 1098 1101 1131  
  163 1133 1065 1069 1101 1067 1103  
  164 1130 1133 1194 1131 1165 1163  
  165 1194 1133 1201 1165 1167 1198  
  166 1201 1133 1138 1167 1136 1169  
  167 1194 1201 1261 1198 1230 1228  
  168 1261 1201 1267 1230 1233 1264  
  169 1194 1261 1260 1228 1259 1227  
  170 1016 1028 955 1022 991 986  
  171 1016 955 946 986 950 982  
  172 946 955 882 950 919 912  
  173 1016 946 1007 982 977 1010  
  174 1007 946 938 977 942 972  
  175 938 946 870 942 908 905  
  176 870 946 882 908 912 874  
  177 870 882 801 874 841 835  
  178 938 870 863 905 865 902  
  179 801 882 816 841 847 805  
  180 870 801 791 835 796 831  
  181 882 955 896 919 928 888  
  182 838 878 920 854 897 880  
  183 838 920 883 880 903 860  
  184 883 920 963 903 943 925  
  185 963 920 995 943 958 983  
  186 883 963 934 925 949 910  
  187 995 920 956 958 941 979  
  188 934 963 1012 949 988 974  
  189 883 934 849 910 892 869  
  190 838 883 800 860 843 817  
  191 556 598 646 575 622 603  
  192 556 646 611 603 626 582  
  193 611 646 703 626 673 656  
  194 556 611 517 582 563 540  
  195 1302 1328 1397 1313 1363 1346  
  196 1076 1111 1150 1091 1128 1114  
  197 1076 1150 1118 1114 1129 1094  
  198 1118 1150 1190 1129 1170 1154  
  199 1118 1190 1158 1154 1176 1140  
  200 1158 1190 1235 1176 1213 1193  
  201 1118 1158 1085 1140 1123 1099  
  202 666 744 649 704 696 658  
  203 666 649 581 658 614 624  
  204 581 649 568 614 609 573  
  205 666 581 595 624 587 631  
  206 595 581 513 587 544 553  
  207 666 595 685 631 640 676  
  208 513 581 502 544 539 505  
  209 595 513 534 553 519 564  
  210 666 685 760 676 721 712  
  211 534 513 457 519 483 495  
  212 595 534 620 564 576 608  
  213 457 513 442 483 478 447  
  214 534 457 481 495 465 507  
  215 481 457 406 465 429 444  
  216 534 481 562 507 516 545  
  217 406 457 382 429 417 392  
  218 481 406 436 444 416 455  
  219 1063 1089 1014 1079 1053 1040  
  220 1063 1014 990 1040 998 1025  
  221 990 1014 940 998 978 964  
  222 940 1014 966 978 989 951  
  223 990 940 913 964 926 952  
  224 966 1014 1044 989 1026 1005  
  225 913 940 857 926 898 885  
  226 990 913 971 952 945 981  
  227 918 954 873 937 915 894  
  228 918 873 837 894 852 879  
  229 837 873 785 852 832 810  
  230 785 873 830 832 848 806  
  231 837 785 743 810 764 792  
  232 830 873 914 848 891 872  
  233 743 785 686 764 737 713  
  234 837 743 802 792 774 819  
  235 743 686 645 713 665 693  
  236 645 686 592 665 639 617  
  237 743 645 706 693 674 723  
  238 686 785 735 737 761 710  
  239 329 362 401 347 378 364  
  240 329 401 371 364 383 350  
  241 371 401 445 383 419 408  
  242 329 371 303 350 338 318  
  243 303 371 354 338 358 325  
  244 329 303 266 318 286 296  
  245 354 371 418 358 393 384  
  246 303 354 289 325 322 293  
  247 329 266 292 296 279 311  
  248 115 132 159 123 147 135  
  249 115 159 146 135 151 131  
  250 146 159 192 151 173 168  
  251 192 159 209 173 183 198  
  252 146 192 180 168 186 163  
  253 209 159 179 183 170 195  
  254 180 192 232 186 212 205  
  255 146 180 138 163 157 140  
  256 29 34 50 31 42 38  
  257 29 50 45 38 47 36  
  258 45 50 72 47 59 57  
  259 72 50 80 59 65 74  
  260 45 72 73 57 71 58  
  261 80 50 61 65 53 70  
  262 73 72 100 71 86 87  
  263 45 73 51 58 60 48  
  264 29 45 28 36 35 27  
  265 1223 1256 1302 1241 1278 1262  
  266 1223 1302 1265 1262 1282 1244  
  267 1265 1302 1334 1282 1315 1299  
  268 1334 1302 1397 1315 1346 1367  
  269 1265 1334 1324 1299 1330 1294  
  270 475 511 556 491 533 514  
  271 475 556 517 514 540 498  
  272 475 517 445 498 482 461  
  273 445 517 496 482 509 469  
  274 475 445 401 461 419 439  
  275 496 517 579 509 547 536  
  276 445 496 418 469 459 432  
  277 475 401 437 439 413 451  
  278 418 496 477 459 484 448  
  279 445 418 371 432 393 408  
  280 477 496 552 484 522 512  
  281 418 477 404 448 440 410  
  282 745 790 838 767 811 793  
  283 745 838 800 793 817 773  
  284 745 800 703 773 755 720  
  285 703 800 765 755 779 732  
  286 745 703 646 720 673 695  
  287 765 800 849 779 825 809  
  288 703 765 668 732 715 681  
  289 745 646 692 695 669 716  
  290 849 800 883 825 843 869  
  291 765 849 822 809 840 797  
  292 822 849 909 840 881 868  
  293 765 822 733 797 780 750  
  294 12 17 29 13 22 19  
  295 12 29 28 19 27 20  
  296 12 28 16 20 21 14  
  297 16 28 32 21 30 24  
  298 12 16 6 14 9 7  
  299 1501 1492 1504 1497 1499 1503  
  300 5 12 6 8 7 4  
  301 1433 1428 1378 1430 1407 1410  
  302 863 870 791 865 831 828  
  303 863 791 787 828 788 823  
  304 787 791 702 788 747 746  
  305 863 787 864 823 826 862  
  306 802 743 706 774 723 756  
  307 802 706 772 756 739 786  
  308 668 765 733 715 750 697  
  309 668 733 638 697 682 651  
  310 1201 1138 1205 1169 1173 1202  
  311 791 801 707 796 757 753  
  312 138 180 176 157 177 154  
  313 1486 1473 1500 1482 1489 1494  
  314 816 882 896 847 888 855  
  315 816 896 839 855 866 824  
  316 839 896 913 866 906 876  
  317 839 913 857 876 885 846  
  318 839 857 772 846 815 804  
  319 816 839 748 824 795 781  
  320 913 896 971 906 933 945  
  321 971 896 955 933 928 961  
  322 772 857 802 815 829 786  
  323 802 857 886 829 871 844  
  324 886 857 940 871 898 911  
  325 802 886 837 844 861 819  
  326 839 772 748 804 759 795  
  327 748 772 675 759 722 709  
  328 675 772 706 722 739 688  
  329 675 706 613 688 659 643  
  330 748 675 655 709 662 698  
  331 613 706 645 659 674 627  
  332 675 613 585 643 597 629  
  333 655 675 585 662 629 618  
  334 748 655 726 698 691 738  
  335 613 645 555 627 602 583  
  336 555 645 592 602 617 574  
  337 613 555 523 583 542 567  
  338 585 613 523 597 567 554  
  339 232 192 241 212 215 237  
  340 232 241 289 237 264 260  
  341 289 241 303 264 271 293  
  342 232 289 276 260 283 254  
  343 276 289 336 283 313 305  
  344 232 276 225 254 248 228  
  345 1133 1069 1138 1103 1105 1136  
  346 1138 1069 1078 1105 1075 1107  
  347 1078 1069 1008 1075 1039 1043  
  348 1138 1078 1147 1107 1113 1143  
  349 1008 1069 1002 1039 1037 1006  
  350 1078 1008 1015 1043 1011 1048  
  351 1147 1078 1087 1113 1083 1117  
  352 1138 1147 1205 1143 1177 1173  
  353 1205 1147 1214 1177 1181 1211  
  354 1214 1147 1156 1181 1151 1185  
  355 1205 1214 1273 1211 1245 1239  
  356 1156 1147 1087 1151 1117 1122  
  357 1156 1087 1097 1122 1093 1127  
  358 1097 1087 1027 1093 1058 1061  
  359 1156 1097 1175 1127 1137 1161  
  360 1214 1156 1225 1185 1192 1219  
  361 1205 1273 1267 1239 1271 1238  
  362 1267 1273 1331 1271 1301 1298  
  363 1273 1214 1283 1245 1251 1276  
  364 579 517 611 547 563 589  
  365 579 611 668 589 634 623  
  366 668 611 703 634 656 681  
  367 579 668 638 623 651 607  
  368 579 638 552 607 593 566  
  369 552 638 619 593 628 586  
  370 619 638 708 628 671 663  
  371 552 619 537 586 577 543  
  372 708 638 733 671 682 719  
  373 708 733 803 719 768 758  
  374 803 733 822 768 780 813  
  375 803 822 884 813 853 845  
  376 708 803 783 758 794 749  
  377 884 822 909 853 868 895  
  378 803 884 867 845 875 836  
  379 884 909 962 895 936 924  
  380 962 909 985 936 948 975  
  381 884 962 947 924 953 916  
  382 619 708 694 663 701 657  
  383 537 619 605 577 612 569  
  384 552 537 477 543 504 512  
  385 477 537 462 504 499 466  
  386 462 537 524 499 529 492  
  387 477 462 404 466 430 440  
  388 404 462 390 430 426 396  
  389 783 803 867 794 836 827  
  390 783 867 851 827 859 820  
  391 851 867 930 859 899 890  
  392 783 851 771 820 812 776  
  393 708 783 694 749 740 701  
  394 694 783 771 740 776 729  
  395 694 771 679 729 724 684  
  396 679 771 787 724 777 731  
  397 694 679 605 684 641 648  
  398 605 679 600 641 637 604  
  399 600 679 702 637 687 647  
  400 605 600 524 604 560 565  
  401 524 600 518 560 557 520  
  402 605 524 537 565 529 569  
  403 518 600 601 557 596 559  
  404 524 518 453 520 486 488  
  405 579 552 496 566 522 536  
  406 867 884 947 875 916 907  
  407 1473 1433 1467 1457 1451 1472  
  408 938 863 931 902 900 935  
  409 1069 1065 1002 1067 1036 1037  
  410 1002 1065 999 1036 1031 1000  
  411 1002 999 931 1000 967 969  
  412 146 138 107 140 120 126  
  413 107 138 100 120 117 102  
  414 100 138 139 117 136 118  
  415 107 100 72 102 86 88  
  416 139 138 176 136 154 155  
  417 100 139 106 118 121 101  
  418 139 176 181 155 178 158  
  419 181 176 226 178 201 204  
  420 139 181 144 158 162 141  
  421 801 816 726 805 775 766  
  422 726 816 748 775 781 738  
  423 801 726 707 766 717 757  
  424 180 232 225 205 228 203  
  425 180 225 176 203 199 177  
  426 176 225 226 199 223 201  
  427 1428 1379 1378 1408 1377 1407  
  428 1378 1379 1320 1377 1349 1348  
  429 1378 1320 1323 1348 1321 1351  
  430 1323 1320 1261 1321 1288 1290  
  431 1378 1323 1385 1351 1353 1383  
  432 1097 1027 1046 1061 1032 1071  
  433 181 226 233 204 230 206  
  434 1385 1323 1331 1353 1326 1357  
  435 276 336 333 305 335 301  
  436 404 390 336 396 365 369  
  437 336 390 333 365 359 335  
  438 333 390 387 359 388 357  
  439 404 336 354 369 343 375  
  440 387 390 453 388 424 420  
  441 354 336 289 343 313 322  
  442 387 453 454 420 452 422  
  443 404 354 418 375 384 410  
  444 453 390 462 424 426 458  
  445 453 462 524 458 492 488  
  446 333 387 330 357 356 328  
  447 454 453 518 452 486 487  
  448 454 518 525 487 521 490  
  449 387 454 391 422 425 389  
  450 525 518 601 521 559 561  
  451 525 601 621 561 610 572  
  452 454 525 463 490 493 460  
  453 621 601 707 610 653 664  
  454 525 621 538 572 578 531  
  455 330 387 391 356 389 360  
  456 333 330 269 328 299 300  
  457 463 525 538 493 531 500  
  458 454 463 391 460 428 425  
  459 391 463 405 428 433 399  
  460 405 463 479 433 468 441  
  461 391 405 337 399 370 367  
  462 463 538 479 500 506 468  
  463 479 538 585 506 558 527  
  464 538 621 655 578 633 591  
  465 405 479 421 441 449 412  
  466 337 405 353 370 376 342  
  467 1261 1267 1323 1264 1296 1290  
  468 1156 1175 1225 1161 1199 1192  
  469 1225 1175 1243 1199 1210 1236  
  470 1243 1175 1189 1210 1182 1217  
  471 1225 1243 1295 1236 1272 1258  
  472 139 144 106 141 124 121  
  473 106 144 114 124 129 109  
  474 114 144 160 129 150 134  
  475 106 114 79 109 96 91  
  476 100 106 73 101 89 87  
  477 73 106 79 89 91 75  
  478 73 79 51 75 64 60  
  479 51 79 62 64 69 54  
  480 62 79 94 69 85 77  
  481 51 62 32 54 44 40  
  482 32 62 52 44 55 41  
  483 52 62 78 55 67 63  
  484 32 52 37 41 43 33  
  485 94 79 114 85 96 104  
  486 94 114 133 104 125 113  
  487 133 114 160 125 134 148  
  488 94 133 116 113 127 105  
  489 133 160 182 148 171 156  
  490 182 160 210 171 184 196  
  491 133 182 161 156 172 149  
  492 62 94 78 77 83 67  
  493 51 32 28 40 30 39  
  494 51 28 45 39 35 48  
  495 116 133 161 127 149 137  
  496 116 161 145 137 152 130  
  497 94 116 78 105 95 83  
  498 78 116 108 95 111 90  
  499 108 116 145 111 130 128  
  500 108 145 143 128 142 122  
  501 78 108 66 90 82 68  
  502 145 161 194 152 175 169  
  503 210 160 193 184 174 200  
  504 182 210 235 196 220 208  
  505 161 182 211 172 197 185  
  506 1267 1201 1205 1233 1202 1238  
  507 1175 1097 1120 1137 1109 1145  
  508 144 181 193 162 187 167  
  509 193 181 233 187 206 213  
  510 144 193 160 167 174 150  
  511 225 276 269 248 270 245  
  512 269 276 333 270 301 300  
  513 225 269 226 245 246 223  
  514 226 269 278 246 272 250  
  515 278 269 330 272 299 302  
  516 278 330 337 302 334 307  
  517 337 330 391 334 360 367  
  518 278 337 291 307 314 284  
  519 291 337 353 314 342 323  
  520 278 291 233 284 261 255  
  521 233 291 242 261 265 239  
  522 242 291 304 265 295 273  
  523 233 242 193 239 217 213  
  524 226 278 233 250 255 230  
  525 304 291 353 295 323 326  
  526 304 353 373 326 361 339  
  527 373 353 421 361 385 395  
  528 304 373 332 339 352 319  
  529 373 421 446 395 434 409  
  530 446 421 523 434 473 485  
  531 373 446 402 409 423 386  
  532 242 304 268 273 288 258  
  533 332 373 402 352 386 366  
  534 332 402 363 366 379 349  
  535 304 332 268 319 298 288  
  536 268 332 294 298 317 282  
  537 294 332 363 317 349 327  
  538 294 363 331 327 348 316  
  539 268 294 235 282 263 252  
  540 331 363 436 348 394 381  
  541 294 331 267 316 297 280  
  542 235 294 267 263 280 249  
  543 268 235 210 252 220 240  
  544 235 267 211 249 238 221  
  545 211 267 243 238 257 231  
  546 243 267 306 257 287 274  
  547 211 243 194 231 218 202  
  548 211 194 161 202 175 185  
  549 363 402 438 379 414 398  
  550 267 331 306 297 320 287  
  551 306 331 406 320 368 355  
  552 1027 1087 1015 1058 1051 1021  
  553 1027 1015 947 1021 980 987  
  554 1378 1385 1433 1383 1413 1410  
  555 1433 1385 1443 1413 1418 1437  
  556 1443 1385 1392 1418 1389 1421  
  557 1433 1443 1467 1437 1455 1451  
  558 1467 1443 1484 1455 1462 1475  
  559 1392 1385 1331 1389 1357 1359  
  560 1392 1331 1338 1359 1335 1365  
  561 1338 1331 1273 1335 1301 1307  
  562 1392 1338 1401 1365 1371 1396  
  563 1443 1392 1445 1421 1422 1444  
  564 1012 963 1041 988 1001 1024  
  565 1012 1041 1085 1024 1060 1049  
  566 1085 1041 1118 1060 1080 1099  
  567 1012 1085 1059 1049 1073 1030  
  568 1059 1085 1132 1073 1110 1095  
  569 1012 1059 985 1030 1023 996  
  570 985 1059 1046 1023 1052 1013  
  571 1012 985 934 996 959 974  
  572 934 985 909 959 948 922  
  573 934 909 849 922 881 892  
  574 1132 1085 1158 1110 1123 1148  
  575 1132 1158 1209 1148 1183 1172  
  576 1209 1158 1235 1183 1193 1220  
  577 1132 1209 1189 1172 1195 1159  
  578 1209 1235 1279 1220 1255 1247  
  579 1279 1235 1324 1255 1280 1304  
  580 1279 1324 1355 1304 1339 1316  
  581 1209 1279 1254 1247 1268 1231  
  582 1324 1235 1265 1280 1250 1294  
  583 1265 1235 1190 1250 1213 1226  
  584 1355 1324 1406 1339 1369 1381  
  585 1279 1355 1344 1316 1347 1311  
  586 1059 1132 1120 1095 1124 1088  
  587 442 513 502 478 505 467  
  588 442 502 427 467 464 431  
  589 442 427 372 431 400 407  
  590 592 686 636 639 660 615  
  591 592 636 546 615 590 570  
  592 546 636 594 590 616 571  
  593 592 546 508 570 526 548  
  594 508 546 438 526 489 470  
  595 592 508 555 548 530 574  
  596 555 508 446 530 476 501  
  597 546 510 438 528 471 489  
  598 457 442 382 447 411 417  
  599 382 442 372 411 407 377  
  600 382 372 321 377 346 351  
  601 321 372 308 346 340 315  
  602 382 321 306 351 312 344  
  603 601 600 702 596 647 650  
  604 999 938 931 970 935 967  
  605 406 382 306 392 344 355  
  606 502 581 568 539 573 532  
  607 502 541 456 515 497 480  
  608 243 306 321 274 312 281  
  609 481 436 510 455 472 494  
  610 510 436 438 472 435 471  
  611 1189 1175 1120 1182 1145 1155  
  612 1189 1120 1132 1155 1124 1159  
  613 1295 1243 1310 1272 1277 1305  
  614 1392 1401 1445 1396 1425 1422  
  615 1445 1401 1461 1425 1438 1453  
  616 1243 1189 1254 1217 1222 1249  
  617 436 406 331 416 368 381  
  618 1225 1295 1283 1258 1286 1253  
  619 1283 1295 1345 1286 1318 1314  
  620 427 502 456 464 480 443  
  621 726 655 621 691 633 672  
  622 1267 1331 1323 1298 1326 1296  
  623 1401 1338 1345 1371 1341 1374  
  624 1200 1130 1194 1164 1163 1196  
  625 962 985 1046 975 1013 1004  
  626 402 446 508 423 476 450  
  627 438 402 508 414 450 470  
  628 568 649 630 609 635 599  
  629 145 194 191 169 189 166  
  630 864 787 771 826 777 818  
  631 1283 1345 1338 1314 1341 1309  
  632 1324 1400 1406 1364 1402 1369  
  633 619 694 605 657 648 612  
  634 702 791 707 747 753 705  
  635 702 707 601 705 653 650  
  636 851 930 921 890 923 887  
  637 1209 1254 1189 1231 1222 1195  
  638 947 962 1027 953 992 987  
  639 1345 1295 1366 1318 1332 1356  
  640 363 438 436 398 435 394  
  641 1254 1279 1344 1268 1311 1303  
  642 523 555 446 542 501 485  
  643 930 867 947 899 907 939  
  644 930 947 1015 939 980 973  
  645 52 78 66 63 68 56  
  646 16 32 18 24 23 15  
  647 863 864 931 862 901 900  
  648 931 864 921 901 889 927  
  649 787 702 679 746 687 731  
  650 771 851 864 812 856 818  
  651 1443 1445 1484 1444 1464 1462  
  652 1015 1008 930 1011 968 973  
  653 1283 1214 1225 1251 1219 1253  
  654 353 405 421 376 412 385  
  655 242 268 210 258 240 229  
  656 242 210 193 229 200 217  
  657 1046 1027 962 1032 992 1004  
  658 182 235 211 208 221 197  
  659 372 427 380 400 403 374  
  660 1087 1078 1015 1083 1048 1051  
  661 321 308 259 315 285 290  
  662 1097 1046 1120 1071 1084 1109  
  663 421 479 523 449 503 473  
  664 1344 1355 1420 1347 1387 1382  
  665 1273 1283 1338 1276 1309 1307  
  666 308 372 380 340 374 341  
  667 1295 1310 1366 1305 1337 1332  
  668 1366 1310 1375 1337 1342 1372  
  669 1375 1310 1344 1342 1329 1360  
  670 1366 1375 1440 1372 1415 1405  
  671 1254 1344 1310 1303 1329 1284  
  672 1310 1243 1254 1277 1249 1284  
  673 921 930 1008 923 968 965  
  674 851 921 864 887 889 856  
  675 1008 1002 921 1006 960 965  
  676 1473 1467 1493 1472 1483 1485  
  677 191 194 259 189 224 222  
  678 259 308 244 285 275 251  
  679 145 191 143 166 164 142  
  680 1345 1366 1411 1356 1388 1376  
  681 1411 1366 1440 1388 1405 1426  
  682 1345 1411 1401 1376 1404 1374  
  683 321 259 243 290 253 281  
  684 585 523 479 554 503 527  
  685 655 585 538 618 558 591  
  686 707 726 621 717 672 664  
  687 1002 931 921 969 927 960  
  688 194 243 259 218 253 224  
  689 1120 1046 1059 1084 1052 1088  
  690 1461 1474 1445 1469 1460 1453  
  691 1445 1474 1484 1460 1478 1464  
  692 541 502 568 515 532 550  
  693 66 37 52 49 43 56  
  694 1420 1427 1344 1424 1391 1382  
  695 1500 1504 1486 1502 1498 1494  
  696 190 191 244 188 214 216  
  697 191 259 244 222 251 214  
  698 191 190 143 188 165 164  
  699 1400 1324 1334 1364 1330 1370  
  700 1484 1493 1467 1487 1483 1475  
  701 380 310 308 345 309 341  
  702 308 310 244 309 277 275  
  703 18 6 16 11 9 15  
  704 1440 1449 1411 1446 1431 1426  
  705 1411 1449 1461 1431 1459 1442  
  706 143 98 108 119 99 122  
  707 108 98 66 99 81 82  
  708 1397 1400 1334 1399 1370 1367  
  709 456 380 427 415 403 443  
  710 37 18 32 26 23 33  
  711 1427 1440 1375 1434 1415 1403  
  712 1406 1420 1355 1416 1387 1381  
  713 1493 1500 1473 1495 1489 1485  
  714 630 541 568 584 550 599  
  715 1401 1411 1461 1404 1442 1438  
  716 1427 1375 1344 1403 1360 1391  
  END_ELEMENTS  
  COORDINATES  
   1   3.500000e+00  4.000000e+00   
   2   3.500000e+00  3.826087e+00   
   3   3.678571e+00  4.000000e+00   
   4   3.678571e+00  3.826087e+00   
   5   3.500000e+00  3.652174e+00   
   6   3.857143e+00  4.000000e+00   
   7   3.834392e+00  3.754099e+00   
   8   3.655821e+00  3.580186e+00   
   9   3.980614e+00  3.827921e+00   
   10   3.500000e+00  3.478261e+00   
   11   4.035714e+00  4.000000e+00   
   12   3.811641e+00  3.508197e+00   
   13   3.655821e+00  3.406273e+00   
   14   3.957863e+00  3.582020e+00   
   15   4.159186e+00  3.827921e+00   
   16   4.104085e+00  3.655842e+00   
   17   3.500000e+00  3.304348e+00   
   18   4.214286e+00  4.000000e+00   
   19   3.807375e+00  3.319316e+00   
   20   3.958576e+00  3.407291e+00   
   21   4.104798e+00  3.481114e+00   
   22   3.651554e+00  3.217391e+00   
   23   4.308760e+00  3.790093e+00   
   24   4.253660e+00  3.618014e+00   
   25   3.500000e+00  3.130435e+00   
   26   4.392857e+00  4.000000e+00   
   27   3.954310e+00  3.218410e+00   
   28   4.105510e+00  3.306386e+00   
   29   3.803109e+00  3.130435e+00   
   30   4.254372e+00  3.443285e+00   
   31   3.651554e+00  3.043478e+00   
   32   4.403234e+00  3.580185e+00   
   33   4.487331e+00  3.790093e+00   
   34   3.500000e+00  2.956522e+00   
   35   4.105864e+00  3.131454e+00   
   36   3.954663e+00  3.043478e+00   
   37   4.571429e+00  4.000000e+00   
   38   3.803109e+00  2.956522e+00   
   39   4.256912e+00  3.219565e+00   
   40   4.405774e+00  3.356465e+00   
   41   4.562551e+00  3.629996e+00   
   42   3.651554e+00  2.869565e+00   
   43   4.646648e+00  3.839903e+00   
   44   4.556104e+00  3.444319e+00   
   45   4.106218e+00  2.956522e+00   
   46   3.500000e+00  2.782609e+00   
   47   3.954663e+00  2.869565e+00   
   48   4.257266e+00  3.044633e+00   
   49   4.750000e+00  4.000000e+00   
   50   3.803109e+00  2.782609e+00   
   51   4.408314e+00  3.132745e+00   
   52   4.721868e+00  3.679806e+00   
   53   3.651554e+00  2.695652e+00   
   54   4.558644e+00  3.220599e+00   
   55   4.715421e+00  3.494129e+00   
   56   4.825220e+00  3.839903e+00   
   57   4.105864e+00  2.783628e+00   
   58   4.257595e+00  2.869764e+00   
   59   3.954310e+00  2.696671e+00   
   60   4.408643e+00  2.957876e+00   
   61   3.500000e+00  2.608696e+00   
   62   4.708974e+00  3.308452e+00   
   63   4.859501e+00  3.595100e+00   
   64   4.556487e+00  3.046493e+00   
   65   3.803109e+00  2.608696e+00   
   66   4.928571e+00  4.000000e+00   
   67   4.853054e+00  3.409423e+00   
   68   4.962852e+00  3.755197e+00   
   69   4.706817e+00  3.134347e+00   
   70   3.651554e+00  2.521739e+00   
   71   4.257241e+00  2.696870e+00   
   72   4.105510e+00  2.610733e+00   
   73   4.408972e+00  2.783007e+00   
   74   3.954310e+00  2.522758e+00   
   75   4.556816e+00  2.871624e+00   
   76   3.500000e+00  2.434783e+00   
   77   4.859439e+00  3.219522e+00   
   78   4.997133e+00  3.510394e+00   
   79   4.704660e+00  2.960241e+00   
   80   3.803109e+00  2.434783e+00   
   81   5.107143e+00  4.000000e+00   
   82   5.121500e+00  3.828562e+00   
   83   5.003518e+00  3.320493e+00   
   84   3.651554e+00  2.347826e+00   
   85   4.857281e+00  3.045417e+00   
   86   4.256196e+00  2.522004e+00   
   87   4.407928e+00  2.608141e+00   
   88   4.105864e+00  2.435801e+00   
   89   4.558669e+00  2.696701e+00   
   90   5.155781e+00  3.583759e+00   
   91   4.706513e+00  2.785318e+00   
   92   3.954663e+00  2.347826e+00   
   93   3.500000e+00  2.260870e+00   
   94   5.009903e+00  3.130592e+00   
   95   5.154006e+00  3.409357e+00   
   96   4.856961e+00  2.874183e+00   
   97   3.803109e+00  2.260870e+00   
   98   5.285714e+00  4.000000e+00   
   99   5.300071e+00  3.828562e+00   
   100   4.406883e+00  2.433275e+00   
   101   4.557624e+00  2.521835e+00   
   102   4.256550e+00  2.347072e+00   
   103   3.651554e+00  2.173913e+00   
   104   5.009583e+00  2.959358e+00   
   105   5.160391e+00  3.219456e+00   
   106   4.708365e+00  2.610394e+00   
   107   4.106218e+00  2.260870e+00   
   108   5.314429e+00  3.657125e+00   
   109   4.858814e+00  2.699259e+00   
   110   3.954663e+00  2.173913e+00   
   111   5.312654e+00  3.482722e+00   
   112   3.500000e+00  2.086957e+00   
   113   5.161297e+00  3.044691e+00   
   114   5.009262e+00  2.788124e+00   
   115   3.803109e+00  2.086957e+00   
   116   5.310879e+00  3.308320e+00   
   117   4.406729e+00  2.261006e+00   
   118   4.558360e+00  2.347006e+00   
   119   5.464286e+00  4.000000e+00   
   120   4.256397e+00  2.174803e+00   
   121   4.709102e+00  2.435565e+00   
   122   5.478643e+00  3.828562e+00   
   123   3.651554e+00  2.000000e+00   
   124   4.859623e+00  2.524528e+00   
   125   5.160977e+00  2.873458e+00   
   126   4.105864e+00  2.085938e+00   
   127   5.311785e+00  3.133556e+00   
   128   5.463030e+00  3.571719e+00   
   129   5.010072e+00  2.613393e+00   
   130   5.461256e+00  3.397317e+00   
   131   3.954310e+00  1.998981e+00   
   132   3.500000e+00  1.913043e+00   
   133   5.312691e+00  2.958791e+00   
   134   5.161220e+00  2.701461e+00   
   135   3.803109e+00  1.913043e+00   
   136   4.558207e+00  2.174737e+00   
   137   5.462232e+00  3.222581e+00   
   138   4.406576e+00  2.088737e+00   
   139   4.709838e+00  2.260736e+00   
   140   4.256043e+00  1.999871e+00   
   141   4.860360e+00  2.349699e+00   
   142   5.627245e+00  3.743157e+00   
   143   5.642857e+00  4.000000e+00   
   144   5.010881e+00  2.438662e+00   
   145   5.611632e+00  3.486313e+00   
   146   4.105510e+00  1.911006e+00   
   147   3.651554e+00  1.826087e+00   
   148   5.312934e+00  2.786794e+00   
   149   5.463138e+00  3.047816e+00   
   150   5.162029e+00  2.526729e+00   
   151   3.954310e+00  1.825068e+00   
   152   5.612609e+00  3.311577e+00   
   153   3.500000e+00  1.739130e+00   
   154   4.558639e+00  2.002221e+00   
   155   4.710270e+00  2.088221e+00   
   156   5.464367e+00  2.873007e+00   
   157   4.407597e+00  1.913934e+00   
   158   4.861608e+00  2.174858e+00   
   159   3.803109e+00  1.739130e+00   
   160   5.313177e+00  2.614797e+00   
   161   5.613585e+00  3.136842e+00   
   162   5.012129e+00  2.263820e+00   
   163   4.257065e+00  1.825068e+00   
   164   5.813715e+00  3.856902e+00   
   165   5.821429e+00  4.000000e+00   
   166   5.798102e+00  3.600059e+00   
   167   5.160567e+00  2.351782e+00   
   168   4.105510e+00  1.739130e+00   
   169   5.763673e+00  3.399792e+00   
   170   3.651554e+00  1.652174e+00   
   171   5.464610e+00  2.701010e+00   
   172   5.614814e+00  2.962032e+00   
   173   3.954310e+00  1.653193e+00   
   174   5.311715e+00  2.439850e+00   
   175   5.764649e+00  3.225056e+00   
   176   4.710701e+00  1.915705e+00   
   177   4.559660e+00  1.827418e+00   
   178   4.862039e+00  2.002342e+00   
   179   3.500000e+00  1.565217e+00   
   180   4.408619e+00  1.739130e+00   
   181   5.013378e+00  2.088979e+00   
   182   5.616043e+00  2.787223e+00   
   183   3.803109e+00  1.565217e+00   
   184   5.463876e+00  2.526197e+00   
   185   5.765750e+00  3.050502e+00   
   186   4.257065e+00  1.653193e+00   
   187   5.161815e+00  2.176941e+00   
   188   5.992286e+00  3.856902e+00   
   189   5.950143e+00  3.513538e+00   
   190   6.000000e+00  4.000000e+00   
   191   5.984572e+00  3.713804e+00   
   192   4.105510e+00  1.567255e+00   
   193   5.310253e+00  2.264902e+00   
   194   5.915713e+00  3.313271e+00   
   195   3.651554e+00  1.478261e+00   
   196   5.615308e+00  2.612410e+00   
   197   5.766979e+00  2.875692e+00   
   198   3.954310e+00  1.479280e+00   
   199   4.709222e+00  1.741442e+00   
   200   5.462414e+00  2.351250e+00   
   201   4.861666e+00  1.827497e+00   
   202   5.916814e+00  3.138717e+00   
   203   4.558181e+00  1.653155e+00   
   204   5.013004e+00  1.914133e+00   
   205   4.407597e+00  1.564327e+00   
   206   5.164745e+00  2.001232e+00   
   207   3.500000e+00  1.391304e+00   
   208   5.767229e+00  2.699180e+00   
   209   3.803109e+00  1.391304e+00   
   210   5.614574e+00  2.437598e+00   
   211   5.917915e+00  2.964162e+00   
   212   4.256043e+00  1.478389e+00   
   213   5.313183e+00  2.089194e+00   
   214   6.170858e+00  3.856902e+00   
   215   4.105864e+00  1.392323e+00   
   216   6.178571e+00  4.000000e+00   
   217   5.463228e+00  2.177394e+00   
   218   6.068311e+00  3.225222e+00   
   219   3.651554e+00  1.304348e+00   
   220   5.766494e+00  2.524368e+00   
   221   5.918165e+00  2.787650e+00   
   222   6.182330e+00  3.598523e+00   
   223   4.860186e+00  1.653234e+00   
   224   6.147900e+00  3.398257e+00   
   225   4.707742e+00  1.567180e+00   
   226   5.012630e+00  1.739288e+00   
   227   3.954663e+00  1.304348e+00   
   228   4.557159e+00  1.478352e+00   
   229   5.615389e+00  2.263742e+00   
   230   5.164371e+00  1.826387e+00   
   231   6.069412e+00  3.050668e+00   
   232   4.406576e+00  1.389524e+00   
   233   5.316112e+00  1.913486e+00   
   234   3.500000e+00  1.217391e+00   
   235   5.918415e+00  2.611137e+00   
   236   3.803109e+00  1.217391e+00   
   237   4.256397e+00  1.303458e+00   
   238   6.066681e+00  2.876235e+00   
   239   5.466158e+00  2.001685e+00   
   240   5.767616e+00  2.349946e+00   
   241   4.106218e+00  1.217391e+00   
   242   5.616203e+00  2.089885e+00   
   243   6.220908e+00  3.137174e+00   
   244   6.357143e+00  4.000000e+00   
   245   4.858042e+00  1.479227e+00   
   246   5.010486e+00  1.565281e+00   
   247   3.651554e+00  1.130435e+00   
   248   4.708790e+00  1.392352e+00   
   249   6.066931e+00  2.699722e+00   
   250   5.163101e+00  1.650417e+00   
   251   6.368615e+00  3.741621e+00   
   252   5.919536e+00  2.436715e+00   
   253   6.300498e+00  3.310208e+00   
   254   4.558207e+00  1.303524e+00   
   255   5.314842e+00  1.737516e+00   
   256   3.954663e+00  1.130435e+00   
   257   6.218178e+00  2.962740e+00   
   258   5.768430e+00  2.176089e+00   
   259   6.380088e+00  3.483242e+00   
   260   4.406729e+00  1.217255e+00   
   261   5.464194e+00  1.827648e+00   
   262   3.500000e+00  1.043478e+00   
   263   6.069729e+00  2.524970e+00   
   264   4.256550e+00  1.131188e+00   
   265   5.614240e+00  1.915848e+00   
   266   3.803109e+00  1.043478e+00   
   267   6.215447e+00  2.788307e+00   
   268   5.920657e+00  2.262294e+00   
   269   5.008342e+00  1.391274e+00   
   270   4.859090e+00  1.304400e+00   
   271   4.105864e+00  1.042459e+00   
   272   5.160957e+00  1.476411e+00   
   273   5.766766e+00  2.001157e+00   
   274   6.371079e+00  3.047585e+00   
   275   6.520250e+00  3.828965e+00   
   276   4.709838e+00  1.217525e+00   
   277   6.535714e+00  4.000000e+00   
   278   5.313572e+00  1.561547e+00   
   279   3.651554e+00  9.565217e-01   
   280   6.218245e+00  2.613555e+00   
   281   6.451972e+00  3.222584e+00   
   282   6.070850e+00  2.350549e+00   
   283   4.558360e+00  1.131255e+00   
   284   5.462924e+00  1.651679e+00   
   285   6.531723e+00  3.570587e+00   
   286   3.954310e+00  9.555029e-01   
   287   6.368348e+00  2.873152e+00   
   288   5.918993e+00  2.087361e+00   
   289   4.406883e+00  1.044986e+00   
   290   6.531561e+00  3.395619e+00   
   291   5.612276e+00  1.741810e+00   
   292   3.500000e+00  8.695652e-01   
   293   4.256196e+00  9.562566e-01   
   294   6.221043e+00  2.438803e+00   
   295   5.764803e+00  1.827119e+00   
   296   3.803109e+00  8.695652e-01   
   297   6.367804e+00  2.702671e+00   
   298   6.069406e+00  2.176351e+00   
   299   5.160696e+00  1.305298e+00   
   300   5.010275e+00  1.216347e+00   
   301   4.861023e+00  1.129472e+00   
   302   5.313311e+00  1.390434e+00   
   303   4.105510e+00  8.675275e-01   
   304   5.917330e+00  1.912428e+00   
   305   4.709102e+00  1.042696e+00   
   306   6.521250e+00  2.957996e+00   
   307   5.464360e+00  1.477243e+00   
   308   6.683358e+00  3.657931e+00   
   309   6.698822e+00  3.828965e+00   
   310   6.714286e+00  4.000000e+00   
   311   3.651554e+00  7.826087e-01   
   312   6.602142e+00  3.132995e+00   
   313   4.557624e+00  9.564262e-01   
   314   5.613712e+00  1.567375e+00   
   315   6.683196e+00  3.482963e+00   
   316   6.370602e+00  2.527919e+00   
   317   6.219599e+00  2.264606e+00   
   318   3.954310e+00  7.815898e-01   
   319   6.067742e+00  2.001418e+00   
   320   6.520705e+00  2.787515e+00   
   321   6.683035e+00  3.307995e+00   
   322   4.407928e+00  8.701196e-01   
   323   5.764618e+00  1.655901e+00   
   324   3.500000e+00  6.956522e-01   
   325   4.257241e+00  7.813906e-01   
   326   5.917145e+00  1.741210e+00   
   327   6.369841e+00  2.353825e+00   
   328   5.162628e+00  1.130371e+00   
   329   3.803109e+00  6.956522e-01   
   330   5.313049e+00  1.219322e+00   
   331   6.520160e+00  2.617034e+00   
   332   6.218155e+00  2.090409e+00   
   333   5.012208e+00  1.041419e+00   
   334   5.464099e+00  1.306131e+00   
   335   4.860287e+00  9.546429e-01   
   336   4.708365e+00  8.678667e-01   
   337   5.615148e+00  1.392939e+00   
   338   4.105864e+00  6.946333e-01   
   339   6.068791e+00  1.826656e+00   
   340   6.841884e+00  3.584238e+00   
   341   6.877393e+00  3.828965e+00   
   342   5.766054e+00  1.481466e+00   
   343   4.558669e+00  7.815601e-01   
   344   6.753699e+00  3.045755e+00   
   345   6.892857e+00  4.000000e+00   
   346   6.841723e+00  3.409270e+00   
   347   3.651554e+00  6.086957e-01   
   348   6.519400e+00  2.442940e+00   
   349   6.368397e+00  2.179627e+00   
   350   3.954663e+00  6.086957e-01   
   351   6.834592e+00  3.220754e+00   
   352   6.219204e+00  1.915646e+00   
   353   5.916960e+00  1.569992e+00   
   354   4.408972e+00  6.952536e-01   
   355   6.753378e+00  2.870887e+00   
   356   5.314017e+00  1.044572e+00   
   357   5.163596e+00  9.556200e-01   
   358   4.257595e+00  6.084964e-01   
   359   5.011876e+00  8.704098e-01   
   360   5.465853e+00  1.131318e+00   
   361   6.068606e+00  1.655437e+00   
   362   3.500000e+00  5.217391e-01   
   363   6.518639e+00  2.268846e+00   
   364   3.803109e+00  5.217391e-01   
   365   4.859954e+00  7.836336e-01   
   366   6.369626e+00  2.004895e+00   
   367   5.616903e+00  1.218127e+00   
   368   6.752834e+00  2.700406e+00   
   369   4.709085e+00  6.953045e-01   
   370   5.767113e+00  1.306514e+00   
   371   4.106218e+00  5.217391e-01   
   372   7.000411e+00  3.510545e+00   
   373   6.220253e+00  1.740883e+00   
   374   7.035920e+00  3.755273e+00   
   375   4.559388e+00  6.089980e-01   
   376   5.918018e+00  1.395040e+00   
   377   6.993279e+00  3.322029e+00   
   378   3.651554e+00  4.347826e-01   
   379   6.519869e+00  2.094114e+00   
   380   7.071429e+00  4.000000e+00   
   381   6.753896e+00  2.525540e+00   
   382   6.986148e+00  3.133513e+00   
   383   3.954663e+00  4.347826e-01   
   384   4.408643e+00  5.203848e-01   
   385   6.069867e+00  1.481938e+00   
   386   6.370676e+00  1.830132e+00   
   387   5.314984e+00  8.698210e-01   
   388   5.163264e+00  7.846107e-01   
   389   5.466821e+00  9.565675e-01   
   390   5.011544e+00  6.994005e-01   
   391   5.618657e+00  1.043314e+00   
   392   6.985828e+00  2.958645e+00   
   393   4.257266e+00  4.336275e-01   
   394   6.753136e+00  2.351446e+00   
   395   6.221514e+00  1.567383e+00   
   396   4.860674e+00  6.110714e-01   
   397   3.500000e+00  3.478261e-01   
   398   6.670805e+00  2.182546e+00   
   399   5.768867e+00  1.131701e+00   
   400   7.138739e+00  3.594935e+00   
   401   3.803109e+00  3.478261e-01   
   402   6.521098e+00  1.919382e+00   
   403   7.174248e+00  3.839662e+00   
   404   4.709804e+00  5.227423e-01   
   405   5.919077e+00  1.220088e+00   
   406   6.985507e+00  2.783777e+00   
   407   7.144663e+00  3.408795e+00   
   408   4.105864e+00  3.468072e-01   
   409   6.372434e+00  1.655234e+00   
   410   4.559059e+00  4.341291e-01   
   411   7.137532e+00  3.220279e+00   
   412   6.070926e+00  1.306986e+00   
   413   3.651554e+00  2.608696e-01   
   414   6.672034e+00  2.007814e+00   
   415   7.250000e+00  4.000000e+00   
   416   6.986570e+00  2.608912e+00   
   417   7.137198e+00  3.045406e+00   
   418   4.408314e+00  3.455159e-01   
   419   3.954310e+00  2.598507e-01   
   420   5.313073e+00  6.969336e-01   
   421   6.222775e+00  1.393884e+00   
   422   5.465574e+00  7.817025e-01   
   423   6.522857e+00  1.744484e+00   
   424   5.161353e+00  6.117234e-01   
   425   5.617411e+00  8.684490e-01   
   426   5.011997e+00  5.245761e-01   
   427   7.277068e+00  3.679324e+00   
   428   5.767815e+00  9.574190e-01   
   429   7.136878e+00  2.870538e+00   
   430   4.861127e+00  4.362470e-01   
   431   7.282992e+00  3.493185e+00   
   432   4.256912e+00  2.586956e-01   
   433   5.918025e+00  1.045806e+00   
   434   6.373695e+00  1.481735e+00   
   435   6.905301e+00  2.265147e+00   
   436   6.987632e+00  2.434047e+00   
   437   3.500000e+00  1.739130e-01   
   438   6.822970e+00  2.096247e+00   
   439   3.803109e+00  1.739130e-01   
   440   4.710690e+00  3.478838e-01   
   441   6.070103e+00  1.132032e+00   
   442   7.288916e+00  3.307045e+00   
   443   7.352820e+00  3.839662e+00   
   444   7.137245e+00  2.697658e+00   
   445   4.105510e+00  1.718753e-01   
   446   6.524615e+00  1.569586e+00   
   447   7.288582e+00  3.132172e+00   
   448   4.559945e+00  2.592706e-01   
   449   6.221952e+00  1.218930e+00   
   450   6.753830e+00  1.829245e+00   
   451   3.651554e+00  8.695652e-02   
   452   5.463663e+00  6.088152e-01   
   453   5.311163e+00  5.240462e-01   
   454   5.616164e+00  6.935841e-01   
   455   7.138307e+00  2.522793e+00   
   456   7.428571e+00  4.000000e+00   
   457   7.288248e+00  2.957300e+00   
   458   5.161806e+00  4.368990e-01   
   459   4.408467e+00  1.727580e-01   
   460   5.766569e+00  7.825541e-01   
   461   3.954310e+00  8.593766e-02   
   462   5.012450e+00  3.497518e-01   
   463   5.916973e+00  8.715241e-01   
   464   7.436540e+00  3.629178e+00   
   465   7.288615e+00  2.784420e+00   
   466   4.862013e+00  2.613886e-01   
   467   7.442464e+00  3.443039e+00   
   468   6.069051e+00  9.577503e-01   
   469   4.257065e+00  8.593766e-02   
   470   6.904766e+00  1.917677e+00   
   471   7.055533e+00  2.179013e+00   
   472   7.137864e+00  2.347913e+00   
   473   6.453192e+00  1.303598e+00   
   474   3.500000e+00 -1.776357e-15   
   475   3.803109e+00  8.881784e-16   
   476   6.755589e+00  1.654347e+00   
   477   4.711575e+00  1.730254e-01   
   478   7.439972e+00  3.218939e+00   
   479   6.221129e+00  1.043977e+00   
   480   7.512291e+00  3.789516e+00   
   481   7.288982e+00  2.611540e+00   
   482   4.105510e+00  8.881784e-16   
   483   7.439638e+00  3.044066e+00   
   484   4.560097e+00  8.651268e-02   
   485   6.604112e+00  1.391449e+00   
   486   5.463319e+00  4.378738e-01   
   487   5.615819e+00  5.226428e-01   
   488   5.313089e+00  3.491940e-01   
   489   7.056333e+00  2.004133e+00   
   490   5.767546e+00  6.078077e-01   
   491   3.651554e+00 -8.695652e-02   
   492   5.163732e+00  2.620467e-01   
   493   5.917950e+00  6.967777e-01   
   494   7.288539e+00  2.436659e+00   
   495   7.439967e+00  2.871109e+00   
   496   4.408619e+00  8.881784e-16   
   497   7.607143e+00  4.000000e+00   
   498   3.954310e+00 -8.593766e-02   
   499   5.011907e+00  1.752838e-01   
   500   6.068864e+00  7.850822e-01   
   501   6.754962e+00  1.480012e+00   
   502   7.596012e+00  3.579032e+00   
   503   6.452369e+00  1.128645e+00   
   504   4.861470e+00  8.692056e-02   
   505   7.593520e+00  3.354933e+00   
   506   6.220942e+00  8.713085e-01   
   507   7.440334e+00  2.698230e+00   
   508   6.986562e+00  1.739107e+00   
   509   4.257065e+00 -8.593766e-02   
   510   7.288096e+00  2.261778e+00   
   511   3.500000e+00 -1.739130e-01   
   512   4.710998e+00 -1.834412e-03   
   513   7.591028e+00  3.130833e+00   
   514   3.803109e+00 -1.739130e-01   
   515   7.690863e+00  3.789516e+00   
   516   7.440005e+00  2.523361e+00   
   517   4.105510e+00 -1.718753e-01   
   518   5.615474e+00  3.517014e-01   
   519   7.591357e+00  2.957876e+00   
   520   5.465244e+00  2.630216e-01   
   521   5.767201e+00  4.368664e-01   
   522   4.559520e+00 -8.834709e-02   
   523   6.683609e+00  1.213312e+00   
   524   5.315015e+00  1.743417e-01   
   525   5.918927e+00  5.220313e-01   
   526   7.138129e+00  1.825563e+00   
   527   6.454461e+00  9.530363e-01   
   528   7.288896e+00  2.086899e+00   
   529   5.163190e+00  8.757874e-02   
   530   6.985936e+00  1.564772e+00   
   531   6.069841e+00  6.103358e-01   
   532   7.745251e+00  3.616622e+00   
   533   3.651554e+00 -2.608696e-01   
   534   7.591686e+00  2.784919e+00   
   535   7.439562e+00  2.348480e+00   
   536   4.407597e+00 -1.748034e-01   
   537   5.011365e+00  8.157657e-04   
   538   6.220755e+00  6.986403e-01   
   539   7.744897e+00  3.441690e+00   
   540   3.954310e+00 -2.598507e-01   
   541   7.785714e+00  4.000000e+00   
   542   6.834460e+00  1.301875e+00   
   543   4.860893e+00 -8.793921e-02   
   544   7.742405e+00  3.217591e+00   
   545   7.591357e+00  2.610050e+00   
   546   7.289696e+00  1.912019e+00   
   547   4.256043e+00 -2.607410e-01   
   548   7.138104e+00  1.652608e+00   
   549   7.439738e+00  2.175386e+00   
   550   7.840102e+00  3.827106e+00   
   551   3.500000e+00 -3.478261e-01   
   552   4.710421e+00 -1.766942e-01   
   553   7.742759e+00  3.044696e+00   
   554   6.685701e+00  1.037704e+00   
   555   6.985310e+00  1.390437e+00   
   556   3.803109e+00 -3.478261e-01   
   557   5.615247e+00  1.772508e-01   
   558   6.454274e+00  7.803682e-01   
   559   5.766915e+00  2.642785e-01   
   560   5.465017e+00  8.857092e-02   
   561   5.918641e+00  3.494435e-01   
   562   7.591028e+00  2.435181e+00   
   563   4.105864e+00 -3.468072e-01   
   564   7.743088e+00  2.871739e+00   
   565   5.315033e+00  7.321386e-04   
   566   4.558498e+00 -2.631504e-01   
   567   6.835859e+00  1.127177e+00   
   568   7.894490e+00  3.654212e+00   
   569   5.163208e+00 -8.603083e-02   
   570   7.289671e+00  1.739064e+00   
   571   7.440538e+00  2.000507e+00   
   572   6.113902e+00  4.339194e-01   
   573   7.894136e+00  3.479280e+00   
   574   7.137478e+00  1.478273e+00   
   575   3.651554e+00 -4.347826e-01   
   576   7.742734e+00  2.696807e+00   
   577   5.011944e+00 -1.738811e-01   
   578   6.264815e+00  5.222239e-01   
   579   4.406576e+00 -3.496067e-01   
   580   7.591204e+00  2.262088e+00   
   581   7.893782e+00  3.304348e+00   
   582   3.954663e+00 -4.347826e-01   
   583   6.986709e+00  1.215740e+00   
   584   7.964286e+00  4.000000e+00   
   585   6.687793e+00  8.620960e-01   
   586   4.861471e+00 -2.626361e-01   
   587   7.894136e+00  3.131454e+00   
   588   7.742405e+00  2.521938e+00   
   589   4.256397e+00 -4.356729e-01   
   590   7.440185e+00  1.825575e+00   
   591   6.458265e+00  6.047031e-01   
   592   7.289646e+00  1.566108e+00   
   593   4.709418e+00 -3.467919e-01   
   594   7.591381e+00  2.088994e+00   
   595   7.894490e+00  2.958559e+00   
   596   5.766687e+00  8.982789e-02   
   597   6.837950e+00  9.515691e-01   
   598   3.500000e+00 -5.217391e-01   
   599   8.018674e+00  3.827106e+00   
   600   5.615019e+00  2.800138e-03   
   601   5.918355e+00  1.768556e-01   
   602   7.136791e+00  1.303405e+00   
   603   3.803109e+00 -5.217391e-01   
   604   5.465035e+00 -8.503865e-02   
   605   5.315051e+00 -1.728774e-01   
   606   7.742759e+00  2.349044e+00   
   607   4.557496e+00 -4.332482e-01   
   608   7.894136e+00  2.783628e+00   
   609   8.041247e+00  3.580899e+00   
   610   6.113616e+00  2.613315e-01   
   611   4.106218e+00 -5.217391e-01   
   612   5.163786e+00 -2.607277e-01   
   613   6.988108e+00  1.041042e+00   
   614   8.040893e+00  3.405967e+00   
   615   7.440160e+00  1.652619e+00   
   616   7.591027e+00  1.914062e+00   
   617   7.288959e+00  1.391240e+00   
   618   6.691784e+00  6.864310e-01   
   619   5.012522e+00 -3.485780e-01   
   620   7.893782e+00  2.608696e+00   
   621   6.308876e+00  3.458074e-01   
   622   3.651554e+00 -6.086957e-01   
   623   4.406576e+00 -5.217391e-01   
   624   8.045337e+00  3.217391e+00   
   625   7.742935e+00  2.175951e+00   
   626   3.954663e+00 -6.086957e-01   
   627   7.138190e+00  1.128707e+00   
   628   4.860469e+00 -4.327338e-01   
   629   6.840707e+00  7.774196e-01   
   630   8.142857e+00  4.000000e+00   
   631   8.045690e+00  3.044497e+00   
   632   7.894136e+00  2.435801e+00   
   633   6.502326e+00  4.282867e-01   
   634   4.256397e+00 -6.078053e-01   
   635   8.165430e+00  3.753793e+00   
   636   7.590673e+00  1.739130e+00   
   637   5.611943e+00 -1.709856e-01   
   638   4.708416e+00 -5.168897e-01   
   639   7.440513e+00  1.477687e+00   
   640   8.045690e+00  2.870584e+00   
   641   5.461958e+00 -2.588243e-01   
   642   7.742582e+00  2.001019e+00   
   643   6.990864e+00  8.668927e-01   
   644   3.500000e+00 -6.956522e-01   
   645   7.288272e+00  1.216372e+00   
   646   3.803109e+00 -6.956522e-01   
   647   5.852054e+00 -8.167695e-02   
   648   5.314005e+00 -3.503544e-01   
   649   8.188003e+00  3.507586e+00   
   650   6.003722e+00  5.350806e-03   
   651   4.557496e+00 -6.053806e-01   
   652   7.894490e+00  2.262907e+00   
   653   6.155199e+00  9.110369e-02   
   654   8.045337e+00  2.695652e+00   
   655   6.695775e+00  5.107660e-01   
   656   4.105864e+00 -6.966710e-01   
   657   5.162741e+00 -4.382047e-01   
   658   8.192447e+00  3.319010e+00   
   659   7.138877e+00  9.538395e-01   
   660   7.591027e+00  1.564199e+00   
   661   7.742228e+00  1.826087e+00   
   662   6.844698e+00  6.017546e-01   
   663   5.009885e+00 -5.232559e-01   
   664   6.350460e+00  1.755796e-01   
   665   7.439827e+00  1.302820e+00   
   666   8.196891e+00  3.130435e+00   
   667   8.045337e+00  2.521739e+00   
   668   4.406576e+00 -6.938715e-01   
   669   3.651554e+00 -7.826087e-01   
   670   7.894136e+00  2.087975e+00   
   671   4.857832e+00 -6.074117e-01   
   672   6.508140e+00  2.535035e-01   
   673   3.954310e+00 -7.836276e-01   
   674   7.288959e+00  1.041505e+00   
   675   6.993620e+00  6.927432e-01   
   676   8.196891e+00  2.956522e+00   
   677   8.321429e+00  4.000000e+00   
   678   8.321429e+00  3.826087e+00   
   679   5.608866e+00 -3.447712e-01   
   680   8.045690e+00  2.348845e+00   
   681   4.256043e+00 -7.827372e-01   
   682   4.709418e+00 -6.918369e-01   
   683   7.742228e+00  1.652174e+00   
   684   5.460913e+00 -4.363013e-01   
   685   8.196891e+00  2.782609e+00   
   686   7.591381e+00  1.389267e+00   
   687   5.848978e+00 -2.554626e-01   
   688   7.141633e+00  7.796900e-01   
   689   8.344002e+00  3.579880e+00   
   690   7.893782e+00  1.913043e+00   
   691   6.701589e+00  3.359828e-01   
   692   3.500000e+00 -8.695652e-01   
   693   7.439827e+00  1.129925e+00   
   694   5.312959e+00 -5.278314e-01   
   695   3.803109e+00 -8.695652e-01   
   696   8.344002e+00  3.405967e+00   
   697   4.558498e+00 -7.803278e-01   
   698   6.849828e+00  4.287630e-01   
   699   8.045690e+00  2.174932e+00   
   700   8.196891e+00  2.608696e+00   
   701   5.160104e+00 -6.128826e-01   
   702   6.089089e+00 -1.661540e-01   
   703   4.105510e+00 -8.716029e-01   
   704   8.348446e+00  3.217391e+00   
   705   6.240566e+00 -8.040116e-02   
   706   7.289646e+00  8.666369e-01   
   707   6.392043e+00  5.351723e-03   
   708   5.007248e+00 -6.979338e-01   
   709   6.998751e+00  5.197516e-01   
   710   7.742582e+00  1.477242e+00   
   711   7.893782e+00  1.739130e+00   
   712   8.348446e+00  3.043478e+00   
   713   7.591381e+00  1.216372e+00   
   714   8.196891e+00  2.434783e+00   
   715   4.407597e+00 -8.686749e-01   
   716   3.651554e+00 -9.565217e-01   
   717   6.549723e+00  8.327567e-02   
   718   8.045337e+00  2.000000e+00   
   719   4.858834e+00 -7.823589e-01   
   720   3.954310e+00 -9.575406e-01   
   721   8.348446e+00  2.869565e+00   
   722   7.142654e+00  6.047593e-01   
   723   7.440513e+00  9.550576e-01   
   724   5.610582e+00 -5.187397e-01   
   725   8.500000e+00  4.000000e+00   
   726   6.707403e+00  1.611996e-01   
   727   8.500000e+00  3.826087e+00   
   728   8.196891e+00  2.260870e+00   
   729   5.462628e+00 -6.102698e-01   
   730   8.500000e+00  3.652174e+00   
   731   5.847306e+00 -4.303561e-01   
   732   4.257065e+00 -9.575406e-01   
   733   4.710421e+00 -8.667841e-01   
   734   8.348446e+00  2.695652e+00   
   735   7.893782e+00  1.565217e+00   
   736   8.500000e+00  3.478261e+00   
   737   7.742935e+00  1.302310e+00   
   738   6.855642e+00  2.539799e-01   
   739   7.290667e+00  6.917061e-01   
   740   5.312021e+00 -6.992197e-01   
   741   8.045337e+00  1.826087e+00   
   742   3.500000e+00 -1.043478e+00   
   743   7.591381e+00  1.043478e+00   
   744   8.500000e+00  3.304348e+00   
   745   3.803109e+00 -1.043478e+00   
   746   6.087418e+00 -3.410475e-01   
   747   6.239542e+00 -2.553426e-01   
   748   7.003881e+00  3.467601e-01   
   749   5.159165e+00 -7.842708e-01   
   750   4.559520e+00 -9.551312e-01   
   751   8.348446e+00  2.521739e+00   
   752   8.196891e+00  2.086957e+00   
   753   6.391019e+00 -1.695897e-01   
   754   8.500000e+00  3.130435e+00   
   755   4.105510e+00 -1.043478e+00   
   756   7.441535e+00  7.802542e-01   
   757   6.542937e+00 -8.317218e-02   
   758   5.007977e+00 -8.718785e-01   
   759   7.147785e+00  4.317677e-01   
   760   8.500000e+00  2.956522e+00   
   761   7.894136e+00  1.390285e+00   
   762   8.045337e+00  1.652174e+00   
   763   8.348446e+00  2.347826e+00   
   764   7.742935e+00  1.129416e+00   
   765   4.408619e+00 -1.043478e+00   
   766   6.700617e+00 -5.248225e-03   
   767   3.651554e+00 -1.130435e+00   
   768   4.859563e+00 -9.563036e-01   
   769   8.196891e+00  1.913043e+00   
   770   8.500000e+00  2.782609e+00   
   771   5.612297e+00 -6.927082e-01   
   772   7.291689e+00  5.167754e-01   
   773   3.954310e+00 -1.129416e+00   
   774   7.592403e+00  8.686749e-01   
   775   6.853685e+00  7.911681e-02   
   776   5.461690e+00 -7.816581e-01   
   777   5.849022e+00 -6.043246e-01   
   778   8.348446e+00  2.173913e+00   
   779   4.257065e+00 -1.129416e+00   
   780   4.710998e+00 -1.041644e+00   
   781   7.001924e+00  1.718970e-01   
   782   8.500000e+00  2.608696e+00   
   783   5.311083e+00 -8.706079e-01   
   784   8.045337e+00  1.478261e+00   
   785   7.894490e+00  1.215354e+00   
   786   7.442556e+00  6.053235e-01   
   787   6.085746e+00 -5.159410e-01   
   788   6.237870e+00 -4.302361e-01   
   789   8.196891e+00  1.739130e+00   
   790   3.500000e+00 -1.217391e+00   
   791   6.389994e+00 -3.445311e-01   
   792   7.742935e+00  9.575406e-01   
   793   3.803109e+00 -1.217391e+00   
   794   5.159895e+00 -9.582156e-01   
   795   7.154115e+00  2.572578e-01   
   796   6.541913e+00 -2.581136e-01   
   797   4.560097e+00 -1.129991e+00   
   798   8.500000e+00  2.434783e+00   
   799   8.348446e+00  2.000000e+00   
   800   4.105510e+00 -1.215354e+00   
   801   6.693831e+00 -1.716961e-01   
   802   7.593424e+00  6.938715e-01   
   803   5.008706e+00 -1.045823e+00   
   804   7.298019e+00  3.422654e-01   
   805   6.846899e+00 -8.733104e-02   
   806   8.045690e+00  1.303329e+00   
   807   8.196891e+00  1.565217e+00   
   808   8.500000e+00  2.260870e+00   
   809   4.408467e+00 -1.216236e+00   
   810   7.894490e+00  1.043478e+00   
   811   3.651554e+00 -1.304348e+00   
   812   5.613725e+00 -8.676154e-01   
   813   4.860141e+00 -1.131163e+00   
   814   8.348446e+00  1.826087e+00   
   815   7.442556e+00  4.331910e-01   
   816   6.999967e+00 -2.966014e-03   
   817   3.954310e+00 -1.303329e+00   
   818   5.848382e+00 -7.792249e-01   
   819   7.743957e+00  7.827372e-01   
   820   5.463118e+00 -9.565652e-01   
   821   8.500000e+00  2.086957e+00   
   822   4.711575e+00 -1.216504e+00   
   823   6.236724e+00 -6.036492e-01   
   824   7.152158e+00  8.239474e-02   
   825   4.256912e+00 -1.302174e+00   
   826   6.085106e+00 -6.908413e-01   
   827   5.312049e+00 -1.044208e+00   
   828   6.388848e+00 -5.179443e-01   
   829   7.593424e+00  5.217391e-01   
   830   8.196891e+00  1.391304e+00   
   831   6.541182e+00 -4.322205e-01   
   832   8.045690e+00  1.129416e+00   
   833   8.348446e+00  1.652174e+00   
   834   3.500000e+00 -1.391304e+00   
   835   6.693101e+00 -3.458030e-01   
   836   5.160860e+00 -1.131816e+00   
   837   7.894490e+00  8.716029e-01   
   838   3.803109e+00 -1.391304e+00   
   839   7.304349e+00  1.677555e-01   
   840   4.559945e+00 -1.302749e+00   
   841   6.842655e+00 -2.620571e-01   
   842   8.500000e+00  1.913043e+00   
   843   4.105864e+00 -1.390285e+00   
   844   7.743603e+00  6.078053e-01   
   845   5.009913e+00 -1.219909e+00   
   846   7.448887e+00  2.586811e-01   
   847   6.995723e+00 -1.776920e-01   
   848   8.196891e+00  1.217391e+00   
   849   4.408314e+00 -1.388994e+00   
   850   8.348446e+00  1.478261e+00   
   851   5.615153e+00 -1.042523e+00   
   852   8.045690e+00  9.575406e-01   
   853   4.861347e+00 -1.305249e+00   
   854   3.651554e+00 -1.478261e+00   
   855   7.148232e+00 -9.205656e-02   
   856   5.849809e+00 -9.541321e-01   
   857   7.593424e+00  3.496067e-01   
   858   8.500000e+00  1.739130e+00   
   859   5.464083e+00 -1.130166e+00   
   860   3.954663e+00 -1.478261e+00   
   861   7.894136e+00  6.966710e-01   
   862   6.236084e+00 -7.785495e-01   
   863   6.387702e+00 -6.913574e-01   
   864   6.084466e+00 -8.657416e-01   
   865   6.540036e+00 -6.056337e-01   
   866   7.300423e+00 -6.695803e-03   
   867   5.313014e+00 -1.217809e+00   
   868   4.710690e+00 -1.391362e+00   
   869   4.257266e+00 -1.477106e+00   
   870   6.692370e+00 -5.199099e-01   
   871   7.743603e+00  4.356729e-01   
   872   8.348446e+00  1.304348e+00   
   873   8.196891e+00  1.043478e+00   
   874   6.841925e+00 -4.361640e-01   
   875   5.162067e+00 -1.305902e+00   
   876   7.447865e+00  8.387775e-02   
   877   8.500000e+00  1.565217e+00   
   878   3.500000e+00 -1.565217e+00   
   879   8.045690e+00  7.836276e-01   
   880   3.803109e+00 -1.565217e+00   
   881   4.559059e+00 -1.477607e+00   
   882   6.991480e+00 -3.524181e-01   
   883   4.106218e+00 -1.565217e+00   
   884   5.011119e+00 -1.393995e+00   
   885   7.592403e+00  1.748034e-01   
   886   7.893782e+00  5.217391e-01   
   887   5.766966e+00 -1.129530e+00   
   888   7.143988e+00 -2.667826e-01   
   889   6.001622e+00 -1.041140e+00   
   890   5.615671e+00 -1.217435e+00   
   891   8.348446e+00  1.130435e+00   
   892   4.408643e+00 -1.563863e+00   
   893   8.500000e+00  1.391304e+00   
   894   8.196891e+00  8.695652e-01   
   895   4.860461e+00 -1.480108e+00   
   896   7.296497e+00 -1.811471e-01   
   897   3.651554e+00 -1.652174e+00   
   898   7.743957e+00  2.607410e-01   
   899   5.464601e+00 -1.305078e+00   
   900   6.386388e+00 -8.663019e-01   
   901   6.234770e+00 -9.534940e-01   
   902   6.538465e+00 -7.798154e-01   
   903   3.954663e+00 -1.652174e+00   
   904   8.045337e+00  6.086957e-01   
   905   6.690799e+00 -6.940917e-01   
   906   7.443939e+00 -9.057355e-02   
   907   5.313560e+00 -1.393325e+00   
   908   6.840973e+00 -6.107877e-01   
   909   4.709804e+00 -1.566221e+00   
   910   4.257595e+00 -1.651975e+00   
   911   7.894136e+00  3.468072e-01   
   912   6.990528e+00 -5.270418e-01   
   913   7.591381e+00 -4.440892e-16   
   914   8.500000e+00  1.217391e+00   
   915   8.348446e+00  9.565217e-01   
   916   5.162612e+00 -1.481418e+00   
   917   3.500000e+00 -1.739130e+00   
   918   8.196891e+00  6.956522e-01   
   919   7.141573e+00 -4.416725e-01   
   920   3.803109e+00 -1.739130e+00   
   921   5.918778e+00 -1.216538e+00   
   922   4.559388e+00 -1.652476e+00   
   923   5.767483e+00 -1.304442e+00   
   924   5.010997e+00 -1.568629e+00   
   925   4.105864e+00 -1.738112e+00   
   926   7.742935e+00  8.593766e-02   
   927   6.151926e+00 -1.128892e+00   
   928   7.294082e+00 -3.560371e-01   
   929   8.045337e+00  4.347826e-01   
   930   5.616188e+00 -1.392347e+00   
   931   6.385074e+00 -1.041246e+00   
   932   8.500000e+00  1.043478e+00   
   933   7.443598e+00 -2.654686e-01   
   934   4.408972e+00 -1.738732e+00   
   935   6.537150e+00 -9.547599e-01   
   936   4.860339e+00 -1.654742e+00   
   937   8.348446e+00  7.826087e-01   
   938   6.689227e+00 -8.682734e-01   
   939   5.465147e+00 -1.480594e+00   
   940   7.894490e+00  1.718753e-01   
   941   3.651554e+00 -1.826087e+00   
   942   6.839402e+00 -7.849694e-01   
   943   3.954310e+00 -1.825068e+00   
   944   8.196891e+00  5.217391e-01   
   945   7.591040e+00 -1.748950e-01   
   946   6.989577e+00 -7.016654e-01   
   947   5.314106e+00 -1.568841e+00   
   948   4.708249e+00 -1.741122e+00   
   949   4.257241e+00 -1.824869e+00   
   950   7.140621e+00 -6.162962e-01   
   951   8.045690e+00  2.598507e-01   
   952   7.742935e+00 -8.593766e-02   
   953   5.162491e+00 -1.656052e+00   
   954   8.500000e+00  8.695652e-01   
   955   7.291666e+00 -5.309270e-01   
   956   3.500000e+00 -1.913043e+00   
   957   8.348446e+00  6.086957e-01   
   958   3.803109e+00 -1.913043e+00   
   959   4.557833e+00 -1.827378e+00   
   960   6.156737e+00 -1.304891e+00   
   961   7.441183e+00 -4.403585e-01   
   962   5.010875e+00 -1.743263e+00   
   963   4.105510e+00 -1.911006e+00   
   964   7.894490e+00 -1.776357e-15   
   965   6.003767e+00 -1.389772e+00   
   966   8.196891e+00  3.478261e-01   
   967   6.536920e+00 -1.129642e+00   
   968   5.852472e+00 -1.477677e+00   
   969   6.389884e+00 -1.217245e+00   
   970   6.688997e+00 -1.043155e+00   
   971   7.590699e+00 -3.497900e-01   
   972   6.840358e+00 -9.562685e-01   
   973   5.699798e+00 -1.563089e+00   
   974   4.407928e+00 -1.913598e+00   
   975   4.858785e+00 -1.829644e+00   
   976   8.500000e+00  6.956522e-01   
   977   6.990533e+00 -8.729645e-01   
   978   8.045690e+00  8.593766e-02   
   979   3.651554e+00 -2.000000e+00   
   980   5.548757e+00 -1.651336e+00   
   981   7.742595e+00 -2.608327e-01   
   982   7.141636e+00 -7.852147e-01   
   983   3.954310e+00 -1.998981e+00   
   984   8.348446e+00  4.347826e-01   
   985   4.706695e+00 -1.916024e+00   
   986   7.292680e+00 -6.998455e-01   
   987   5.397557e+00 -1.738679e+00   
   988   4.256196e+00 -1.999735e+00   
   989   8.196891e+00  1.739130e-01   
   990   7.894490e+00 -1.718753e-01   
   991   7.445179e+00 -6.145437e-01   
   992   5.245941e+00 -1.825890e+00   
   993   3.500000e+00 -2.086957e+00   
   994   8.500000e+00  5.217391e-01   
   995   3.803109e+00 -2.086957e+00   
   996   4.556789e+00 -2.002244e+00   
   997   7.594695e+00 -5.239752e-01   
   998   8.045690e+00 -8.593766e-02   
   999   6.688766e+00 -1.218037e+00   
   1000   6.541731e+00 -1.305640e+00   
   1001   4.105864e+00 -2.085938e+00   
   1002   6.394695e+00 -1.393244e+00   
   1003   6.840127e+00 -1.131150e+00   
   1004   5.093443e+00 -1.911650e+00   
   1005   8.348446e+00  2.608696e-01   
   1006   6.241725e+00 -1.478125e+00   
   1007   6.991489e+00 -1.044264e+00   
   1008   6.088756e+00 -1.563007e+00   
   1009   7.742241e+00 -4.357646e-01   
   1010   7.142592e+00 -9.565138e-01   
   1011   5.936082e+00 -1.648419e+00   
   1012   4.406883e+00 -2.088464e+00   
   1013   4.941353e+00 -1.998031e+00   
   1014   8.196891e+00  8.881784e-16   
   1015   5.783408e+00 -1.733832e+00   
   1016   7.293695e+00 -8.687639e-01   
   1017   3.651554e+00 -2.173913e+00   
   1018   7.894136e+00 -3.468072e-01   
   1019   3.954663e+00 -2.173913e+00   
   1020   8.500000e+00  3.478261e-01   
   1021   5.632207e+00 -1.821174e+00   
   1022   7.446193e+00 -7.834622e-01   
   1023   4.708343e+00 -2.088447e+00   
   1024   4.256550e+00 -2.174667e+00   
   1025   8.045690e+00 -2.598507e-01   
   1026   8.348446e+00  8.695652e-02   
   1027   5.481007e+00 -1.908517e+00   
   1028   7.598691e+00 -6.981604e-01   
   1029   3.500000e+00 -2.260870e+00   
   1030   4.558437e+00 -2.174667e+00   
   1031   6.689776e+00 -1.392916e+00   
   1032   5.328509e+00 -1.994277e+00   
   1033   7.746237e+00 -6.099498e-01   
   1034   3.803109e+00 -2.260870e+00   
   1035   6.840513e+00 -1.304248e+00   
   1036   6.542740e+00 -1.480519e+00   
   1037   6.391518e+00 -1.568157e+00   
   1038   6.991874e+00 -1.217362e+00   
   1039   6.238548e+00 -1.653038e+00   
   1040   8.196891e+00 -1.739130e-01   
   1041   4.106218e+00 -2.260870e+00   
   1042   7.143491e+00 -1.130447e+00   
   1043   6.086491e+00 -1.737759e+00   
   1044   8.500000e+00  1.739130e-01   
   1045   7.893782e+00 -5.217391e-01   
   1046   5.176011e+00 -2.080037e+00   
   1047   7.294594e+00 -1.042697e+00   
   1048   5.933817e+00 -1.823171e+00   
   1049   4.406883e+00 -2.260870e+00   
   1050   7.442895e+00 -9.581655e-01   
   1051   5.782364e+00 -1.910730e+00   
   1052   4.943001e+00 -2.170453e+00   
   1053   8.348446e+00 -8.695652e-02   
   1054   3.651554e+00 -2.347826e+00   
   1055   8.045337e+00 -4.347826e-01   
   1056   3.954663e+00 -2.347826e+00   
   1057   7.595394e+00 -8.728637e-01   
   1058   5.631164e+00 -1.998073e+00   
   1059   4.709992e+00 -2.260870e+00   
   1060   4.256550e+00 -2.347072e+00   
   1061   5.479101e+00 -2.083341e+00   
   1062   7.746591e+00 -7.848817e-01   
   1063   8.196891e+00 -3.478261e-01   
   1064   8.500000e+00  1.776357e-15   
   1065   6.690785e+00 -1.567794e+00   
   1066   6.841522e+00 -1.479127e+00   
   1067   6.539563e+00 -1.655432e+00   
   1068   6.992260e+00 -1.390460e+00   
   1069   6.388341e+00 -1.743070e+00   
   1070   7.894136e+00 -6.966710e-01   
   1071   5.326603e+00 -2.169102e+00   
   1072   7.143876e+00 -1.303545e+00   
   1073   4.558437e+00 -2.347072e+00   
   1074   3.500000e+00 -2.434783e+00   
   1075   6.236284e+00 -1.827791e+00   
   1076   3.803109e+00 -2.434783e+00   
   1077   7.295493e+00 -1.216630e+00   
   1078   6.084227e+00 -1.912511e+00   
   1079   8.348446e+00 -2.608696e-01   
   1080   4.105864e+00 -2.435801e+00   
   1081   7.443794e+00 -1.132098e+00   
   1082   8.045337e+00 -6.086957e-01   
   1083   5.932773e+00 -2.000070e+00   
   1084   5.174966e+00 -2.256375e+00   
   1085   4.406883e+00 -2.433275e+00   
   1086   7.592096e+00 -1.047567e+00   
   1087   5.781320e+00 -2.087629e+00   
   1088   4.941957e+00 -2.346792e+00   
   1089   8.500000e+00 -1.739130e-01   
   1090   8.196891e+00 -5.217391e-01   
   1091   3.651554e+00 -2.521739e+00   
   1092   7.743293e+00 -9.595850e-01   
   1093   5.629258e+00 -2.172897e+00   
   1094   3.954310e+00 -2.522758e+00   
   1095   4.709144e+00 -2.435706e+00   
   1096   7.894490e+00 -8.716029e-01   
   1097   5.477196e+00 -2.258166e+00   
   1098   6.840348e+00 -1.651653e+00   
   1099   4.256196e+00 -2.522004e+00   
   1100   6.991086e+00 -1.562985e+00   
   1101   6.691447e+00 -1.741917e+00   
   1102   8.348446e+00 -4.347826e-01   
   1103   6.540225e+00 -1.829555e+00   
   1104   7.143752e+00 -1.477591e+00   
   1105   6.387330e+00 -1.914300e+00   
   1106   7.295368e+00 -1.390676e+00   
   1107   6.235273e+00 -1.999020e+00   
   1108   8.045690e+00 -7.836276e-01   
   1109   5.325558e+00 -2.345440e+00   
   1110   4.557590e+00 -2.521909e+00   
   1111   3.500000e+00 -2.608696e+00   
   1112   7.444464e+00 -1.306628e+00   
   1113   6.084429e+00 -2.087278e+00   
   1114   3.803109e+00 -2.608696e+00   
   1115   8.500000e+00 -3.478261e-01   
   1116   7.592766e+00 -1.222096e+00   
   1117   5.932975e+00 -2.174837e+00   
   1118   4.105510e+00 -2.610733e+00   
   1119   8.196891e+00 -6.956522e-01   
   1120   5.173921e+00 -2.432713e+00   
   1121   7.744005e+00 -1.134313e+00   
   1122   5.780299e+00 -2.259961e+00   
   1123   4.407928e+00 -2.608141e+00   
   1124   4.941109e+00 -2.521628e+00   
   1125   8.348446e+00 -6.086957e-01   
   1126   7.895202e+00 -1.046331e+00   
   1127   5.628237e+00 -2.345230e+00   
   1128   3.651554e+00 -2.695652e+00   
   1129   3.954310e+00 -2.696671e+00   
   1130   6.989911e+00 -1.735511e+00   
   1131   6.841011e+00 -1.825775e+00   
   1132   4.708297e+00 -2.610543e+00   
   1133   6.692110e+00 -1.916039e+00   
   1134   7.142578e+00 -1.650117e+00   
   1135   8.045690e+00 -9.575406e-01   
   1136   6.539215e+00 -2.000785e+00   
   1137   5.477030e+00 -2.433000e+00   
   1138   6.386320e+00 -2.085530e+00   
   1139   7.295244e+00 -1.564723e+00   
   1140   4.257241e+00 -2.696870e+00   
   1141   8.500000e+00 -5.217391e-01   
   1142   7.444340e+00 -1.480674e+00   
   1143   6.235475e+00 -2.173787e+00   
   1144   8.196891e+00 -8.695652e-01   
   1145   5.325393e+00 -2.520274e+00   
   1146   7.593436e+00 -1.396626e+00   
   1147   6.084631e+00 -2.262045e+00   
   1148   4.558635e+00 -2.696775e+00   
   1149   3.500000e+00 -2.782609e+00   
   1150   3.803109e+00 -2.782609e+00   
   1151   5.931955e+00 -2.347169e+00   
   1152   7.744675e+00 -1.308843e+00   
   1153   8.348446e+00 -7.826087e-01   
   1154   4.105864e+00 -2.783628e+00   
   1155   5.172914e+00 -2.605872e+00   
   1156   5.779278e+00 -2.432294e+00   
   1157   7.895915e+00 -1.221059e+00   
   1158   4.408972e+00 -2.783007e+00   
   1159   4.940102e+00 -2.694787e+00   
   1160   8.046403e+00 -1.132269e+00   
   1161   5.628071e+00 -2.520064e+00   
   1162   8.500000e+00 -6.956522e-01   
   1163   6.989221e+00 -1.912930e+00   
   1164   7.140329e+00 -1.824807e+00   
   1165   6.840320e+00 -2.003194e+00   
   1166   3.651554e+00 -2.869565e+00   
   1167   6.689392e+00 -2.090258e+00   
   1168   7.292995e+00 -1.739413e+00   
   1169   6.536497e+00 -2.175003e+00   
   1170   3.954663e+00 -2.869565e+00   
   1171   8.196891e+00 -1.043478e+00   
   1172   4.709127e+00 -2.784976e+00   
   1173   6.383838e+00 -2.260465e+00   
   1174   7.444880e+00 -1.654895e+00   
   1175   5.476865e+00 -2.607835e+00   
   1176   4.257595e+00 -2.869764e+00   
   1177   6.232994e+00 -2.348722e+00   
   1178   7.593976e+00 -1.570846e+00   
   1179   8.348446e+00 -9.565217e-01   
   1180   7.745304e+00 -1.483318e+00   
   1181   6.082361e+00 -2.436242e+00   
   1182   5.324386e+00 -2.693433e+00   
   1183   4.559465e+00 -2.871208e+00   
   1184   3.500000e+00 -2.956522e+00   
   1185   5.929685e+00 -2.521367e+00   
   1186   7.896543e+00 -1.395534e+00   
   1187   3.803109e+00 -2.956522e+00   
   1188   8.500000e+00 -8.695652e-01   
   1189   5.171907e+00 -2.779031e+00   
   1190   4.106218e+00 -2.956522e+00   
   1191   8.046403e+00 -1.306182e+00   
   1192   5.777256e+00 -2.607233e+00   
   1193   4.408643e+00 -2.957876e+00   
   1194   6.988531e+00 -2.090349e+00   
   1195   4.940932e+00 -2.869220e+00   
   1196   7.139638e+00 -2.002226e+00   
   1197   8.196891e+00 -1.217391e+00   
   1198   6.837602e+00 -2.177412e+00   
   1199   5.626049e+00 -2.695004e+00   
   1200   7.290746e+00 -1.914104e+00   
   1201   6.686674e+00 -2.264476e+00   
   1202   6.534016e+00 -2.349938e+00   
   1203   7.442631e+00 -1.829585e+00   
   1204   3.651554e+00 -3.043478e+00   
   1205   6.381357e+00 -2.435400e+00   
   1206   7.594515e+00 -1.745067e+00   
   1207   3.954663e+00 -3.043478e+00   
   1208   8.348446e+00 -1.130435e+00   
   1209   4.709958e+00 -2.959409e+00   
   1210   5.474998e+00 -2.782274e+00   
   1211   6.230725e+00 -2.522920e+00   
   1212   7.745843e+00 -1.657538e+00   
   1213   4.257266e+00 -3.044633e+00   
   1214   6.080092e+00 -2.610440e+00   
   1215   7.897171e+00 -1.570009e+00   
   1216   8.500000e+00 -1.043478e+00   
   1217   5.322519e+00 -2.867871e+00   
   1218   8.047031e+00 -1.480657e+00   
   1219   5.927662e+00 -2.696306e+00   
   1220   4.559136e+00 -3.046077e+00   
   1221   3.500000e+00 -3.130435e+00   
   1222   5.092536e+00 -2.956503e+00   
   1223   3.803109e+00 -3.130435e+00   
   1224   8.196891e+00 -1.391304e+00   
   1225   5.775233e+00 -2.782172e+00   
   1226   4.105864e+00 -3.131454e+00   
   1227   7.140528e+00 -2.176929e+00   
   1228   6.988920e+00 -2.264067e+00   
   1229   7.291636e+00 -2.088806e+00   
   1230   6.837992e+00 -2.351130e+00   
   1231   4.861562e+00 -3.046692e+00   
   1232   7.441968e+00 -1.999801e+00   
   1233   6.687019e+00 -2.439319e+00   
   1234   8.348446e+00 -1.304348e+00   
   1235   4.408314e+00 -3.132745e+00   
   1236   5.624182e+00 -2.869442e+00   
   1237   7.593853e+00 -1.915283e+00   
   1238   6.534360e+00 -2.524781e+00   
   1239   6.382178e+00 -2.610201e+00   
   1240   7.746295e+00 -1.831810e+00   
   1241   3.651554e+00 -3.217391e+00   
   1242   8.500000e+00 -1.217391e+00   
   1243   5.473132e+00 -2.956712e+00   
   1244   3.954310e+00 -3.218410e+00   
   1245   6.231546e+00 -2.697721e+00   
   1246   7.897623e+00 -1.744281e+00   
   1247   4.710057e+00 -3.134147e+00   
   1248   8.047031e+00 -1.654570e+00   
   1249   5.243149e+00 -3.045344e+00   
   1250   4.256912e+00 -3.219565e+00   
   1251   6.080146e+00 -2.785391e+00   
   1252   8.196891e+00 -1.565217e+00   
   1253   5.927716e+00 -2.871257e+00   
   1254   5.013166e+00 -3.133975e+00   
   1255   4.559235e+00 -3.220815e+00   
   1256   3.500000e+00 -3.304348e+00   
   1257   8.348446e+00 -1.478261e+00   
   1258   5.775524e+00 -2.957034e+00   
   1259   7.140917e+00 -2.350646e+00   
   1260   7.292525e+00 -2.263509e+00   
   1261   6.989310e+00 -2.437784e+00   
   1262   3.807375e+00 -3.319316e+00   
   1263   7.442858e+00 -2.174504e+00   
   1264   6.838337e+00 -2.525973e+00   
   1265   4.105510e+00 -3.306386e+00   
   1266   7.593190e+00 -2.085499e+00   
   1267   6.687363e+00 -2.614162e+00   
   1268   4.861661e+00 -3.221430e+00   
   1269   7.745633e+00 -2.002026e+00   
   1270   8.500000e+00 -1.391304e+00   
   1271   6.535181e+00 -2.699582e+00   
   1272   5.624474e+00 -3.044304e+00   
   1273   6.382999e+00 -2.785002e+00   
   1274   7.898075e+00 -1.918553e+00   
   1275   8.047483e+00 -1.828842e+00   
   1276   6.231600e+00 -2.872672e+00   
   1277   5.472886e+00 -3.131678e+00   
   1278   3.655821e+00 -3.406273e+00   
   1279   4.710156e+00 -3.308885e+00   
   1280   4.405849e+00 -3.356541e+00   
   1281   8.196891e+00 -1.739130e+00   
   1282   3.958576e+00 -3.407291e+00   
   1283   6.080200e+00 -2.960341e+00   
   1284   5.242903e+00 -3.220309e+00   
   1285   8.348446e+00 -1.652174e+00   
   1286   5.928008e+00 -3.046119e+00   
   1287   7.292419e+00 -2.437968e+00   
   1288   7.140811e+00 -2.525105e+00   
   1289   7.442609e+00 -2.349205e+00   
   1290   6.990349e+00 -2.613033e+00   
   1291   3.500000e+00 -3.478261e+00   
   1292   7.592942e+00 -2.260200e+00   
   1293   8.500000e+00 -1.565217e+00   
   1294   4.254447e+00 -3.443362e+00   
   1295   5.775816e+00 -3.131896e+00   
   1296   6.839376e+00 -2.701222e+00   
   1297   7.743840e+00 -2.172165e+00   
   1298   6.685453e+00 -2.789031e+00   
   1299   4.104798e+00 -3.481114e+00   
   1300   7.896282e+00 -2.088692e+00   
   1301   6.533271e+00 -2.874451e+00   
   1302   3.811641e+00 -3.508197e+00   
   1303   5.048673e+00 -3.357261e+00   
   1304   4.556770e+00 -3.444611e+00   
   1305   5.624228e+00 -3.219270e+00   
   1306   8.047483e+00 -2.002755e+00   
   1307   6.384294e+00 -2.965366e+00   
   1308   8.196891e+00 -1.913043e+00   
   1309   6.232894e+00 -3.053036e+00   
   1310   5.472640e+00 -3.306643e+00   
   1311   4.897168e+00 -3.444716e+00   
   1312   8.348446e+00 -1.826087e+00   
   1313   3.655821e+00 -3.580186e+00   
   1314   6.078517e+00 -3.135258e+00   
   1315   3.957863e+00 -3.582020e+00   
   1316   4.724850e+00 -3.501419e+00   
   1317   8.500000e+00 -1.739130e+00   
   1318   5.926325e+00 -3.221036e+00   
   1319   7.442503e+00 -2.523664e+00   
   1320   7.292313e+00 -2.612427e+00   
   1321   7.141850e+00 -2.700354e+00   
   1322   7.592693e+00 -2.434900e+00   
   1323   6.991388e+00 -2.788282e+00   
   1324   4.403384e+00 -3.580338e+00   
   1325   7.743591e+00 -2.346866e+00   
   1326   6.837466e+00 -2.876091e+00   
   1327   7.894490e+00 -2.258832e+00   
   1328   3.500000e+00 -3.652174e+00   
   1329   5.278410e+00 -3.443595e+00   
   1330   4.253734e+00 -3.618090e+00   
   1331   6.683543e+00 -2.963900e+00   
   1332   5.763765e+00 -3.321338e+00   
   1333   8.045690e+00 -2.172894e+00   
   1334   4.104085e+00 -3.655842e+00   
   1335   6.534566e+00 -3.054815e+00   
   1336   8.196891e+00 -2.086957e+00   
   1337   5.612177e+00 -3.408711e+00   
   1338   6.385588e+00 -3.145730e+00   
   1339   4.571464e+00 -3.637146e+00   
   1340   8.348446e+00 -2.000000e+00   
   1341   6.231211e+00 -3.227953e+00   
   1342   5.470872e+00 -3.481228e+00   
   1343   8.500000e+00 -1.913043e+00   
   1344   5.084179e+00 -3.580546e+00   
   1345   6.076834e+00 -3.310175e+00   
   1346   3.834392e+00 -3.754099e+00   
   1347   4.911862e+00 -3.637250e+00   
   1348   7.294473e+00 -2.784477e+00   
   1349   7.444518e+00 -2.698517e+00   
   1350   7.594708e+00 -2.609754e+00   
   1351   7.144010e+00 -2.872404e+00   
   1352   7.743238e+00 -2.521798e+00   
   1353   6.994542e+00 -2.963071e+00   
   1354   7.894136e+00 -2.433764e+00   
   1355   4.739544e+00 -3.693954e+00   
   1356   5.914274e+00 -3.410477e+00   
   1357   6.840619e+00 -3.050880e+00   
   1358   8.045690e+00 -2.346807e+00   
   1359   6.688569e+00 -3.136930e+00   
   1360   5.276641e+00 -3.618179e+00   
   1361   3.500000e+00 -3.826087e+00   
   1362   8.196891e+00 -2.260870e+00   
   1363   3.678571e+00 -3.826087e+00   
   1364   4.308835e+00 -3.790169e+00   
   1365   6.539591e+00 -3.227845e+00   
   1366   5.751713e+00 -3.510779e+00   
   1367   3.980614e+00 -3.827921e+00   
   1368   8.348446e+00 -2.173913e+00   
   1369   4.487406e+00 -3.790169e+00   
   1370   4.159186e+00 -3.827921e+00   
   1371   6.391284e+00 -3.320519e+00   
   1372   5.610408e+00 -3.583296e+00   
   1373   8.500000e+00 -2.086957e+00   
   1374   6.236906e+00 -3.402742e+00   
   1375   5.469104e+00 -3.655813e+00   
   1376   6.074931e+00 -3.485160e+00   
   1377   7.446677e+00 -2.870567e+00   
   1378   7.296632e+00 -2.956527e+00   
   1379   7.596722e+00 -2.784607e+00   
   1380   7.745252e+00 -2.696651e+00   
   1381   4.655486e+00 -3.846977e+00   
   1382   5.006375e+00 -3.790273e+00   
   1383   7.147164e+00 -3.047194e+00   
   1384   7.893782e+00 -2.608696e+00   
   1385   6.997695e+00 -3.137861e+00   
   1386   8.045337e+00 -2.521739e+00   
   1387   4.834058e+00 -3.846977e+00   
   1388   5.912371e+00 -3.585462e+00   
   1389   6.845645e+00 -3.223910e+00   
   1390   8.196891e+00 -2.434783e+00   
   1391   5.184947e+00 -3.790273e+00   
   1392   6.693595e+00 -3.309960e+00   
   1393   8.348446e+00 -2.347826e+00   
   1394   3.500000e+00 -4.000000e+00   
   1395   3.678571e+00 -4.000000e+00   
   1396   6.545287e+00 -3.402634e+00   
   1397   3.857143e+00 -4.000000e+00   
   1398   8.500000e+00 -2.260870e+00   
   1399   4.035714e+00 -4.000000e+00   
   1400   4.214286e+00 -4.000000e+00   
   1401   6.396979e+00 -3.495308e+00   
   1402   4.392857e+00 -4.000000e+00   
   1403   5.377409e+00 -3.827906e+00   
   1404   6.235004e+00 -3.577727e+00   
   1405   5.697285e+00 -3.755389e+00   
   1406   4.571429e+00 -4.000000e+00   
   1407   7.447319e+00 -3.045418e+00   
   1408   7.597364e+00 -2.959458e+00   
   1409   7.748210e+00 -2.871034e+00   
   1410   7.295162e+00 -3.131472e+00   
   1411   6.073028e+00 -3.660145e+00   
   1412   7.896740e+00 -2.783078e+00   
   1413   7.145694e+00 -3.222139e+00   
   1414   8.045337e+00 -2.695652e+00   
   1415   5.555980e+00 -3.827906e+00   
   1416   4.750000e+00 -4.000000e+00   
   1417   8.196891e+00 -2.608696e+00   
   1418   7.002225e+00 -3.324794e+00   
   1419   8.348446e+00 -2.521739e+00   
   1420   4.928571e+00 -4.000000e+00   
   1421   6.850174e+00 -3.410844e+00   
   1422   6.692969e+00 -3.484887e+00   
   1423   8.500000e+00 -2.434783e+00   
   1424   5.107143e+00 -4.000000e+00   
   1425   6.544662e+00 -3.577561e+00   
   1426   5.857943e+00 -3.830073e+00   
   1427   5.285714e+00 -4.000000e+00   
   1428   7.598005e+00 -3.134309e+00   
   1429   7.748851e+00 -3.045885e+00   
   1430   7.445849e+00 -3.220363e+00   
   1431   6.036514e+00 -3.830073e+00   
   1432   7.899697e+00 -2.957461e+00   
   1433   7.293692e+00 -3.306418e+00   
   1434   5.464286e+00 -4.000000e+00   
   1435   8.048294e+00 -2.870035e+00   
   1436   8.196891e+00 -2.782609e+00   
   1437   7.150223e+00 -3.409073e+00   
   1438   6.377061e+00 -3.747654e+00   
   1439   8.348446e+00 -2.695652e+00   
   1440   5.642857e+00 -4.000000e+00   
   1441   8.500000e+00 -2.608696e+00   
   1442   6.215086e+00 -3.830073e+00   
   1443   7.006754e+00 -3.511728e+00   
   1444   6.849549e+00 -3.585770e+00   
   1445   6.692344e+00 -3.659813e+00   
   1446   5.821429e+00 -4.000000e+00   
   1447   7.746914e+00 -3.220113e+00   
   1448   7.897760e+00 -3.131689e+00   
   1449   6.000000e+00 -4.000000e+00   
   1450   8.048294e+00 -3.043948e+00   
   1451   7.292730e+00 -3.481366e+00   
   1452   8.196891e+00 -2.956522e+00   
   1453   6.524744e+00 -3.829907e+00   
   1454   8.348446e+00 -2.869565e+00   
   1455   7.149260e+00 -3.584021e+00   
   1456   7.598510e+00 -3.357045e+00   
   1457   7.446353e+00 -3.443099e+00   
   1458   8.500000e+00 -2.782609e+00   
   1459   6.178571e+00 -4.000000e+00   
   1460   6.703315e+00 -3.829907e+00   
   1461   6.357143e+00 -4.000000e+00   
   1462   7.039091e+00 -3.755864e+00   
   1463   7.895823e+00 -3.305916e+00   
   1464   6.881886e+00 -3.829907e+00   
   1465   8.046357e+00 -3.218176e+00   
   1466   8.196891e+00 -3.130435e+00   
   1467   7.291767e+00 -3.656315e+00   
   1468   8.348446e+00 -3.043478e+00   
   1469   6.535714e+00 -4.000000e+00   
   1470   8.500000e+00 -2.956522e+00   
   1471   7.747418e+00 -3.442849e+00   
   1472   7.445390e+00 -3.618048e+00   
   1473   7.599014e+00 -3.579781e+00   
   1474   6.714286e+00 -4.000000e+00   
   1475   7.181598e+00 -3.828158e+00   
   1476   7.897673e+00 -3.480712e+00   
   1477   8.042502e+00 -3.406990e+00   
   1478   6.892857e+00 -4.000000e+00   
   1479   8.193037e+00 -3.319249e+00   
   1480   8.348446e+00 -3.217391e+00   
   1481   8.500000e+00 -3.130435e+00   
   1482   7.749268e+00 -3.617644e+00   
   1483   7.360169e+00 -3.828158e+00   
   1484   7.071429e+00 -4.000000e+00   
   1485   7.513793e+00 -3.789890e+00   
   1486   7.899523e+00 -3.655508e+00   
   1487   7.250000e+00 -4.000000e+00   
   1488   8.044353e+00 -3.581785e+00   
   1489   7.692364e+00 -3.789890e+00   
   1490   8.344591e+00 -3.406206e+00   
   1491   8.500000e+00 -3.304348e+00   
   1492   8.189182e+00 -3.508063e+00   
   1493   7.428571e+00 -4.000000e+00   
   1494   7.842619e+00 -3.827754e+00   
   1495   7.607143e+00 -4.000000e+00   
   1496   8.500000e+00 -3.478261e+00   
   1497   8.344591e+00 -3.580119e+00   
   1498   8.021190e+00 -3.827754e+00   
   1499   8.166020e+00 -3.754032e+00   
   1500   7.785714e+00 -4.000000e+00   
   1501   8.500000e+00 -3.652174e+00   
   1502   7.964286e+00 -4.000000e+00   
   1503   8.321429e+00 -3.826087e+00   
   1504   8.142857e+00 -4.000000e+00   
   1505   8.500000e+00 -3.826087e+00   
   1506   8.321429e+00 -4.000000e+00   
   1507   8.500000e+00 -4.000000e+00   
  END_COORDINATES
  BOUNDARIES, ELEMENT
    1         1504     1507     1506         1     
    2         1507     1501     1505         1     
    3         877     842     858         2     
    4         292     362     324         3     
    5         1242     1188     1216         4     
    6         5     17     10         5     
    7         956     1029     993         6     
    8         1441     1398     1423         7     
    9         760     744     754         8     
    10         598     692     644         9     
    11         1044     994     1020         10     
    12         93     132     112         11     
    13         1256     1328     1291         12     
    14         1491     1470     1481         13     
    15         808     782     798         14     
    16         437     511     474         15     
    17         1141     1089     1115         16     
    18         34     61     46         17     
    19         1111     1184     1149         18     
    20         1343     1293     1317         19     
    21         730     725     727         20     
    22         725     630     677         20     
    23         790     878     834         21     
    24         954     914     932         22     
    25         179     234     207         23     
    26         1501     1491     1496         24     
    27         842     808     821         25     
    28         362     437     397         26     
    29         1188     1141     1162         27     
    30         17     34     25         28     
    31         1029     1111     1074         29     
    32         1398     1343     1373         30     
    33         744     730     736         31     
    34         692     790     742         32     
    35         994     954     976         33     
    36         132     179     153         34     
    37         1394     1397     1395         35     
    38         1328     1394     1361         35     
    39         1470     1441     1458         36     
    40         782     760     770         37     
    41         511     598     551         38     
    42         1089     1044     1064         39     
    43         61     93     76         40     
    44         1184     1256     1221         41     
    45         1293     1242     1270         42     
    46         6     1     3         43     
    47         1     5     2         43     
    48         878     956     917         44     
    49         914     877     893         45     
    50         234     292     262         46     
    51         541     456     497         607     
    52         1400     1406     1402         632     
    53         1461     1474     1469         690     
    54         1474     1484     1478         691     
    55         66     37     49         693     
    56         1420     1427     1424         694     
    57         1500     1504     1502         695     
    58         244     190     216         696     
    59         190     143     165         698     
    60         1484     1493     1487         700     
    61         380     310     345         701     
    62         310     244     277         702     
    63         18     6     11         703     
    64         1440     1449     1446         704     
    65         1449     1461     1459         705     
    66         143     98     119         706     
    67         98     66     81         707     
    68         1397     1400     1399         708     
    69         456     380     415         709     
    70         37     18     26         710     
    71         1427     1440     1434         711     
    72         1406     1420     1416         712     
    73         1493     1500     1495         713     
    74         630     541     584         714     
  END_BOUNDARIES
  MATERIALS, NUMBER= 1, DEFAULT=1
  END_MATERIALS
  SUBDOMAINS
  END_SUBDOMAINS
  CHARACTERISTICS
  END_CHARACTERISTICS
