  NODES_PER_ELEMENT
   1 3
   2 3
   3 3
   4 3
   5 3
   6 3
   7 3
   8 3
   9 3
   10 3
   11 3
   12 3
   13 3
   14 3
   15 3
   16 3
   17 3
   18 3
   19 3
   20 3
   21 3
   22 3
   23 3
   24 3
   25 3
   26 3
   27 3
   28 3
   29 3
   30 3
   31 3
   32 3
   33 3
   34 3
   35 3
   36 3
   37 3
   38 3
   39 3
   40 3
   41 3
   42 3
   43 3
   44 3
   45 3
   46 3
   47 3
   48 3
   49 3
   50 3
   51 3
   52 3
   53 3
   54 3
   55 3
   56 3
   57 3
   58 3
   59 3
   60 3
   61 3
   62 3
   63 3
   64 3
   65 3
   66 3
   67 3
   68 3
   69 3
   70 3
   71 3
   72 3
   73 3
   74 3
   75 3
   76 3
   77 3
   78 3
   79 3
   80 3
   81 3
   82 3
   83 3
   84 3
   85 3
   86 3
   87 3
   88 3
   89 3
   90 3
   91 3
   92 3
   93 3
   94 3
   95 3
   96 3
   97 3
   98 3
   99 3
   100 3
   101 3
   102 3
   103 3
   104 3
   105 3
   106 3
   107 3
   108 3
   109 3
   110 3
   111 3
   112 3
   113 3
   114 3
   115 3
   116 3
   117 3
   118 3
   119 3
   120 3
   121 3
   122 3
   123 3
   124 3
   125 3
   126 3
   127 3
   128 3
   129 3
   130 3
   131 3
   132 3
   133 3
   134 3
   135 3
   136 3
   137 3
   138 3
   139 3
   140 3
   141 3
   142 3
   143 3
   144 3
   145 3
   146 3
   147 3
   148 3
   149 3
   150 3
   151 3
   152 3
   153 3
   154 3
   155 3
   156 3
   157 3
   158 3
   159 3
   160 3
   161 3
   162 3
   163 3
   164 3
   165 3
   166 3
   167 3
   168 3
   169 3
   170 3
   171 3
   172 3
   173 3
   174 3
   175 3
   176 3
   177 3
   178 3
   179 3
   180 3
   181 3
   182 3
   183 3
   184 3
   185 3
   186 3
   187 3
   188 3
   189 3
   190 3
   191 3
   192 3
   193 3
   194 3
   195 3
   196 3
   197 3
   198 3
   199 3
   200 3
   201 3
   202 3
   203 3
   204 3
   205 3
   206 3
   207 3
   208 3
   209 3
   210 3
   211 3
   212 3
   213 3
   214 3
   215 3
   216 3
   217 3
   218 3
   219 3
   220 3
   221 3
   222 3
   223 3
   224 3
   225 3
   226 3
   227 3
   228 3
   229 3
   230 3
   231 3
   232 3
   233 3
   234 3
   235 3
   236 3
   237 3
   238 3
   239 3
   240 3
   241 3
   242 3
   243 3
   244 3
   245 3
   246 3
   247 3
   248 3
   249 3
   250 3
   251 3
   252 3
   253 3
   254 3
   255 3
   256 3
   257 3
   258 3
   259 3
   260 3
   261 3
   262 3
   263 3
   264 3
   265 3
   266 3
   267 3
   268 3
   269 3
   270 3
   271 3
   272 3
   273 3
   274 3
   275 3
   276 3
   277 3
   278 3
   279 3
   280 3
   281 3
   282 3
   283 3
   284 3
   285 3
   286 3
   287 3
   288 3
   289 3
   290 3
   291 3
   292 3
   293 3
   294 3
   295 3
   296 3
   297 3
   298 3
   299 3
   300 3
   301 3
   302 3
   303 3
   304 3
   305 3
   306 3
   307 3
   308 3
   309 3
   310 3
   311 3
   312 3
   313 3
   314 3
   315 3
   316 3
   317 3
   318 3
   319 3
   320 3
   321 3
   322 3
   323 3
   324 3
   325 3
   326 3
   327 3
   328 3
   329 3
   330 3
   331 3
   332 3
   333 3
   334 3
   335 3
   336 3
   337 3
   338 3
   339 3
   340 3
   341 3
   342 3
   343 3
   344 3
   345 3
   346 3
   347 3
   348 3
   349 3
   350 3
   351 3
   352 3
   353 3
   354 3
   355 3
   356 3
   357 3
   358 3
   359 3
   360 3
   361 3
   362 3
   363 3
   364 3
   365 3
   366 3
   367 3
   368 3
   369 3
   370 3
   371 3
   372 3
   373 3
   374 3
   375 3
   376 3
   377 3
   378 3
   379 3
   380 3
   381 3
   382 3
   383 3
   384 3
   385 3
   386 3
   387 3
   388 3
   389 3
   390 3
   391 3
   392 3
   393 3
   394 3
   395 3
   396 3
   397 3
   398 3
   399 3
   400 3
   401 3
   402 3
   403 3
   404 3
   405 3
   406 3
   407 3
   408 3
   409 3
   410 3
   411 3
   412 3
   413 3
   414 3
   415 3
   416 3
   417 3
   418 3
   419 3
   420 3
   421 3
   422 3
   423 3
   424 3
   425 3
   426 3
   427 3
   428 3
   429 3
   430 3
   431 3
   432 3
   433 3
   434 3
   435 3
   436 3
   437 3
   438 3
   439 3
   440 3
   441 3
   442 3
   443 3
   444 3
   445 3
   446 3
   447 3
   448 3
   449 3
   450 3
   451 3
   452 3
   453 3
   454 3
   455 3
   456 3
   457 3
   458 3
   459 3
   460 3
   461 3
   462 3
   463 3
   464 3
   465 3
   466 3
   467 3
   468 3
   469 3
   470 3
   471 3
   472 3
   473 3
   474 3
   475 3
   476 3
   477 3
   478 3
   479 3
   480 3
   481 3
   482 3
   483 3
   484 3
   485 3
   486 3
   487 3
   488 3
   489 3
   490 3
   491 3
   492 3
   493 3
   494 3
   495 3
   496 3
   497 3
   498 3
   499 3
   500 3
   501 3
   502 3
   503 3
   504 3
   505 3
   506 3
   507 3
   508 3
   509 3
   510 3
   511 3
   512 3
   513 3
   514 3
   515 3
   516 3
   517 3
   518 3
   519 3
   520 3
   521 3
   522 3
   523 3
   524 3
   525 3
   526 3
   527 3
   528 3
   529 3
   530 3
   531 3
   532 3
   533 3
   534 3
   535 3
   536 3
   537 3
   538 3
   539 3
   540 3
   541 3
   542 3
   543 3
   544 3
   545 3
   546 3
   547 3
   548 3
   549 3
   550 3
   551 3
   552 3
   553 3
   554 3
   555 3
   556 3
   557 3
   558 3
   559 3
   560 3
   561 3
   562 3
   563 3
   564 3
   565 3
   566 3
   567 3
   568 3
   569 3
   570 3
   571 3
   572 3
   573 3
   574 3
   575 3
   576 3
   577 3
   578 3
   579 3
   580 3
   581 3
   582 3
   583 3
   584 3
   585 3
   586 3
   587 3
   588 3
   589 3
   590 3
   591 3
   592 3
   593 3
   594 3
   595 3
   596 3
   597 3
   598 3
   599 3
   600 3
   601 3
   602 3
   603 3
   604 3
   605 3
   606 3
   607 3
   608 3
   609 3
   610 3
   611 3
   612 3
   613 3
   614 3
   615 3
   616 3
   617 3
   618 3
   619 3
   620 3
   621 3
   622 3
   623 3
   624 3
   625 3
   626 3
   627 3
   628 3
   629 3
   630 3
   631 3
   632 3
   633 3
   634 3
   635 3
   636 3
   637 3
   638 3
   639 3
   640 3
   641 3
   642 3
   643 3
   644 3
   645 3
   646 3
   647 3
   648 3
   649 3
   650 3
   651 3
   652 3
   653 3
   654 3
   655 3
   656 3
   657 3
   658 3
   659 3
   660 3
   661 3
   662 3
   663 3
   664 3
   665 3
   666 3
   667 3
   668 3
   669 3
   670 3
   671 3
   672 3
   673 3
   674 3
   675 3
   676 3
   677 3
   678 3
   679 3
   680 3
   681 3
   682 3
   683 3
   684 3
   685 3
   686 3
   687 3
   688 3
   689 3
   690 3
   691 3
   692 3
   693 3
   694 3
   695 3
   696 3
   697 3
   698 3
   699 3
   700 3
   701 3
   702 3
   703 3
   704 3
   705 3
   706 3
   707 3
   708 3
   709 3
   710 3
   711 3
   712 3
   713 3
   714 3
   715 3
   716 3
   717 3
   718 3
   719 3
   720 3
   721 3
   722 3
   723 3
   724 3
   725 3
   726 3
   727 3
   728 3
   729 3
   730 3
   731 3
   732 3
   733 3
   734 3
   735 3
   736 3
   737 3
   738 3
   739 3
   740 3
   741 3
   742 3
   743 3
   744 3
   745 3
   746 3
   747 3
   748 3
   749 3
   750 3
   751 3
   752 3
   753 3
   754 3
   755 3
   756 3
   757 3
   758 3
   759 3
   760 3
   761 3
   762 3
   763 3
   764 3
   765 3
   766 3
   767 3
   768 3
   769 3
   770 3
   771 3
   772 3
   773 3
   774 3
   775 3
   776 3
   777 3
   778 3
   779 3
   780 3
   781 3
   782 3
   783 3
   784 3
   785 3
   786 3
   787 3
   788 3
   789 3
   790 3
   791 3
   792 3
   793 3
   794 3
   795 3
   796 3
   797 3
   798 3
   799 3
   800 3
   801 3
   802 3
   803 3
   804 3
   805 3
   806 3
   807 3
   808 3
   809 3
   810 3
   811 3
   812 3
   813 3
   814 3
   815 3
   816 3
   817 3
   818 3
   819 3
   820 3
   821 3
   822 3
   823 3
   824 3
   825 3
   826 3
   827 3
   828 3
   829 3
   830 3
   831 3
   832 3
   833 3
   834 3
   835 3
   836 3
   837 3
   838 3
   839 3
   840 3
   841 3
   842 3
   843 3
   844 3
   845 3
   846 3
   847 3
   848 3
   849 3
   850 3
   851 3
   852 3
   853 3
   854 3
   855 3
   856 3
   857 3
   858 3
   859 3
   860 3
   861 3
   862 3
   863 3
   864 3
   865 3
   866 3
   867 3
   868 3
   869 3
   870 3
   871 3
   872 3
   873 3
   874 3
   875 3
   876 3
   877 3
   878 3
   879 3
   880 3
   881 3
   882 3
   883 3
   884 3
   885 3
   886 3
   887 3
   888 3
   889 3
   890 3
   891 3
   892 3
   893 3
   894 3
   895 3
   896 3
   897 3
   898 3
   899 3
   900 3
   901 3
   902 3
   903 3
   904 3
   905 3
   906 3
   907 3
   908 3
   909 3
   910 3
   911 3
   912 3
   913 3
   914 3
   915 3
   916 3
   917 3
   918 3
   919 3
   920 3
   921 3
   922 3
   923 3
   924 3
   925 3
   926 3
   927 3
   928 3
   929 3
   930 3
   931 3
   932 3
   933 3
   934 3
   935 3
   936 3
   937 3
   938 3
   939 3
   940 3
   941 3
   942 3
   943 3
   944 3
   945 3
   946 3
   947 3
   948 3
   949 3
   950 3
   951 3
   952 3
   953 3
   954 3
   955 3
   956 3
   957 3
   958 3
   959 3
   960 3
   961 3
   962 3
   963 3
   964 3
   965 3
   966 3
   967 3
   968 3
   969 3
   970 3
   971 3
   972 3
   973 3
   974 3
   975 3
   976 3
   977 3
   978 3
   979 3
   980 3
   981 3
   982 3
   983 3
   984 3
   985 3
   986 3
   987 3
   988 3
   989 3
   990 3
   991 3
   992 3
   993 3
   994 3
   995 3
   996 3
   997 3
   998 3
   999 3
   1000 3
   1001 3
   1002 3
   1003 3
   1004 3
   1005 3
   1006 3
   1007 3
   1008 3
   1009 3
   1010 3
   1011 3
   1012 3
   1013 3
   1014 3
   1015 3
   1016 3
   1017 3
   1018 3
   1019 3
   1020 3
   1021 3
   1022 3
   1023 3
   1024 3
   1025 3
   1026 3
   1027 3
   1028 3
   1029 3
   1030 3
   1031 3
   1032 3
   1033 3
   1034 3
   1035 3
   1036 3
   1037 3
   1038 3
   1039 3
   1040 3
   1041 3
   1042 3
   1043 3
   1044 3
   1045 3
   1046 3
   1047 3
   1048 3
   1049 3
   1050 3
   1051 3
   1052 3
   1053 3
   1054 3
   1055 3
   1056 3
   1057 3
   1058 3
   1059 3
   1060 3
   1061 3
   1062 3
   1063 3
   1064 3
   1065 3
   1066 3
   1067 3
   1068 3
   1069 3
   1070 3
   1071 3
   1072 3
   1073 3
   1074 3
   1075 3
   1076 3
   1077 3
   1078 3
   1079 3
   1080 3
   1081 3
   1082 3
   1083 3
   1084 3
   1085 3
   1086 3
   1087 3
   1088 3
   1089 3
   1090 3
   1091 3
   1092 3
   1093 3
   1094 3
   1095 3
   1096 3
   1097 3
   1098 3
   1099 3
   1100 3
   1101 3
   1102 3
   1103 3
   1104 3
   1105 3
   1106 3
   1107 3
   1108 3
   1109 3
   1110 3
   1111 3
   1112 3
   1113 3
   1114 3
   1115 3
   1116 3
   1117 3
   1118 3
   1119 3
   1120 3
   1121 3
   1122 3
   1123 3
   1124 3
   1125 3
   1126 3
   1127 3
   1128 3
   1129 3
   1130 3
   1131 3
  END_NODES_PER_ELEMENT
  ELEMENTS
  1 575 573 566  
  2 611 613 608  
  3 608 613 609  
  4 611 608 604  
  5 609 613 615  
  6 608 609 600  
  7 604 608 595  
  8 611 604 607  
  9 607 604 594  
  10 140 133 134  
  11 116 102 104  
  12 13 18 16  
  13 592 598 589  
  14 566 573 560  
  15 575 566 572  
  16 600 609 601  
  17 608 600 595  
  18 595 600 586  
  19 604 595 594  
  20 562 557 551  
  21 189 175 176  
  22 77 67 72  
  23 134 133 119  
  24 140 134 149  
  25 104 102 91  
  26 116 104 119  
  27 590 587 578  
  28 16 18 24  
  29 13 16 7  
  30 589 598 594  
  31 592 589 579  
  32 536 525 519  
  33 587 583 574  
  34 551 557 539  
  35 562 551 560  
  36 176 159 157  
  37 189 176 195  
  38 72 67 54  
  39 77 72 89  
  40 560 573 562  
  41 566 560 549  
  42 572 566 555  
  43 575 572 583  
  44 583 572 574  
  45 607 594 598  
  46 525 518 508  
  47 67 58 54  
  48 54 58 46  
  49 614 612 603  
  50 119 104 110  
  51 150 160 151  
  52 422 439 424  
  53 541 536 522  
  54 1 2 3  
  55 601 609 615  
  56 600 601 586  
  57 333 316 314  
  58 17 9 14  
  59 116 119 133  
  60 612 610 599  
  61 578 587 574  
  62 578 574 564  
  63 590 578 585  
  64 589 594 580  
  65 471 462 452  
  66 91 102 89  
  67 91 89 72  
  68 104 91 96  
  69 134 119 121  
  70 140 149 159  
  71 159 176 175  
  72 149 134 136  
  73 36 27 31  
  74 444 431 425  
  75 55 66 56  
  76 533 544 534  
  77 610 606 596  
  78 279 265 267  
  79 82 94 83  
  80 500 510 493  
  81 202 189 195  
  82 202 195 217  
  83 45 55 47  
  84 544 558 543  
  85 560 551 549  
  86 557 548 539  
  87 539 541 522  
  88 46 36 38  
  89 519 525 508  
  90 519 508 503  
  91 536 519 522  
  92 522 519 503  
  93 518 507 501  
  94 265 250 252  
  95 24 18 26  
  96 24 26 35  
  97 7 16 12  
  98 579 589 580  
  99 16 24 22  
  100 13 7 6  
  101 6 7 2  
  102 592 579 582  
  103 582 579 570  
  104 2 7 3  
  105 606 602 591  
  106 574 572 555  
  107 250 234 233  
  108 35 45 33  
  109 558 570 556  
  110 234 217 215  
  111 602 597 585  
  112 585 597 590  
  113 601 615 616  
  114 316 299 293  
  115 595 586 580  
  116 508 518 501  
  117 508 501 503  
  118 551 539 531  
  119 195 176 171  
  120 603 612 599  
  121 603 599 588  
  122 614 603 605  
  123 151 160 168  
  124 150 151 132  
  125 424 439 446  
  126 422 424 402  
  127 1 5 4  
  128 72 54 61  
  129 541 539 548  
  130 114 130 115  
  131 463 479 464  
  132 594 595 580  
  133 314 316 293  
  134 314 293 305  
  135 333 314 336  
  136 14 9 5  
  137 14 23 27  
  138 566 549 555  
  139 555 549 538  
  140 599 610 596  
  141 599 596 588  
  142 507 497 488  
  143 452 462 440  
  144 471 452 473  
  145 486 471 473  
  146 486 473 497  
  147 31 27 23  
  148 36 31 38  
  149 38 31 34  
  150 425 431 409  
  151 444 425 440  
  152 440 425 419  
  153 444 440 462  
  154 56 66 70  
  155 55 56 47  
  156 47 56 43  
  157 534 544 543  
  158 534 543 528  
  159 533 534 514  
  160 83 94 100  
  161 82 83 70  
  162 70 83 78  
  163 82 70 66  
  164 493 510 514  
  165 493 514 492  
  166 514 510 533  
  167 500 493 481  
  168 596 606 591  
  169 596 591 581  
  170 267 265 252  
  171 267 252 246  
  172 279 267 286  
  173 585 578 568  
  174 45 47 33  
  175 33 47 43  
  176 543 558 556  
  177 543 545 528  
  178 110 104 96  
  179 110 96 101  
  180 119 110 121  
  181 121 110 101  
  182 46 38 54  
  183 96 91 79  
  184 501 507 488  
  185 501 488 482  
  186 252 250 233  
  187 252 233 246  
  188 134 121 136  
  189 136 121 125  
  190 149 136 157  
  191 591 602 585  
  192 35 33 24  
  193 556 570 563  
  194 233 234 215  
  195 233 215 218  
  196 12 16 22  
  197 12 22 19  
  198 7 12 3  
  199 22 24 33  
  200 564 574 552  
  201 215 217 195  
  202 603 588 593  
  203 538 549 529  
  204 555 538 552  
  205 34 31 23  
  206 38 34 48  
  207 101 96 84  
  208 293 299 286  
  209 286 299 279  
  210 293 286 271  
  211 43 56 60  
  212 534 515 514  
  213 581 591 577  
  214 596 581 588  
  215 125 121 101  
  216 136 125 143  
  217 267 246 271  
  218 305 293 271  
  219 305 271 276  
  220 314 305 336  
  221 19 22 30  
  222 12 19 10  
  223 419 425 406  
  224 440 419 452  
  225 218 215 197  
  226 233 218 246  
  227 271 286 267  
  228 115 130 132  
  229 132 130 150  
  230 115 132 120  
  231 114 115 100  
  232 100 115 98  
  233 114 100 94  
  234 98 115 120  
  235 100 98 83  
  236 464 479 481  
  237 481 479 500  
  238 464 481 475  
  239 475 481 493  
  240 464 475 447  
  241 463 464 446  
  242 446 464 447  
  243 463 446 439  
  244 482 488 467  
  245 501 482 503  
  246 78 83 98  
  247 70 60 56  
  248 492 514 515  
  249 493 492 475  
  250 531 539 523  
  251 551 529 549  
  252 605 603 593  
  253 605 593 601  
  254 614 605 616  
  255 616 605 601  
  256 171 176 157  
  257 132 151 138  
  258 402 424 407  
  259 168 160 184  
  260 168 184 191  
  261 195 171 197  
  262 422 402 398  
  263 398 402 380  
  264 151 168 155  
  265 424 446 429  
  266 61 54 48  
  267 61 48 52  
  268 72 61 79  
  269 333 336 355  
  270 355 336 354  
  271 5 9 4  
  272 5 1 3  
  273 14 5 11  
  274 354 336 328  
  275 355 354 375  
  276 375 354 372  
  277 488 497 473  
  278 473 452 448  
  279 120 132 138  
  280 120 138 128  
  281 128 138 147  
  282 120 128 107  
  283 409 431 414  
  284 409 414 392  
  285 392 414 395  
  286 392 395 372  
  287 392 372 369  
  288 409 392 386  
  289 425 409 406  
  290 406 409 386  
  291 406 386 385  
  292 385 386 364  
  293 406 385 419  
  294 191 184 207  
  295 168 191 174  
  296 380 402 389  
  297 398 380 373  
  298 191 207 211  
  299 373 380 357  
  300 372 395 375  
  301 79 91 72  
  302 96 79 84  
  303 84 79 68  
  304 157 136 143  
  305 157 143 171  
  306 149 157 159  
  307 52 48 41  
  308 61 52 68  
  309 372 354 349  
  310 593 588 576  
  311 529 551 531  
  312 529 531 512  
  313 512 531 523  
  314 529 512 513  
  315 538 529 513  
  316 552 538 530  
  317 555 552 574  
  318 564 552 547  
  319 547 552 530  
  320 564 547 568  
  321 27 17 14  
  322 48 34 41  
  323 41 34 29  
  324 29 34 23  
  325 41 29 39  
  326 38 48 54  
  327 101 84 85  
  328 577 591 585  
  329 581 577 565  
  330 143 125 135  
  331 276 271 257  
  332 305 276 297  
  333 30 22 33  
  334 19 30 28  
  335 10 19 20  
  336 12 10 3  
  337 447 475 454  
  338 197 215 195  
  339 107 128 117  
  340 385 364 359  
  341 147 138 155  
  342 147 155 174  
  343 174 155 168  
  344 155 138 151  
  345 364 386 369  
  346 364 369 345  
  347 369 386 392  
  348 345 369 349  
  349 345 349 325  
  350 364 345 341  
  351 325 349 328  
  352 325 328 297  
  353 345 325 323  
  354 328 349 354  
  355 323 325 304  
  356 345 323 341  
  357 341 323 318  
  358 318 323 301  
  359 341 318 342  
  360 218 197 198  
  361 128 147 139  
  362 120 107 98  
  363 98 107 87  
  364 87 107 97  
  365 98 87 78  
  366 467 488 473  
  367 482 467 458  
  368 369 372 349  
  369 523 539 522  
  370 523 522 498  
  371 407 424 429  
  372 407 429 417  
  373 417 429 437  
  374 407 417 393  
  375 429 446 447  
  376 429 447 437  
  377 437 447 454  
  378 437 454 432  
  379 432 454 460  
  380 437 432 417  
  381 460 454 476  
  382 432 460 445  
  383 402 407 389  
  384 389 407 393  
  385 389 393 368  
  386 368 393 374  
  387 389 368 366  
  388 41 39 51  
  389 39 29 25  
  390 364 341 359  
  391 359 341 342  
  392 359 342 360  
  393 360 342 340  
  394 359 360 382  
  395 11 5 8  
  396 14 11 23  
  397 328 336 305  
  398 301 323 304  
  399 301 304 283  
  400 283 304 297  
  401 297 304 325  
  402 301 283 280  
  403 342 318 319  
  404 360 340 362  
  405 359 382 385  
  406 385 382 419  
  407 318 301 294  
  408 340 342 319  
  409 340 319 320  
  410 320 319 298  
  411 340 320 344  
  412 382 360 383  
  413 448 452 419  
  414 473 448 467  
  415 174 191 193  
  416 211 207 229  
  417 568 547 553  
  418 357 380 366  
  419 366 380 389  
  420 357 366 343  
  421 343 366 368  
  422 357 343 332  
  423 332 343 317  
  424 357 332 348  
  425 191 211 193  
  426 193 211 213  
  427 564 568 578  
  428 373 357 348  
  429 374 393 401  
  430 368 374 350  
  431 280 283 263  
  432 301 280 294  
  433 294 280 277  
  434 277 280 259  
  435 294 277 298  
  436 213 211 231  
  437 193 213 200  
  438 259 280 263  
  439 259 263 240  
  440 240 263 244  
  441 259 240 239  
  442 277 259 258  
  443 298 319 294  
  444 320 298 300  
  445 344 320 324  
  446 340 344 362  
  447 362 344 367  
  448 367 344 346  
  449 362 367 384  
  450 68 52 64  
  451 29 23 21  
  452 240 244 224  
  453 513 512 491  
  454 97 107 117  
  455 97 117 106  
  456 106 117 127  
  457 97 106 86  
  458 259 239 258  
  459 258 239 238  
  460 238 239 219  
  461 258 238 262  
  462 52 41 51  
  463 52 51 64  
  464 64 51 57  
  465 57 51 39  
  466 64 57 75  
  467 75 57 73  
  468 64 75 85  
  469 87 97 80  
  470 239 240 220  
  471 61 68 79  
  472 84 68 85  
  473 244 263 261  
  474 346 344 324  
  475 346 324 329  
  476 329 324 306  
  477 346 329 352  
  478 384 367 390  
  479 127 117 139  
  480 86 106 99  
  481 367 346 370  
  482 362 384 383  
  483 106 127 118  
  484 97 86 80  
  485 80 86 69  
  486 69 86 81  
  487 80 69 63  
  488 576 588 567  
  489 219 239 220  
  490 219 220 199  
  491 199 220 203  
  492 219 199 201  
  493 262 238 242  
  494 593 576 584  
  495 238 219 223  
  496 258 262 278  
  497 530 538 513  
  498 352 329 335  
  499 63 69 53  
  500 306 324 300  
  501 81 86 99  
  502 81 99 93  
  503 93 99 113  
  504 81 93 76  
  505 101 85 112  
  506 346 352 370  
  507 370 352 376  
  508 376 352 358  
  509 370 376 394  
  510 80 63 71  
  511 329 306 310  
  512 69 81 65  
  513 565 577 568  
  514 568 577 585  
  515 257 271 246  
  516 203 220 224  
  517 203 224 206  
  518 306 300 282  
  519 135 125 112  
  520 297 276 283  
  521 201 199 180  
  522 581 565 567  
  523 276 257 261  
  524 199 203 181  
  525 143 135 156  
  526 305 297 328  
  527 219 201 223  
  528 223 201 204  
  529 204 201 182  
  530 223 204 226  
  531 28 30 44  
  532 460 476 483  
  533 76 93 90  
  534 454 475 476  
  535 198 197 179  
  536 394 376 397  
  537 20 19 28  
  538 432 445 421  
  539 358 352 335  
  540 358 335 338  
  541 338 335 313  
  542 358 338 363  
  543 117 128 139  
  544 139 147 158  
  545 218 198 221  
  546 445 460 466  
  547 81 76 65  
  548 65 76 62  
  549 62 76 74  
  550 65 62 50  
  551 370 394 390  
  552 390 394 411  
  553 10 20 15  
  554 113 99 118  
  555 113 118 137  
  556 376 358 378  
  557 93 113 108  
  558 458 467 443  
  559 332 317 309  
  560 223 226 242  
  561 242 226 249  
  562 65 50 53  
  563 53 50 42  
  564 393 417 401  
  565 204 182 188  
  566 62 74 59  
  567 482 458 474  
  568 182 201 180  
  569 182 180 163  
  570 163 180 162  
  571 182 163 166  
  572 74 76 90  
  573 74 90 88  
  574 88 90 103  
  575 74 88 73  
  576 317 343 330  
  577 226 204 209  
  578 50 62 49  
  579 313 335 310  
  580 313 310 291  
  581 363 338 347  
  582 162 180 181  
  583 162 181 164  
  584 166 163 146  
  585 338 313 321  
  586 358 363 378  
  587 378 363 387  
  588 387 363 371  
  589 378 387 403  
  590 163 162 141  
  591 182 166 188  
  592 188 166 170  
  593 170 166 152  
  594 188 170 192  
  595 8 5 3  
  596 8 3 10  
  597 8 10 15  
  598 382 383 404  
  599 103 90 108  
  600 103 108 123  
  601 387 371 396  
  602 25 29 21  
  603 319 318 294  
  604 88 103 105  
  605 378 403 397  
  606 397 403 420  
  607 11 8 15  
  608 11 15 21  
  609 11 21 23  
  610 21 15 25  
  611 360 362 383  
  612 371 363 347  
  613 371 347 356  
  614 356 347 331  
  615 371 356 379  
  616 403 387 410  
  617 39 25 40  
  618 174 193 178  
  619 203 206 183  
  620 188 192 209  
  621 209 192 212  
  622 371 379 396  
  623 396 379 405  
  624 405 379 391  
  625 396 405 418  
  626 568 553 565  
  627 565 553 546  
  628 546 553 535  
  629 565 546 567  
  630 535 553 547  
  631 546 535 527  
  632 170 152 154  
  633 356 331 339  
  634 152 166 146  
  635 152 146 123  
  636 331 347 321  
  637 331 321 308  
  638 206 224 227  
  639 192 170 177  
  640 379 356 365  
  641 263 283 261  
  642 261 283 276  
  643 200 213 225  
  644 242 249 264  
  645 391 379 365  
  646 391 365 377  
  647 377 365 351  
  648 391 377 399  
  649 350 374 353  
  650 231 211 229  
  651 231 229 253  
  652 113 137 126  
  653 418 405 428  
  654 374 401 381  
  655 193 200 178  
  656 178 200 186  
  657 186 200 210  
  658 178 186 158  
  659 137 118 145  
  660 405 391 415  
  661 368 350 343  
  662 213 231 237  
  663 249 226 228  
  664 396 418 410  
  665 410 418 433  
  666 324 320 300  
  667 491 512 494  
  668 220 240 224  
  669 291 310 287  
  670 75 73 92  
  671 411 394 416  
  672 123 108 126  
  673 126 108 113  
  674 123 126 152  
  675 377 351 361  
  676 300 298 278  
  677 278 298 277  
  678 278 277 258  
  679 73 57 59  
  680 164 181 183  
  681 183 181 203  
  682 164 183 167  
  683 167 183 187  
  684 164 167 148  
  685 351 365 339  
  686 351 339 327  
  687 224 244 227  
  688 106 118 99  
  689 42 50 37  
  690 391 399 415  
  691 415 399 423  
  692 423 399 412  
  693 415 423 436  
  694 390 411 408  
  695 313 291 296  
  696 399 377 388  
  697 513 491 496  
  698 118 127 145  
  699 103 123 122  
  700 244 261 247  
  701 162 164 142  
  702 68 64 85  
  703 87 80 71  
  704 87 71 78  
  705 78 71 60  
  706 60 71 63  
  707 78 60 70  
  708 43 60 44  
  709 53 42 44  
  710 390 367 370  
  711 53 69 65  
  712 143 156 171  
  713 584 576 569  
  714 546 527 542  
  715 567 588 581  
  716 436 423 449  
  717 278 262 282  
  718 397 420 416  
  719 397 416 394  
  720 416 420 438  
  721 438 420 442  
  722 416 438 434  
  723 112 85 95  
  724 306 282 287  
  725 287 282 264  
  726 264 282 262  
  727 90 93 108  
  728 331 308 315  
  729 242 238 223  
  730 329 310 335  
  731 209 212 228  
  732 209 228 226  
  733 228 212 235  
  734 235 212 222  
  735 228 235 251  
  736 199 181 180  
  737 384 390 408  
  738 63 53 44  
  739 28 44 42  
  740 593 584 601  
  741 282 300 278  
  742 308 321 296  
  743 296 321 313  
  744 308 296 284  
  745 284 296 273  
  746 308 284 290  
  747 576 567 561  
  748 310 306 287  
  749 412 399 388  
  750 412 388 400  
  751 400 388 381  
  752 400 381 401  
  753 412 400 421  
  754 421 400 401  
  755 423 412 435  
  756 101 112 125  
  757 212 192 196  
  758 415 436 428  
  759 428 436 451  
  760 262 242 264  
  761 15 20 25  
  762 527 535 511  
  763 156 135 144  
  764 420 403 427  
  765 483 476 495  
  766 347 338 321  
  767 228 251 249  
  768 249 251 268  
  769 268 251 273  
  770 249 268 264  
  771 264 268 287  
  772 287 268 291  
  773 443 467 448  
  774 192 177 196  
  775 196 177 185  
  776 185 177 161  
  777 196 185 208  
  778 161 177 154  
  779 161 154 137  
  780 185 161 169  
  781 208 185 190  
  782 196 208 222  
  783 158 147 174  
  784 474 458 453  
  785 154 152 126  
  786 164 148 142  
  787 397 376 378  
  788 410 433 427  
  789 410 427 403  
  790 427 433 450  
  791 450 433 456  
  792 427 450 442  
  793 442 450 469  
  794 469 450 470  
  795 442 469 461  
  796 451 436 459  
  797 404 383 413  
  798 273 296 291  
  799 273 291 268  
  800 466 460 483  
  801 209 204 188  
  802 434 438 455  
  803 179 197 171  
  804 179 171 156  
  805 146 163 141  
  806 290 284 269  
  807 309 317 292  
  808 186 210 194  
  809 221 198 205  
  810 330 343 350  
  811 105 103 122  
  812 105 122 124  
  813 124 122 141  
  814 105 124 109  
  815 109 124 129  
  816 105 109 92  
  817 351 327 337  
  818 421 445 435  
  819 435 445 457  
  820 49 62 59  
  821 167 187 173  
  822 59 74 73  
  823 141 162 142  
  824 141 142 124  
  825 235 222 245  
  826 410 387 396  
  827 284 273 260  
  828 458 443 430  
  829 210 200 225  
  830 210 225 230  
  831 230 225 248  
  832 210 230 216  
  833 248 225 237  
  834 230 248 254  
  835 216 230 241  
  836 210 216 194  
  837 194 214 190  
  838 139 158 153  
  839 482 474 503  
  840 327 339 315  
  841 315 339 331  
  842 327 315 303  
  843 303 315 290  
  844 327 303 311  
  845 303 290 275  
  846 187 183 206  
  847 187 206 205  
  848 187 205 173  
  849 428 451 441  
  850 442 420 427  
  851 40 25 32  
  852 416 434 411  
  853 411 434 430  
  854 222 212 196  
  855 198 179 173  
  856 177 170 154  
  857 308 290 315  
  858 332 309 322  
  859 433 418 441  
  860 433 441 456  
  861 218 221 246  
  862 317 330 307  
  863 88 105 92  
  864 438 442 461  
  865 382 404 419  
  866 148 167 144  
  867 148 144 131  
  868 131 144 135  
  869 148 131 129  
  870 129 131 111  
  871 111 131 112  
  872 129 111 109  
  873 109 111 92  
  874 50 49 37  
  875 37 49 40  
  876 40 49 59  
  877 251 235 260  
  878 365 356 339  
  879 122 123 146  
  880 432 401 417  
  881 432 421 401  
  882 92 73 88  
  883 430 443 413  
  884 237 231 255  
  885 388 377 361  
  886 205 198 173  
  887 361 351 337  
  888 361 337 353  
  889 30 33 43  
  890 30 43 44  
  891 474 453 478  
  892 311 303 288  
  893 374 381 353  
  894 546 542 567  
  895 494 512 523  
  896 185 169 190  
  897 167 173 144  
  898 527 511 509  
  899 129 124 142  
  900 584 569 586  
  901 483 495 505  
  902 317 307 292  
  903 418 428 441  
  904 95 85 75  
  905 225 213 237  
  906 496 491 469  
  907 576 561 569  
  908 350 353 334  
  909 436 449 459  
  910 459 449 468  
  911 468 449 457  
  912 459 468 485  
  913 457 449 435  
  914 457 445 466  
  915 457 466 484  
  916 484 466 483  
  917 457 484 468  
  918 468 484 489  
  919 489 484 504  
  920 468 489 485  
  921 485 489 506  
  922 506 489 516  
  923 485 506 490  
  924 489 504 516  
  925 506 516 524  
  926 490 506 509  
  927 509 506 524  
  928 490 509 511  
  929 485 490 472  
  930 484 483 505  
  931 484 505 504  
  932 459 485 472  
  933 459 472 451  
  934 451 472 465  
  935 465 472 487  
  936 451 465 441  
  937 441 465 456  
  938 487 472 490  
  939 487 490 511  
  940 465 487 480  
  941 524 516 532  
  942 480 487 502  
  943 465 480 456  
  944 153 158 172  
  945 42 37 28  
  946 408 411 430  
  947 156 144 173  
  948 275 290 269  
  949 244 247 227  
  950 208 190 214  
  951 174 178 158  
  952 75 92 95  
  953 95 92 111  
  954 95 111 112  
  955 495 476 492  
  956 495 492 515  
  957 515 534 528  
  958 515 528 526  
  959 495 515 505  
  960 526 528 545  
  961 515 526 505  
  962 545 543 556  
  963 526 545 540  
  964 540 545 559  
  965 526 540 521  
  966 559 545 563  
  967 540 559 554  
  968 521 540 537  
  969 526 521 505  
  970 563 545 556  
  971 563 570 579  
  972 563 579 580  
  973 554 559 571  
  974 537 540 554  
  975 559 563 580  
  976 521 537 516  
  977 428 405 415  
  978 423 435 449  
  979 221 205 227  
  980 511 535 520  
  981 309 292 285  
  982 137 145 161  
  983 561 567 542  
  984 247 261 257  
  985 247 257 236  
  986 236 257 246  
  987 247 236 227  
  988 458 430 453  
  989 491 494 477  
  990 542 527 524  
  991 307 330 312  
  992 139 153 127  
  993 327 311 337  
  994 513 496 517  
  995 169 161 145  
  996 206 227 205  
  997 186 194 172  
  998 186 172 158  
  999 435 412 421  
  1000 126 137 154  
  1001 303 275 288  
  1002 288 275 266  
  1003 266 275 256  
  1004 288 266 274  
  1005 256 275 269  
  1006 266 256 243  
  1007 274 266 241  
  1008 288 274 302  
  1009 243 256 232  
  1010 266 243 241  
  1011 288 302 311  
  1012 311 302 326  
  1013 326 302 312  
  1014 311 326 337  
  1015 337 326 353  
  1016 312 302 289  
  1017 326 312 334  
  1018 334 312 330  
  1019 326 334 353  
  1020 289 302 274  
  1021 289 274 254  
  1022 312 289 307  
  1023 450 456 470  
  1024 470 456 480  
  1025 245 222 232  
  1026 245 232 256  
  1027 571 559 580  
  1028 571 580 586  
  1029 455 438 461  
  1030 502 487 511  
  1031 285 292 270  
  1032 270 292 281  
  1033 285 270 255  
  1034 281 292 307  
  1035 270 281 254  
  1036 237 255 270  
  1037 208 214 232  
  1038 517 496 499  
  1039 499 496 470  
  1040 517 499 520  
  1041 254 248 270  
  1042 532 516 537  
  1043 532 537 550  
  1044 550 537 554  
  1045 550 554 569  
  1046 532 550 561  
  1047 513 517 530  
  1048 530 517 520  
  1049 461 469 477  
  1050 461 477 455  
  1051 260 273 251  
  1052 350 334 330  
  1053 269 284 260  
  1054 32 25 20  
  1055 477 494 478  
  1056 478 494 498  
  1057 477 478 455  
  1058 498 494 523  
  1059 478 498 474  
  1060 413 383 384  
  1061 241 230 254  
  1062 520 535 547  
  1063 243 232 214  
  1064 469 470 496  
  1065 235 245 260  
  1066 480 502 499  
  1067 499 502 520  
  1068 520 502 511  
  1069 434 455 453  
  1070 309 285 295  
  1071 554 571 569  
  1072 524 532 542  
  1073 40 32 37  
  1074 37 32 28  
  1075 153 172 165  
  1076 165 172 194  
  1077 153 165 145  
  1078 214 194 216  
  1079 255 231 253  
  1080 255 253 272  
  1081 491 477 469  
  1082 404 413 426  
  1083 426 413 443  
  1084 404 426 419  
  1085 216 241 214  
  1086 39 40 57  
  1087 57 40 59  
  1088 527 509 524  
  1089 256 269 245  
  1090 222 208 232  
  1091 248 237 270  
  1092 269 260 245  
  1093 241 254 274  
  1094 453 430 434  
  1095 281 307 289  
  1096 569 561 550  
  1097 236 246 221  
  1098 236 221 227  
  1099 281 289 254  
  1100 388 361 381  
  1101 516 504 521  
  1102 470 480 499  
  1103 353 381 361  
  1104 190 165 194  
  1105 129 142 148  
  1106 146 141 122  
  1107 476 475 492  
  1108 173 179 156  
  1109 145 127 153  
  1110 384 408 413  
  1111 426 443 448  
  1112 426 448 419  
  1113 584 586 601  
  1114 571 586 569  
  1115 505 521 504  
  1116 272 295 285  
  1117 295 322 309  
  1118 322 348 332  
  1119 455 478 453  
  1120 561 542 532  
  1121 413 408 430  
  1122 255 272 285  
  1123 20 28 32  
  1124 60 63 44  
  1125 243 214 241  
  1126 547 530 520  
  1127 503 474 498  
  1128 503 498 522  
  1129 145 165 169  
  1130 169 165 190  
  1131 131 135 112  
  END_ELEMENTS  
  COORDINATES  
   1   5.152542e+00  3.240496e+00   
   2   5.016949e+00  3.197232e+00   
   3   5.129677e+00  3.078045e+00   
   4   5.355932e+00  3.263777e+00   
   5   5.362519e+00  3.118891e+00   
   6   4.881356e+00  3.125352e+00   
   7   4.922254e+00  3.025089e+00   
   8   5.297046e+00  2.950448e+00   
   9   5.559322e+00  3.247605e+00   
   10   5.163300e+00  2.821600e+00   
   11   5.468075e+00  2.936246e+00   
   12   4.966734e+00  2.836929e+00   
   13   4.745763e+00  3.016389e+00   
   14   5.598514e+00  3.085335e+00   
   15   5.361660e+00  2.797456e+00   
   16   4.793042e+00  2.896587e+00   
   17   5.700919e+00  3.217172e+00   
   18   4.669907e+00  2.934343e+00   
   19   5.043602e+00  2.664930e+00   
   20   5.241083e+00  2.638111e+00   
   21   5.565471e+00  2.786729e+00   
   22   4.836657e+00  2.707300e+00   
   23   5.723475e+00  2.904967e+00   
   24   4.664825e+00  2.752948e+00   
   25   5.514242e+00  2.614019e+00   
   26   4.567929e+00  2.792929e+00   
   27   5.898305e+00  3.151989e+00   
   28   5.138499e+00  2.465115e+00   
   29   5.717761e+00  2.706118e+00   
   30   4.886250e+00  2.500930e+00   
   31   5.914363e+00  2.972512e+00   
   32   5.395512e+00  2.470083e+00   
   33   4.649244e+00  2.551472e+00   
   34   5.887092e+00  2.795625e+00   
   35   4.488580e+00  2.651515e+00   
   36   6.033898e+00  3.092888e+00   
   37   5.321542e+00  2.341360e+00   
   38   6.029045e+00  2.917092e+00   
   39   5.739347e+00  2.509382e+00   
   40   5.578856e+00  2.390256e+00   
   41   5.894486e+00  2.632275e+00   
   42   5.159923e+00  2.257410e+00   
   43   4.699260e+00  2.353456e+00   
   44   4.944528e+00  2.255708e+00   
   45   4.424457e+00  2.510101e+00   
   46   6.169492e+00  3.022934e+00   
   47   4.544678e+00  2.384056e+00   
   48   6.070679e+00  2.724757e+00   
   49   5.473068e+00  2.222285e+00   
   50   5.289155e+00  2.144079e+00   
   51   5.924466e+00  2.435060e+00   
   52   6.064534e+00  2.528929e+00   
   53   5.105890e+00  2.080789e+00   
   54   6.239112e+00  2.829321e+00   
   55   4.371172e+00  2.368687e+00   
   56   4.515788e+00  2.250286e+00   
   57   5.834343e+00  2.270690e+00   
   58   6.305085e+00  2.942322e+00   
   59   5.629490e+00  2.136349e+00   
   60   4.718904e+00  2.100622e+00   
   61   6.229831e+00  2.634112e+00   
   62   5.448328e+00  2.023972e+00   
   63   4.920209e+00  1.993645e+00   
   64   6.070934e+00  2.329284e+00   
   65   5.266787e+00  1.945934e+00   
   66   4.325967e+00  2.227273e+00   
   67   6.422121e+00  2.863636e+00   
   68   6.240168e+00  2.435391e+00   
   69   5.080068e+00  1.874852e+00   
   70   4.434749e+00  2.067625e+00   
   71   4.768739e+00  1.915197e+00   
   72   6.447529e+00  2.700392e+00   
   73   5.830900e+00  2.004001e+00   
   74   5.611446e+00  1.906892e+00   
   75   6.061221e+00  2.130674e+00   
   76   5.416760e+00  1.828907e+00   
   77   6.518742e+00  2.792929e+00   
   78   4.593140e+00  1.903333e+00   
   79   6.431458e+00  2.533453e+00   
   80   4.900153e+00  1.795492e+00   
   81   5.234273e+00  1.748805e+00   
   82   4.271186e+00  2.020239e+00   
   83   4.407287e+00  1.913658e+00   
   84   6.416887e+00  2.353814e+00   
   85   6.302987e+00  2.187007e+00   
   86   5.047001e+00  1.681011e+00   
   87   4.712899e+00  1.725997e+00   
   88   5.761497e+00  1.779426e+00   
   89   6.644068e+00  2.692387e+00   
   90   5.576511e+00  1.708869e+00   
   91   6.623541e+00  2.563299e+00   
   92   6.028187e+00  1.877205e+00   
   93   5.392441e+00  1.631103e+00   
   94   4.239093e+00  1.873737e+00   
   95   6.234929e+00  1.998996e+00   
   96   6.568522e+00  2.395613e+00   
   97   4.865798e+00  1.598735e+00   
   98   4.516264e+00  1.696899e+00   
   99   5.207670e+00  1.562325e+00   
   100   4.345082e+00  1.748394e+00   
   101   6.541302e+00  2.217605e+00   
   102   6.769849e+00  2.580808e+00   
   103   5.730730e+00  1.582315e+00   
   104   6.731587e+00  2.463105e+00   
   105   5.917246e+00  1.654159e+00   
   106   5.024208e+00  1.483313e+00   
   107   4.677879e+00  1.533467e+00   
   108   5.547423e+00  1.504968e+00   
   109   6.100981e+00  1.732209e+00   
   110   6.669074e+00  2.299342e+00   
   111   6.239437e+00  1.802417e+00   
   112   6.433964e+00  1.968176e+00   
   113   5.360479e+00  1.434390e+00   
   114   4.203390e+00  1.682617e+00   
   115   4.359378e+00  1.575060e+00   
   116   6.847458e+00  2.506602e+00   
   117   4.839724e+00  1.417119e+00   
   118   5.178032e+00  1.355880e+00   
   119   6.832188e+00  2.363532e+00   
   120   4.501682e+00  1.444708e+00   
   121   6.763171e+00  2.200840e+00   
   122   5.890487e+00  1.462100e+00   
   123   5.706411e+00  1.384061e+00   
   124   6.075415e+00  1.534228e+00   
   125   6.680589e+00  2.032715e+00   
   126   5.521175e+00  1.315468e+00   
   127   4.990462e+00  1.287188e+00   
   128   4.657088e+00  1.337275e+00   
   129   6.259976e+00  1.611036e+00   
   130   4.178018e+00  1.520202e+00   
   131   6.402395e+00  1.699981e+00   
   132   4.311540e+00  1.411722e+00   
   133   6.979654e+00  2.368687e+00   
   134   6.931566e+00  2.254460e+00   
   135   6.636106e+00  1.838514e+00   
   136   6.857608e+00  2.093954e+00   
   137   5.364789e+00  1.193701e+00   
   138   4.472585e+00  1.296636e+00   
   139   4.795932e+00  1.194260e+00   
   140   7.050847e+00  2.288108e+00   
   141   6.097969e+00  1.315431e+00   
   142   6.267896e+00  1.408000e+00   
   143   6.836897e+00  1.904360e+00   
   144   6.593681e+00  1.643115e+00   
   145   5.161262e+00  1.087458e+00   
   146   5.918134e+00  1.218176e+00   
   147   4.602095e+00  1.147805e+00   
   148   6.450279e+00  1.506252e+00   
   149   7.027563e+00  2.142400e+00   
   150   4.150359e+00  1.308081e+00   
   151   4.289515e+00  1.221365e+00   
   152   5.747605e+00  1.125884e+00   
   153   4.933780e+00  1.049412e+00   
   154   5.556026e+00  1.054483e+00   
   155   4.415470e+00  1.126095e+00   
   156   6.784063e+00  1.704232e+00   
   157   7.023795e+00  1.991040e+00   
   158   4.739380e+00  1.002597e+00   
   159   7.158116e+00  2.156566e+00   
   160   4.134944e+00  1.166667e+00   
   161   5.397038e+00  9.362766e-01   
   162   6.266555e+00  1.208074e+00   
   163   6.089750e+00  1.115734e+00   
   164   6.440244e+00  1.306668e+00   
   165   5.071567e+00  9.044512e-01   
   166   5.915687e+00  1.018324e+00   
   167   6.617798e+00  1.397293e+00   
   168   4.270011e+00  1.030733e+00   
   169   5.246791e+00  8.610479e-01   
   170   5.740055e+00  9.264760e-01   
   171   7.039219e+00  1.765704e+00   
   172   4.877132e+00  8.576135e-01   
   173   6.796769e+00  1.486471e+00   
   174   4.443143e+00  9.339386e-01   
   175   7.254237e+00  2.028497e+00   
   176   7.186149e+00  1.908986e+00   
   177   5.565494e+00  8.290904e-01   
   178   4.615164e+00  8.321167e-01   
   179   6.982758e+00  1.576491e+00   
   180   6.256265e+00  1.008874e+00   
   181   6.437817e+00  1.106961e+00   
   182   6.088021e+00  9.178874e-01   
   183   6.605227e+00  1.198345e+00   
   184   4.116068e+00  9.545455e-01   
   185   5.389601e+00  7.367495e-01   
   186   4.765143e+00  7.483235e-01   
   187   6.747195e+00  1.282572e+00   
   188   5.910717e+00  8.256926e-01   
   189   7.322034e+00  1.930294e+00   
   190   5.210699e+00  6.850316e-01   
   191   4.269866e+00  8.374047e-01   
   192   5.737312e+00  7.269435e-01   
   193   4.440799e+00  7.343628e-01   
   194   4.959811e+00  6.304583e-01   
   195   7.291321e+00  1.730299e+00   
   196   5.559978e+00  6.345878e-01   
   197   7.180721e+00  1.549230e+00   
   198   7.058673e+00  1.391641e+00   
   199   6.428376e+00  9.073714e-01   
   200   4.613847e+00  6.347199e-01   
   201   6.255067e+00  8.090649e-01   
   202   7.403031e+00  1.803030e+00   
   203   6.605594e+00  9.984440e-01   
   204   6.079507e+00  7.187038e-01   
   205   6.937821e+00  1.232337e+00   
   206   6.778359e+00  1.098415e+00   
   207   4.101498e+00  7.424242e-01   
   208   5.385718e+00  5.371217e-01   
   209   5.905495e+00  6.204361e-01   
   210   4.785525e+00  5.324358e-01   
   211   4.270784e+00  6.390581e-01   
   212   5.728735e+00  5.273594e-01   
   213   4.440485e+00  5.356244e-01   
   214   5.210706e+00  4.403608e-01   
   215   7.374875e+00  1.514247e+00   
   216   4.958304e+00  4.319317e-01   
   217   7.484830e+00  1.661616e+00   
   218   7.256477e+00  1.367075e+00   
   219   6.428167e+00  7.103913e-01   
   220   6.593245e+00  7.995777e-01   
   221   7.136227e+00  1.207474e+00   
   222   5.554944e+00  4.286615e-01   
   223   6.250245e+00  6.195325e-01   
   224   6.777180e+00  8.988141e-01   
   225   4.613121e+00  4.347998e-01   
   226   6.077882e+00  5.193449e-01   
   227   6.950971e+00  9.975918e-01   
   228   5.899907e+00  4.282873e-01   
   229   4.090867e+00  5.303030e-01   
   230   4.784676e+00  3.329030e-01   
   231   4.265490e+00  4.394429e-01   
   232   5.374319e+00  3.069495e-01   
   233   7.444864e+00  1.380784e+00   
   234   7.558647e+00  1.520202e+00   
   235   5.727557e+00  3.279168e-01   
   236   7.181281e+00  1.057456e+00   
   237   4.436414e+00  3.357445e-01   
   238   6.418308e+00  5.115203e-01   
   239   6.593772e+00  5.998376e-01   
   240   6.766039e+00  6.993844e-01   
   241   4.957301e+00  2.319633e-01   
   242   6.245064e+00  4.120293e-01   
   243   5.200498e+00  2.080640e-01   
   244   6.943826e+00  7.886985e-01   
   245   5.553942e+00  2.286985e-01   
   246   7.361370e+00  1.140144e+00   
   247   7.093375e+00  8.831133e-01   
   248   4.610447e+00  2.349339e-01   
   249   6.067909e+00  3.199277e-01   
   250   7.624808e+00  1.378788e+00   
   251   5.900896e+00  2.284281e-01   
   252   7.538267e+00  1.244624e+00   
   253   4.083916e+00  3.181818e-01   
   254   4.782454e+00  1.329444e-01   
   255   4.261111e+00  2.395105e-01   
   256   5.372979e+00  1.069735e-01   
   257   7.281852e+00  8.955144e-01   
   258   6.589146e+00  4.145570e-01   
   259   6.767899e+00  5.035827e-01   
   260   5.724853e+00  1.068617e-01   
   261   7.112540e+00  7.250946e-01   
   262   6.418231e+00  3.124050e-01   
   263   6.928661e+00  5.903165e-01   
   264   6.236382e+00  2.123013e-01   
   265   7.683710e+00  1.237374e+00   
   266   5.199461e+00  8.144659e-03   
   267   7.573946e+00  1.084520e+00   
   268   6.067624e+00  1.222758e-01   
   269   5.548766e+00  9.960883e-03   
   270   4.524885e+00  3.079054e-02   
   271   7.478050e+00  8.837041e-01   
   272   4.080480e+00  1.060606e-01   
   273   5.895582e+00  2.750318e-03   
   274   5.027607e+00 -9.354771e-02   
   275   5.370725e+00 -9.270192e-02   
   276   7.325176e+00  7.010381e-01   
   277   6.756202e+00  3.051471e-01   
   278   6.592548e+00  2.148067e-01   
   279   7.735802e+00  1.095960e+00   
   280   6.931517e+00  3.906982e-01   
   281   4.683608e+00 -9.089263e-02   
   282   6.405096e+00  1.054679e-01   
   283   7.148995e+00  5.134615e-01   
   284   5.720160e+00 -9.305262e-02   
   285   4.340147e+00 -4.583198e-02   
   286   7.632788e+00  9.318513e-01   
   287   6.232599e+00  9.813995e-03   
   288   5.202131e+00 -1.905869e-01   
   289   4.858715e+00 -1.915091e-01   
   290   5.545357e+00 -1.899795e-01   
   291   6.061317e+00 -9.330886e-02   
   292   4.498865e+00 -1.675072e-01   
   293   7.652878e+00  7.802198e-01   
   294   6.927198e+00  2.112612e-01   
   295   4.080480e+00 -1.060606e-01   
   296   5.890415e+00 -1.970605e-01   
   297   7.376551e+00  5.085322e-01   
   298   6.757597e+00  1.034237e-01   
   299   7.796610e+00  8.997735e-01   
   300   6.580861e+00  1.043668e-02   
   301   7.106996e+00  2.978040e-01   
   302   5.030699e+00 -2.934459e-01   
   303   5.374151e+00 -2.925703e-01   
   304   7.261526e+00  3.807471e-01   
   305   7.553286e+00  6.171066e-01   
   306   6.411335e+00 -9.424535e-02   
   307   4.658050e+00 -2.906269e-01   
   308   5.716918e+00 -2.925361e-01   
   309   4.314165e+00 -2.441275e-01   
   310   6.236021e+00 -1.900864e-01   
   311   5.199896e+00 -3.905529e-01   
   312   4.856690e+00 -3.914229e-01   
   313   6.065834e+00 -2.929762e-01   
   314   7.722540e+00  6.455603e-01   
   315   5.545373e+00 -3.952589e-01   
   316   7.835972e+00  7.424242e-01   
   317   4.472738e+00 -3.657547e-01   
   318   7.092937e+00  1.001412e-01   
   319   6.923785e+00 -5.711139e-03   
   320   6.750302e+00 -9.526121e-02   
   321   5.891218e+00 -3.902013e-01   
   322   4.083916e+00 -3.181818e-01   
   323   7.267443e+00  1.815072e-01   
   324   6.580209e+00 -1.999069e-01   
   325   7.417655e+00  2.793907e-01   
   326   5.029080e+00 -4.922213e-01   
   327   5.372031e+00 -4.922135e-01   
   328   7.570641e+00  3.802555e-01   
   329   6.407036e+00 -2.934040e-01   
   330   4.630325e+00 -4.886571e-01   
   331   5.720191e+00 -4.923064e-01   
   332   4.288647e+00 -4.423381e-01   
   333   7.865365e+00  6.010101e-01   
   334   4.883657e+00 -5.372482e-01   
   335   6.236092e+00 -3.968386e-01   
   336   7.742780e+00  4.530165e-01   
   337   5.200035e+00 -5.942114e-01   
   338   6.062976e+00 -4.923921e-01   
   339   5.546061e+00 -5.904857e-01   
   340   6.923227e+00 -1.858848e-01   
   341   7.264798e+00  1.332720e-02   
   342   7.100773e+00 -9.786590e-02   
   343   4.444896e+00 -5.631863e-01   
   344   6.756365e+00 -2.939876e-01   
   345   7.444987e+00  9.545714e-02   
   346   6.580273e+00 -3.867828e-01   
   347   5.891409e+00 -5.949032e-01   
   348   4.090867e+00 -5.303030e-01   
   349   7.580399e+00  1.624259e-01   
   350   4.730350e+00 -6.656524e-01   
   351   5.374425e+00 -6.920593e-01   
   352   6.411472e+00 -4.925597e-01   
   353   4.965627e+00 -6.967446e-01   
   354   7.753173e+00  2.610610e-01   
   355   7.896752e+00  3.888889e-01   
   356   5.718327e+00 -6.919011e-01   
   357   4.270784e+00 -6.390581e-01   
   358   6.236270e+00 -5.876226e-01   
   359   7.248507e+00 -1.784393e-01   
   360   7.091707e+00 -2.902124e-01   
   361   5.200642e+00 -7.909112e-01   
   362   6.916280e+00 -3.853070e-01   
   363   6.066206e+00 -6.918025e-01   
   364   7.429956e+00 -9.592612e-02   
   365   5.546320e+00 -7.937536e-01   
   366   4.386171e+00 -7.438042e-01   
   367   6.750432e+00 -4.900559e-01   
   368   4.578027e+00 -7.946760e-01   
   369   7.584473e+00 -3.644126e-02   
   370   6.575487e+00 -5.864875e-01   
   371   5.891654e+00 -7.884590e-01   
   372   7.754031e+00  6.530871e-02   
   373   4.101498e+00 -7.424242e-01   
   374   4.764636e+00 -8.623087e-01   
   375   7.914955e+00  1.767677e-01   
   376   6.407404e+00 -6.898268e-01   
   377   5.373263e+00 -8.917792e-01   
   378   6.233028e+00 -7.874292e-01   
   379   5.720698e+00 -8.914903e-01   
   380   4.269866e+00 -8.374047e-01   
   381   4.950990e+00 -9.346588e-01   
   382   7.270645e+00 -3.753650e-01   
   383   7.106749e+00 -4.891878e-01   
   384   6.925848e+00 -5.841234e-01   
   385   7.443675e+00 -2.994663e-01   
   386   7.585471e+00 -2.173489e-01   
   387   6.063480e+00 -8.898834e-01   
   388   5.200948e+00 -9.931699e-01   
   389   4.443143e+00 -9.339386e-01   
   390   6.756285e+00 -6.897322e-01   
   391   5.546616e+00 -9.892799e-01   
   392   7.761088e+00 -1.253807e-01   
   393   4.609400e+00 -9.859966e-01   
   394   6.582161e+00 -7.857064e-01   
   395   7.919537e+00 -3.535354e-02   
   396   5.889523e+00 -9.883294e-01   
   397   6.411469e+00 -8.896183e-01   
   398   4.116068e+00 -9.545455e-01   
   399   5.375030e+00 -1.091495e+00   
   400   5.034692e+00 -1.099375e+00   
   401   4.830976e+00 -1.105508e+00   
   402   4.270011e+00 -1.030733e+00   
   403   6.237833e+00 -9.868980e-01   
   404   7.269409e+00 -5.776134e-01   
   405   5.718930e+00 -1.090153e+00   
   406   7.610336e+00 -3.809618e-01   
   407   4.452069e+00 -1.108419e+00   
   408   6.927737e+00 -7.925661e-01   
   409   7.756152e+00 -3.181826e-01   
   410   6.066440e+00 -1.089743e+00   
   411   6.752831e+00 -8.894087e-01   
   412   5.201282e+00 -1.190081e+00   
   413   7.117936e+00 -7.405522e-01   
   414   7.910386e+00 -2.474747e-01   
   415   5.545269e+00 -1.189193e+00   
   416   6.577555e+00 -9.855799e-01   
   417   4.638905e+00 -1.206999e+00   
   418   5.892998e+00 -1.187968e+00   
   419   7.542463e+00 -5.611815e-01   
   420   6.409308e+00 -1.089365e+00   
   421   4.989264e+00 -1.273458e+00   
   422   4.134944e+00 -1.166667e+00   
   423   5.373938e+00 -1.290568e+00   
   424   4.289515e+00 -1.221365e+00   
   425   7.723920e+00 -5.086298e-01   
   426   7.304024e+00 -7.738481e-01   
   427   6.234725e+00 -1.186813e+00   
   428   5.721113e+00 -1.290058e+00   
   429   4.472585e+00 -1.296636e+00   
   430   6.992938e+00 -9.732412e-01   
   431   7.887724e+00 -4.595960e-01   
   432   4.815801e+00 -1.363146e+00   
   433   6.065072e+00 -1.289570e+00   
   434   6.780874e+00 -1.084640e+00   
   435   5.200485e+00 -1.390022e+00   
   436   5.547805e+00 -1.388946e+00   
   437   4.652597e+00 -1.382286e+00   
   438   6.584366e+00 -1.184887e+00   
   439   4.150359e+00 -1.308081e+00   
   440   7.719840e+00 -6.630353e-01   
   441   5.893909e+00 -1.390706e+00   
   442   6.413873e+00 -1.289168e+00   
   443   7.245425e+00 -9.738347e-01   
   444   7.864407e+00 -6.060956e-01   
   445   5.029305e+00 -1.469239e+00   
   446   4.311540e+00 -1.411722e+00   
   447   4.511738e+00 -1.449777e+00   
   448   7.460903e+00 -8.924228e-01   
   449   5.375576e+00 -1.490504e+00   
   450   6.239631e+00 -1.386341e+00   
   451   5.720298e+00 -1.489940e+00   
   452   7.649248e+00 -8.261385e-01   
   453   6.963430e+00 -1.176104e+00   
   454   4.695140e+00 -1.527821e+00   
   455   6.760706e+00 -1.279171e+00   
   456   6.068372e+00 -1.489440e+00   
   457   5.201909e+00 -1.589357e+00   
   458   7.162334e+00 -1.155582e+00   
   459   5.546537e+00 -1.588913e+00   
   460   4.878809e+00 -1.599950e+00   
   461   6.585682e+00 -1.391489e+00   
   462   7.819159e+00 -8.131313e-01   
   463   4.178018e+00 -1.520202e+00   
   464   4.359378e+00 -1.575060e+00   
   465   5.892588e+00 -1.588579e+00   
   466   5.037016e+00 -1.648564e+00   
   467   7.360828e+00 -1.136987e+00   
   468   5.374649e+00 -1.689821e+00   
   469   6.457029e+00 -1.525604e+00   
   470   6.236389e+00 -1.586284e+00   
   471   7.780721e+00 -9.545455e-01   
   472   5.718483e+00 -1.683977e+00   
   473   7.587693e+00 -1.077329e+00   
   474   7.080766e+00 -1.338019e+00   
   475   4.521704e+00 -1.696689e+00   
   476   4.723663e+00 -1.725104e+00   
   477   6.668543e+00 -1.525932e+00   
   478   6.859947e+00 -1.467941e+00   
   479   4.203390e+00 -1.682617e+00   
   480   6.063850e+00 -1.691694e+00   
   481   4.363189e+00 -1.725174e+00   
   482   7.279487e+00 -1.316892e+00   
   483   4.920012e+00 -1.784623e+00   
   484   5.155045e+00 -1.799651e+00   
   485   5.548280e+00 -1.788735e+00   
   486   7.728814e+00 -1.116218e+00   
   487   5.888765e+00 -1.788175e+00   
   488   7.468490e+00 -1.302490e+00   
   489   5.383271e+00 -1.884360e+00   
   490   5.723614e+00 -1.883769e+00   
   491   6.623113e+00 -1.720687e+00   
   492   4.587083e+00 -1.903623e+00   
   493   4.402834e+00 -1.881181e+00   
   494   6.814453e+00 -1.662694e+00   
   495   4.754217e+00 -1.922715e+00   
   496   6.431970e+00 -1.779327e+00   
   497   7.661017e+00 -1.294720e+00   
   498   7.005864e+00 -1.604717e+00   
   499   6.240825e+00 -1.838164e+00   
   500   4.239093e+00 -1.873737e+00   
   501   7.416799e+00 -1.447563e+00   
   502   6.059901e+00 -1.891632e+00   
   503   7.177873e+00 -1.562701e+00   
   504   5.207161e+00 -1.976366e+00   
   505   4.940704e+00 -1.994953e+00   
   506   5.552621e+00 -1.986407e+00   
   507   7.593220e+00 -1.449355e+00   
   508   7.376606e+00 -1.600984e+00   
   509   5.702594e+00 -2.063541e+00   
   510   4.271186e+00 -2.020239e+00   
   511   5.900069e+00 -2.048337e+00   
   512   6.768789e+00 -1.857345e+00   
   513   6.578477e+00 -1.915377e+00   
   514   4.434749e+00 -2.067625e+00   
   515   4.680876e+00 -2.095946e+00   
   516   5.332713e+00 -2.114269e+00   
   517   6.387362e+00 -1.974272e+00   
   518   7.525424e+00 -1.586590e+00   
   519   7.305307e+00 -1.697336e+00   
   520   6.099404e+00 -2.064485e+00   
   521   5.060903e+00 -2.169313e+00   
   522   7.191678e+00 -1.785549e+00   
   523   7.036878e+00 -1.854971e+00   
   524   5.550115e+00 -2.186250e+00   
   525   7.457627e+00 -1.710731e+00   
   526   4.867010e+00 -2.217657e+00   
   527   5.786554e+00 -2.212944e+00   
   528   4.682488e+00 -2.257412e+00   
   529   6.726339e+00 -2.048506e+00   
   530   6.375193e+00 -2.142558e+00   
   531   6.925226e+00 -1.988199e+00   
   532   5.375491e+00 -2.283678e+00   
   533   4.325967e+00 -2.227273e+00   
   534   4.495433e+00 -2.251032e+00   
   535   5.985718e+00 -2.229017e+00   
   536   7.389831e+00 -1.824759e+00   
   537   5.199432e+00 -2.313510e+00   
   538   6.572345e+00 -2.170664e+00   
   539   7.108545e+00 -2.007249e+00   
   540   5.005254e+00 -2.361237e+00   
   541   7.312426e+00 -1.944444e+00   
   542   5.673441e+00 -2.377829e+00   
   543   4.544678e+00 -2.384056e+00   
   544   4.371172e+00 -2.368687e+00   
   545   4.771982e+00 -2.412204e+00   
   546   5.872804e+00 -2.393182e+00   
   547   6.261421e+00 -2.356805e+00   
   548   7.212039e+00 -2.085859e+00   
   549   6.742977e+00 -2.244362e+00   
   550   5.316398e+00 -2.469365e+00   
   551   6.985580e+00 -2.172927e+00   
   552   6.452183e+00 -2.326220e+00   
   553   6.069059e+00 -2.409998e+00   
   554   5.142481e+00 -2.506673e+00   
   555   6.648237e+00 -2.340331e+00   
   556   4.603382e+00 -2.514214e+00   
   557   7.118644e+00 -2.206658e+00   
   558   4.424457e+00 -2.510101e+00   
   559   4.947882e+00 -2.552654e+00   
   560   6.898083e+00 -2.310555e+00   
   561   5.557276e+00 -2.566003e+00   
   562   7.042198e+00 -2.297980e+00   
   563   4.753182e+00 -2.598201e+00   
   564   6.384996e+00 -2.490741e+00   
   565   5.997232e+00 -2.570088e+00   
   566   6.804406e+00 -2.399752e+00   
   567   5.760074e+00 -2.616847e+00   
   568   6.219967e+00 -2.566863e+00   
   569   5.313435e+00 -2.679908e+00   
   570   4.488580e+00 -2.651515e+00   
   571   5.085010e+00 -2.698227e+00   
   572   6.715242e+00 -2.490743e+00   
   573   6.915254e+00 -2.437752e+00   
   574   6.567871e+00 -2.569832e+00   
   575   6.843832e+00 -2.510101e+00   
   576   5.550271e+00 -2.765825e+00   
   577   6.106806e+00 -2.708849e+00   
   578   6.431182e+00 -2.651894e+00   
   579   4.704515e+00 -2.781004e+00   
   580   4.954449e+00 -2.812446e+00   
   581   5.944167e+00 -2.764768e+00   
   582   4.567929e+00 -2.792929e+00   
   583   6.711864e+00 -2.633699e+00   
   584   5.374915e+00 -2.861547e+00   
   585   6.289075e+00 -2.779665e+00   
   586   5.167690e+00 -2.891714e+00   
   587   6.607748e+00 -2.722222e+00   
   588   5.756596e+00 -2.883591e+00   
   589   4.796148e+00 -2.906423e+00   
   590   6.508475e+00 -2.800943e+00   
   591   6.091235e+00 -2.880771e+00   
   592   4.669907e+00 -2.934343e+00   
   593   5.545886e+00 -2.964897e+00   
   594   4.906109e+00 -2.987931e+00   
   595   5.041389e+00 -2.998149e+00   
   596   5.966922e+00 -2.950693e+00   
   597   6.372881e+00 -2.897814e+00   
   598   4.745763e+00 -3.016389e+00   
   599   5.842886e+00 -3.009620e+00   
   600   5.159149e+00 -3.053848e+00   
   601   5.342950e+00 -3.069665e+00   
   602   6.237288e+00 -2.983913e+00   
   603   5.719313e+00 -3.057195e+00   
   604   4.984504e+00 -3.089588e+00   
   605   5.535847e+00 -3.112212e+00   
   606   6.101695e+00 -3.059266e+00   
   607   4.881356e+00 -3.125352e+00   
   608   5.076720e+00 -3.139279e+00   
   609   5.180451e+00 -3.155394e+00   
   610   5.966102e+00 -3.123757e+00   
   611   5.016949e+00 -3.197232e+00   
   612   5.830508e+00 -3.177120e+00   
   613   5.084746e+00 -3.222145e+00   
   614   5.694915e+00 -3.218908e+00   
   615   5.288136e+00 -3.260873e+00   
   616   5.491525e+00 -3.256837e+00   
  END_COORDINATES
  BOUNDARIES, ELEMENT
    1         575     573         1     
    2         611     613         2     
    3         613     615         5     
    4         607     611         8     
    5         140     133         10     
    6         116     102         11     
    7         13     18         12     
    8         592     598         13     
    9         562     557         20     
    10         189     175         21     
    11         77     67         22     
    12         590     587         27     
    13         536     525         32     
    14         587     583         33     
    15         89     77         39     
    16         573     562         40     
    17         583     575         43     
    18         598     607         45     
    19         525     518         46     
    20         67     58         47     
    21         58     46         48     
    22         614     612         49     
    23         150     160         51     
    24         422     439         52     
    25         541     536         53     
    26         1     2         54     
    27         333     316         57     
    28         17     9         58     
    29         133     116         59     
    30         612     610         60     
    31         471     462         65     
    32         102     89         66     
    33         159     140         70     
    34         175     159         71     
    35         36     27         73     
    36         444     431         74     
    37         55     66         75     
    38         533     544         76     
    39         610     606         77     
    40         279     265         78     
    41         82     94         79     
    42         500     510         80     
    43         202     189         81     
    44         217     202         82     
    45         45     55         83     
    46         544     558         84     
    47         557     548         86     
    48         46     36         88     
    49         518     507         93     
    50         265     250         94     
    51         18     26         95     
    52         26     35         96     
    53         6     13         100     
    54         2     6         101     
    55         582     592         102     
    56         570     582         103     
    57         606     602         105     
    58         250     234         107     
    59         35     45         108     
    60         558     570         109     
    61         234     217         110     
    62         602     597         111     
    63         597     590         112     
    64         615     616         113     
    65         316     299         114     
    66         4     1         127     
    67         548     541         129     
    68         114     130         130     
    69         463     479         131     
    70         507     497         142     
    71         486     471         145     
    72         497     486         146     
    73         462     444         153     
    74         66     82         163     
    75         510     533         166     
    76         299     279         209     
    77         130     150         229     
    78         94     114         233     
    79         479     500         237     
    80         439     463         243     
    81         616     614         254     
    82         160     184         259     
    83         398     422         262     
    84         355     333         269     
    85         9     4         271     
    86         375     355         275     
    87         431     414         283     
    88         414     395         285     
    89         184     207         294     
    90         373     398         297     
    91         395     375         300     
    92         27     17         321     
    93         207     229         416     
    94         348     373         428     
    95         229     253         651     
    96         253     272         1080     
    97         272     295         1116     
    98         295     322         1117     
    99         322     348         1118     
  END_BOUNDARIES
  MATERIALS, NUMBER= 1, DEFAULT=1
  END_MATERIALS
  SUBDOMAINS
  END_SUBDOMAINS
  CHARACTERISTICS
  END_CHARACTERISTICS
