  NODES_PER_ELEMENT
   1 4
   2 4
   3 4
   4 4
   5 4
   6 4
   7 4
   8 4
   9 4
   10 4
   11 4
   12 4
   13 4
   14 4
   15 4
   16 4
   17 4
   18 4
   19 4
   20 4
   21 4
   22 4
   23 4
   24 4
   25 4
   26 4
   27 4
   28 4
   29 4
   30 4
   31 4
   32 4
   33 4
   34 4
   35 4
   36 4
   37 4
   38 4
   39 4
   40 4
   41 4
   42 4
   43 4
   44 4
   45 4
   46 4
   47 4
   48 4
   49 4
   50 4
   51 4
   52 4
   53 4
   54 4
   55 4
   56 4
   57 4
   58 4
   59 4
   60 4
   61 4
   62 4
   63 4
   64 4
   65 4
   66 4
   67 4
   68 4
   69 4
   70 4
   71 4
   72 4
   73 4
   74 4
   75 4
   76 4
   77 4
   78 4
   79 4
   80 4
   81 4
   82 4
   83 4
   84 4
   85 4
   86 4
   87 4
   88 4
   89 4
   90 4
   91 4
   92 4
   93 4
   94 4
   95 4
   96 4
   97 4
   98 4
   99 4
   100 4
   101 4
   102 4
   103 4
   104 4
   105 4
   106 4
   107 4
   108 4
   109 4
   110 4
   111 4
   112 4
   113 4
   114 4
   115 4
   116 4
   117 4
   118 4
   119 4
   120 4
   121 4
   122 4
   123 4
   124 4
   125 4
   126 4
   127 4
   128 4
   129 4
   130 4
   131 4
   132 4
   133 4
   134 4
   135 4
   136 4
   137 4
   138 4
   139 4
   140 4
   141 4
   142 4
   143 4
   144 4
   145 4
   146 4
   147 4
   148 4
   149 4
   150 4
   151 4
   152 4
   153 4
   154 4
   155 4
   156 4
   157 4
   158 4
   159 4
   160 4
   161 4
   162 4
   163 4
   164 4
   165 4
   166 4
   167 4
   168 4
   169 4
   170 4
   171 4
   172 4
   173 4
   174 4
   175 4
   176 4
   177 4
   178 4
   179 4
   180 4
   181 4
   182 4
   183 4
   184 4
   185 4
   186 4
   187 4
   188 4
   189 4
   190 4
   191 4
   192 4
   193 4
   194 4
   195 4
   196 4
   197 4
   198 4
   199 4
   200 4
   201 4
   202 4
   203 4
   204 4
   205 4
   206 4
   207 4
   208 4
   209 4
   210 4
   211 4
   212 4
   213 4
   214 4
   215 4
   216 4
   217 4
   218 4
   219 4
   220 4
   221 4
   222 4
   223 4
   224 4
   225 4
   226 4
   227 4
   228 4
   229 4
   230 4
   231 4
   232 4
   233 4
   234 4
   235 4
   236 4
   237 4
   238 4
   239 4
   240 4
   241 4
   242 4
   243 4
   244 4
   245 4
   246 4
   247 4
   248 4
   249 4
   250 4
   251 4
   252 4
   253 4
   254 4
   255 4
   256 4
   257 4
   258 4
   259 4
   260 4
   261 4
   262 4
   263 4
   264 4
   265 4
   266 4
   267 4
   268 4
   269 4
   270 4
   271 4
   272 4
   273 4
   274 4
   275 4
   276 4
   277 4
   278 4
   279 4
   280 4
   281 4
   282 4
   283 4
   284 4
   285 4
   286 4
   287 4
   288 4
   289 4
   290 4
   291 4
   292 4
   293 4
   294 4
   295 4
   296 4
   297 4
   298 4
   299 4
   300 4
   301 4
   302 4
   303 4
   304 4
   305 4
   306 4
   307 4
   308 4
   309 4
   310 4
   311 4
   312 4
   313 4
   314 4
   315 4
   316 4
   317 4
   318 4
   319 4
   320 4
   321 4
   322 4
   323 4
   324 4
   325 4
   326 4
   327 4
   328 4
   329 4
   330 4
   331 4
   332 4
   333 4
   334 4
   335 4
   336 4
   337 4
   338 4
   339 4
   340 4
   341 4
   342 4
   343 4
   344 4
   345 4
   346 4
   347 4
   348 4
   349 4
   350 4
   351 4
   352 4
   353 4
   354 4
   355 4
   356 4
   357 4
   358 4
   359 4
   360 4
   361 4
   362 4
   363 4
   364 4
   365 4
   366 4
   367 4
   368 4
   369 4
   370 4
   371 4
   372 4
   373 4
   374 4
   375 4
   376 4
   377 4
   378 4
   379 4
   380 4
   381 4
   382 4
   383 4
   384 4
   385 4
   386 4
   387 4
   388 4
   389 4
   390 4
   391 4
   392 4
   393 4
   394 4
   395 4
   396 4
   397 4
   398 4
   399 4
   400 4
   401 4
   402 4
   403 4
   404 4
   405 4
   406 4
   407 4
   408 4
   409 4
   410 4
   411 4
   412 4
   413 4
   414 4
   415 4
   416 4
   417 4
   418 4
   419 4
   420 4
   421 4
   422 4
   423 4
   424 4
   425 4
   426 4
   427 4
   428 4
   429 4
   430 4
   431 4
   432 4
   433 4
   434 4
   435 4
   436 4
   437 4
   438 4
   439 4
   440 4
   441 4
   442 4
   443 4
   444 4
   445 4
   446 4
   447 4
   448 4
   449 4
   450 4
   451 4
   452 4
   453 4
   454 4
   455 4
   456 4
   457 4
   458 4
   459 4
   460 4
   461 4
   462 4
   463 4
   464 4
   465 4
   466 4
   467 4
   468 4
   469 4
   470 4
   471 4
   472 4
   473 4
   474 4
   475 4
   476 4
   477 4
   478 4
   479 4
   480 4
   481 4
   482 4
   483 4
   484 4
   485 4
   486 4
   487 4
   488 4
   489 4
   490 4
   491 4
   492 4
   493 4
   494 4
   495 4
   496 4
   497 4
   498 4
   499 4
   500 4
   501 4
   502 4
   503 4
   504 4
   505 4
   506 4
   507 4
   508 4
   509 4
   510 4
   511 4
   512 4
   513 4
   514 4
   515 4
   516 4
   517 4
   518 4
   519 4
   520 4
   521 4
   522 4
   523 4
   524 4
   525 4
   526 4
   527 4
   528 4
   529 4
   530 4
   531 4
   532 4
   533 4
   534 4
   535 4
   536 4
   537 4
   538 4
   539 4
   540 4
   541 4
   542 4
   543 4
   544 4
   545 4
   546 4
   547 4
   548 4
   549 4
   550 4
   551 4
   552 4
   553 4
   554 4
   555 4
   556 4
   557 4
   558 4
   559 4
   560 4
   561 4
   562 4
   563 4
   564 4
   565 4
   566 4
   567 4
   568 4
   569 4
   570 4
   571 4
   572 4
   573 4
   574 4
   575 4
   576 4
   577 4
   578 4
   579 4
   580 4
   581 4
   582 4
   583 4
   584 4
   585 4
   586 4
   587 4
   588 4
   589 4
   590 4
   591 4
   592 4
   593 4
   594 4
   595 4
   596 4
   597 4
   598 4
   599 4
   600 4
   601 4
   602 4
   603 4
   604 4
   605 4
   606 4
   607 4
   608 4
   609 4
   610 4
   611 4
   612 4
   613 4
   614 4
   615 4
   616 4
   617 4
   618 4
   619 4
   620 4
   621 4
   622 4
   623 4
   624 4
   625 4
   626 4
   627 4
   628 4
   629 4
   630 4
   631 4
   632 4
   633 4
   634 4
   635 4
   636 4
   637 4
   638 4
   639 4
   640 4
   641 4
   642 4
   643 4
   644 4
   645 4
   646 4
   647 4
   648 4
   649 4
   650 4
   651 4
   652 4
   653 4
   654 4
   655 4
   656 4
   657 4
   658 4
   659 4
   660 4
   661 4
   662 4
   663 4
   664 4
   665 4
   666 4
   667 4
   668 4
   669 4
   670 4
   671 4
   672 4
   673 4
   674 4
   675 4
   676 4
   677 4
   678 4
   679 4
   680 4
   681 4
   682 4
   683 4
   684 4
   685 4
   686 4
   687 4
   688 4
   689 4
   690 4
   691 4
   692 4
   693 4
   694 4
   695 4
   696 4
   697 4
   698 4
   699 4
   700 4
   701 4
   702 4
   703 4
   704 4
  END_NODES_PER_ELEMENT
  ELEMENTS
  1 2 4 3 1  
  2 5 7 4 2  
  3 10 11 7 5  
  4 16 17 11 10  
  5 23 24 17 16  
  6 33 34 24 23  
  7 43 44 34 33  
  8 54 55 44 43  
  9 67 69 55 54  
  10 81 83 69 67  
  11 95 98 83 81  
  12 114 115 98 95  
  13 132 134 115 114  
  14 152 153 134 132  
  15 175 176 153 152  
  16 200 201 176 175  
  17 223 225 201 200  
  18 250 251 225 223  
  19 277 278 251 250  
  20 304 307 278 277  
  21 335 338 307 304  
  22 364 368 338 335  
  23 4 8 6 3  
  24 7 9 8 4  
  25 11 14 9 7  
  26 17 21 14 11  
  27 24 27 21 17  
  28 34 36 27 24  
  29 44 46 36 34  
  30 55 60 46 44  
  31 69 72 60 55  
  32 83 86 72 69  
  33 98 103 86 83  
  34 115 120 103 98  
  35 134 136 120 115  
  36 153 158 136 134  
  37 176 181 158 153  
  38 201 202 181 176  
  39 225 227 202 201  
  40 251 254 227 225  
  41 278 280 254 251  
  42 307 311 280 278  
  43 338 342 311 307  
  44 368 371 342 338  
  45 8 13 12 6  
  46 9 15 13 8  
  47 14 19 15 9  
  48 21 25 19 14  
  49 27 32 25 21  
  50 36 41 32 27  
  51 46 51 41 36  
  52 60 61 51 46  
  53 72 74 61 60  
  54 86 90 74 72  
  55 103 107 90 86  
  56 120 123 107 103  
  57 136 143 123 120  
  58 158 163 143 136  
  59 181 182 163 158  
  60 202 205 182 181  
  61 227 232 205 202  
  62 254 258 232 227  
  63 280 285 258 254  
  64 311 316 285 280  
  65 342 344 316 311  
  66 371 377 344 342  
  67 13 20 18 12  
  68 15 22 20 13  
  69 19 26 22 15  
  70 25 31 26 19  
  71 32 38 31 25  
  72 41 48 38 32  
  73 51 58 48 41  
  74 61 70 58 51  
  75 74 82 70 61  
  76 90 94 82 74  
  77 107 111 94 90  
  78 123 130 111 107  
  79 143 149 130 123  
  80 163 169 149 143  
  81 182 191 169 163  
  82 205 215 191 182  
  83 232 237 215 205  
  84 258 263 237 232  
  85 285 291 263 258  
  86 316 320 291 285  
  87 344 350 320 316  
  88 377 384 350 344  
  89 20 29 28 18  
  90 22 30 29 20  
  91 26 35 30 22  
  92 31 40 35 26  
  93 38 47 40 31  
  94 48 56 47 38  
  95 58 65 56 48  
  96 70 77 65 58  
  97 82 91 77 70  
  98 94 106 91 82  
  99 111 122 106 94  
  100 130 138 122 111  
  101 149 157 138 130  
  102 169 177 157 149  
  103 191 198 177 169  
  104 215 221 198 191  
  105 237 247 221 215  
  106 263 273 247 237  
  107 291 297 273 263  
  108 320 326 297 291  
  109 350 358 326 320  
  110 384 389 358 350  
  111 29 39 37 28  
  112 30 42 39 29  
  113 35 45 42 30  
  114 40 50 45 35  
  115 47 59 50 40  
  116 56 66 59 47  
  117 65 75 66 56  
  118 77 88 75 65  
  119 91 101 88 77  
  120 106 113 101 91  
  121 122 131 113 106  
  122 138 148 131 122  
  123 157 167 148 138  
  124 177 186 167 157  
  125 198 209 186 177  
  126 221 231 209 198  
  127 247 255 231 221  
  128 273 282 255 247  
  129 297 310 282 273  
  130 326 339 310 297  
  131 358 366 339 326  
  132 389 396 366 358  
  133 39 52 49 37  
  134 42 53 52 39  
  135 45 57 53 42  
  136 50 62 57 45  
  137 59 71 62 50  
  138 66 78 71 59  
  139 75 89 78 66  
  140 88 100 89 75  
  141 101 110 100 88  
  142 113 127 110 101  
  143 131 144 127 113  
  144 148 160 144 131  
  145 167 179 160 148  
  146 186 199 179 167  
  147 209 218 199 186  
  148 231 241 218 209  
  149 255 266 241 231  
  150 282 293 266 255  
  151 310 321 293 282  
  152 339 349 321 310  
  153 366 382 349 339  
  154 396 409 382 366  
  155 52 64 63 49  
  156 53 68 64 52  
  157 57 73 68 53  
  158 62 76 73 57  
  159 71 85 76 62  
  160 78 92 85 71  
  161 89 104 92 78  
  162 100 112 104 89  
  163 110 126 112 100  
  164 127 140 126 110  
  165 144 155 140 127  
  166 160 173 155 144  
  167 179 194 173 160  
  168 199 213 194 179  
  169 218 234 213 199  
  170 241 256 234 218  
  171 266 281 256 241  
  172 293 308 281 266  
  173 321 333 308 293  
  174 349 361 333 321  
  175 382 391 361 349  
  176 409 419 391 382  
  177 64 80 79 63  
  178 68 84 80 64  
  179 73 87 84 68  
  180 76 93 87 73  
  181 85 99 93 76  
  182 92 108 99 85  
  183 104 118 108 92  
  184 112 128 118 104  
  185 126 142 128 112  
  186 140 154 142 126  
  187 155 170 154 140  
  188 173 190 170 155  
  189 194 206 190 173  
  190 213 228 206 194  
  191 234 249 228 213  
  192 256 272 249 234  
  193 281 295 272 256  
  194 308 322 295 281  
  195 333 348 322 308  
  196 361 379 348 333  
  197 391 407 379 361  
  198 419 428 407 391  
  199 80 97 96 79  
  200 84 102 97 80  
  201 87 105 102 84  
  202 93 109 105 87  
  203 99 116 109 93  
  204 108 125 116 99  
  205 118 133 125 108  
  206 128 147 133 118  
  207 142 159 147 128  
  208 154 172 159 142  
  209 170 189 172 154  
  210 190 204 189 170  
  211 206 224 204 190  
  212 228 243 224 206  
  213 249 265 243 228  
  214 272 290 265 249  
  215 295 315 290 272  
  216 322 340 315 295  
  217 348 363 340 322  
  218 379 394 363 348  
  219 407 420 394 379  
  220 428 443 420 407  
  221 97 119 117 96  
  222 102 121 119 97  
  223 105 124 121 102  
  224 109 129 124 105  
  225 116 135 129 109  
  226 125 145 135 116  
  227 133 151 145 125  
  228 147 166 151 133  
  229 159 178 166 147  
  230 172 193 178 159  
  231 189 207 193 172  
  232 204 226 207 189  
  233 224 242 226 204  
  234 243 261 242 224  
  235 265 284 261 243  
  236 290 309 284 265  
  237 315 330 309 290  
  238 340 356 330 315  
  239 363 386 356 340  
  240 394 411 386 363  
  241 420 433 411 394  
  242 443 453 433 420  
  243 119 139 137 117  
  244 121 141 139 119  
  245 124 146 141 121  
  246 129 150 146 124  
  247 135 156 150 129  
  248 145 165 156 135  
  249 151 174 165 145  
  250 166 185 174 151  
  251 178 197 185 166  
  252 193 214 197 178  
  253 207 229 214 193  
  254 226 245 229 207  
  255 242 262 245 226  
  256 261 283 262 242  
  257 284 303 283 261  
  258 309 325 303 284  
  259 330 354 325 309  
  260 356 380 354 330  
  261 386 403 380 356  
  262 411 425 403 386  
  263 433 449 425 411  
  264 453 471 449 433  
  265 139 162 161 137  
  266 141 164 162 139  
  267 146 168 164 141  
  268 150 171 168 146  
  269 156 180 171 150  
  270 165 187 180 156  
  271 174 196 187 165  
  272 185 208 196 174  
  273 197 219 208 185  
  274 214 235 219 197  
  275 229 252 235 214  
  276 245 267 252 229  
  277 262 287 267 245  
  278 283 305 287 262  
  279 303 324 305 283  
  280 325 351 324 303  
  281 354 375 351 325  
  282 380 398 375 354  
  283 403 422 398 380  
  284 425 442 422 403  
  285 449 464 442 425  
  286 471 484 464 449  
  287 162 184 183 161  
  288 164 188 184 162  
  289 168 192 188 164  
  290 171 195 192 168  
  291 180 203 195 171  
  292 187 211 203 180  
  293 196 220 211 187  
  294 208 233 220 196  
  295 219 244 233 208  
  296 235 260 244 219  
  297 252 274 260 235  
  298 267 292 274 252  
  299 287 312 292 267  
  300 305 329 312 287  
  301 324 353 329 305  
  302 351 374 353 324  
  303 375 395 374 351  
  304 398 417 395 375  
  305 422 439 417 398  
  306 442 459 439 422  
  307 464 480 459 442  
  308 484 501 480 464  
  309 184 212 210 183  
  310 188 216 212 184  
  311 192 217 216 188  
  312 195 222 217 192  
  313 203 230 222 195  
  314 211 236 230 203  
  315 220 248 236 211  
  316 233 259 248 220  
  317 244 270 259 233  
  318 260 286 270 244  
  319 274 300 286 260  
  320 292 318 300 274  
  321 312 337 318 292  
  322 329 355 337 312  
  323 353 378 355 329  
  324 374 397 378 353  
  325 395 418 397 374  
  326 417 437 418 395  
  327 439 455 437 417  
  328 459 476 455 439  
  329 480 498 476 459  
  330 501 514 498 480  
  331 212 239 238 210  
  332 216 240 239 212  
  333 217 246 240 216  
  334 222 253 246 217  
  335 230 257 253 222  
  336 236 264 257 230  
  337 248 276 264 236  
  338 259 288 276 248  
  339 270 296 288 259  
  340 286 314 296 270  
  341 300 328 314 286  
  342 318 346 328 300  
  343 337 362 346 318  
  344 355 385 362 337  
  345 378 402 385 355  
  346 397 423 402 378  
  347 418 440 423 397  
  348 437 457 440 418  
  349 455 475 457 437  
  350 476 495 475 455  
  351 498 511 495 476  
  352 514 533 511 498  
  353 239 269 268 238  
  354 240 271 269 239  
  355 246 275 271 240  
  356 253 279 275 246  
  357 257 289 279 253  
  358 264 294 289 257  
  359 276 302 294 264  
  360 288 317 302 276  
  361 296 327 317 288  
  362 314 343 327 296  
  363 328 357 343 314  
  364 346 376 357 328  
  365 362 392 376 346  
  366 385 410 392 362  
  367 402 426 410 385  
  368 423 445 426 402  
  369 440 460 445 423  
  370 457 477 460 440  
  371 475 496 477 457  
  372 495 510 496 475  
  373 511 530 510 495  
  374 533 548 530 511  
  375 269 299 298 268  
  376 271 301 299 269  
  377 275 306 301 271  
  378 279 313 306 275  
  379 289 319 313 279  
  380 294 323 319 289  
  381 302 336 323 294  
  382 317 347 336 302  
  383 327 360 347 317  
  384 343 372 360 327  
  385 357 388 372 343  
  386 376 404 388 357  
  387 392 416 404 376  
  388 410 434 416 392  
  389 426 450 434 410  
  390 445 465 450 426  
  391 460 482 465 445  
  392 477 499 482 460  
  393 496 512 499 477  
  394 510 531 512 496  
  395 530 547 531 510  
  396 548 564 547 530  
  397 299 332 331 298  
  398 301 334 332 299  
  399 306 341 334 301  
  400 313 345 341 306  
  401 319 352 345 313  
  402 323 359 352 319  
  403 336 369 359 323  
  404 347 383 369 336  
  405 360 390 383 347  
  406 372 405 390 360  
  407 388 414 405 372  
  408 404 427 414 388  
  409 416 446 427 404  
  410 434 454 446 416  
  411 450 472 454 434  
  412 465 486 472 450  
  413 482 503 486 465  
  414 499 519 503 482  
  415 512 535 519 499  
  416 531 551 535 512  
  417 547 566 551 531  
  418 564 583 566 547  
  419 332 367 365 331  
  420 334 370 367 332  
  421 341 373 370 334  
  422 345 381 373 341  
  423 352 387 381 345  
  424 359 393 387 352  
  425 369 399 393 359  
  426 383 412 399 369  
  427 390 421 412 383  
  428 405 430 421 390  
  429 414 444 430 405  
  430 427 452 444 414  
  431 446 468 452 427  
  432 454 481 468 446  
  433 472 494 481 454  
  434 486 507 494 472  
  435 503 524 507 486  
  436 519 537 524 503  
  437 535 556 537 519  
  438 551 570 556 535  
  439 566 585 570 551  
  440 583 603 585 566  
  441 367 401 400 365  
  442 370 406 401 367  
  443 373 408 406 370  
  444 381 413 408 373  
  445 387 415 413 381  
  446 393 424 415 387  
  447 399 429 424 393  
  448 412 438 429 399  
  449 421 448 438 412  
  450 430 456 448 421  
  451 444 469 456 430  
  452 452 479 469 444  
  453 468 490 479 452  
  454 481 504 490 468  
  455 494 517 504 481  
  456 507 529 517 494  
  457 524 545 529 507  
  458 537 559 545 524  
  459 556 574 559 537  
  460 570 589 574 556  
  461 585 605 589 570  
  462 603 618 605 585  
  463 401 432 431 400  
  464 406 435 432 401  
  465 408 436 435 406  
  466 413 441 436 408  
  467 415 447 441 413  
  468 424 451 447 415  
  469 429 458 451 424  
  470 438 467 458 429  
  471 448 474 467 438  
  472 456 483 474 448  
  473 469 493 483 456  
  474 479 505 493 469  
  475 490 513 505 479  
  476 504 527 513 490  
  477 517 539 527 504  
  478 529 554 539 517  
  479 545 563 554 529  
  480 559 580 563 545  
  481 574 592 580 559  
  482 589 609 592 574  
  483 605 625 609 589  
  484 618 637 625 605  
  485 432 462 461 431  
  486 435 463 462 432  
  487 436 466 463 435  
  488 441 470 466 436  
  489 447 473 470 441  
  490 451 478 473 447  
  491 458 485 478 451  
  492 467 491 485 458  
  493 474 500 491 467  
  494 483 508 500 474  
  495 493 521 508 483  
  496 505 528 521 493  
  497 513 538 528 505  
  498 527 550 538 513  
  499 539 560 550 527  
  500 554 575 560 539  
  501 563 587 575 554  
  502 580 601 587 563  
  503 592 613 601 580  
  504 609 628 613 592  
  505 625 642 628 609  
  506 637 658 642 625  
  507 462 488 487 461  
  508 463 489 488 462  
  509 466 492 489 463  
  510 470 497 492 466  
  511 473 502 497 470  
  512 478 506 502 473  
  513 485 509 506 478  
  514 491 520 509 485  
  515 500 525 520 491  
  516 508 534 525 500  
  517 521 540 534 508  
  518 528 553 540 521  
  519 538 561 553 528  
  520 550 573 561 538  
  521 560 584 573 550  
  522 575 597 584 560  
  523 587 610 597 575  
  524 601 621 610 587  
  525 613 635 621 601  
  526 628 648 635 613  
  527 642 660 648 628  
  528 658 678 660 642  
  529 488 516 515 487  
  530 489 518 516 488  
  531 492 522 518 489  
  532 497 523 522 492  
  533 502 526 523 497  
  534 506 532 526 502  
  535 509 536 532 506  
  536 520 543 536 509  
  537 525 552 543 520  
  538 534 558 552 525  
  539 540 565 558 534  
  540 553 578 565 540  
  541 561 586 578 553  
  542 573 595 586 561  
  543 584 606 595 573  
  544 597 615 606 584  
  545 610 631 615 597  
  546 621 641 631 610  
  547 635 655 641 621  
  548 648 667 655 635  
  549 660 682 667 648  
  550 678 695 682 660  
  551 516 542 541 515  
  552 518 544 542 516  
  553 522 546 544 518  
  554 523 549 546 522  
  555 526 555 549 523  
  556 532 557 555 526  
  557 536 562 557 532  
  558 543 567 562 536  
  559 552 577 567 543  
  560 558 581 577 552  
  561 565 590 581 558  
  562 578 599 590 565  
  563 586 611 599 578  
  564 595 617 611 586  
  565 606 630 617 595  
  566 615 639 630 606  
  567 631 652 639 615  
  568 641 664 652 631  
  569 655 677 664 641  
  570 667 689 677 655  
  571 682 703 689 667  
  572 695 713 703 682  
  573 542 569 568 541  
  574 544 571 569 542  
  575 546 572 571 544  
  576 549 576 572 546  
  577 555 579 576 549  
  578 557 582 579 555  
  579 562 588 582 557  
  580 567 591 588 562  
  581 577 600 591 567  
  582 581 607 600 577  
  583 590 614 607 581  
  584 599 623 614 590  
  585 611 633 623 599  
  586 617 640 633 611  
  587 630 653 640 617  
  588 639 662 653 630  
  589 652 673 662 639  
  590 664 685 673 652  
  591 677 698 685 664  
  592 689 709 698 677  
  593 703 720 709 689  
  594 713 728 720 703  
  595 569 594 593 568  
  596 571 596 594 569  
  597 572 598 596 571  
  598 576 602 598 572  
  599 579 604 602 576  
  600 582 608 604 579  
  601 588 612 608 582  
  602 591 616 612 588  
  603 600 626 616 591  
  604 607 632 626 600  
  605 614 638 632 607  
  606 623 646 638 614  
  607 633 657 646 623  
  608 640 665 657 633  
  609 653 675 665 640  
  610 662 684 675 653  
  611 673 692 684 662  
  612 685 706 692 673  
  613 698 717 706 685  
  614 709 725 717 698  
  615 720 733 725 709  
  616 728 738 733 720  
  617 594 620 619 593  
  618 596 622 620 594  
  619 598 624 622 596  
  620 602 627 624 598  
  621 604 629 627 602  
  622 608 634 629 604  
  623 612 636 634 608  
  624 616 643 636 612  
  625 626 650 643 616  
  626 632 656 650 626  
  627 638 663 656 632  
  628 646 668 663 638  
  629 657 679 668 646  
  630 665 688 679 657  
  631 675 696 688 665  
  632 684 707 696 675  
  633 692 715 707 684  
  634 706 723 715 692  
  635 717 730 723 706  
  636 725 736 730 717  
  637 733 742 736 725  
  638 738 747 742 733  
  639 620 645 644 619  
  640 622 647 645 620  
  641 624 649 647 622  
  642 627 651 649 624  
  643 629 654 651 627  
  644 634 659 654 629  
  645 636 661 659 634  
  646 643 666 661 636  
  647 650 672 666 643  
  648 656 681 672 650  
  649 663 686 681 656  
  650 668 691 686 663  
  651 679 702 691 668  
  652 688 711 702 679  
  653 696 718 711 688  
  654 707 724 718 696  
  655 715 729 724 707  
  656 723 735 729 715  
  657 730 740 735 723  
  658 736 745 740 730  
  659 742 750 745 736  
  660 747 753 750 742  
  661 645 670 669 644  
  662 647 671 670 645  
  663 649 674 671 647  
  664 651 676 674 649  
  665 654 680 676 651  
  666 659 683 680 654  
  667 661 687 683 659  
  668 666 690 687 661  
  669 672 699 690 666  
  670 681 704 699 672  
  671 686 710 704 681  
  672 691 716 710 686  
  673 702 721 716 691  
  674 711 726 721 702  
  675 718 732 726 711  
  676 724 737 732 718  
  677 729 741 737 724  
  678 735 744 741 729  
  679 740 748 744 735  
  680 745 751 748 740  
  681 750 755 751 745  
  682 753 757 755 750  
  683 670 694 693 669  
  684 671 697 694 670  
  685 674 700 697 671  
  686 676 701 700 674  
  687 680 705 701 676  
  688 683 708 705 680  
  689 687 712 708 683  
  690 690 714 712 687  
  691 699 719 714 690  
  692 704 722 719 699  
  693 710 727 722 704  
  694 716 731 727 710  
  695 721 734 731 716  
  696 726 739 734 721  
  697 732 743 739 726  
  698 737 746 743 732  
  699 741 749 746 737  
  700 744 752 749 741  
  701 748 754 752 744  
  702 751 756 754 748  
  703 755 758 756 751  
  704 757 759 758 755  
  END_ELEMENTS  
  COORDINATES  
   1   3.500000e+00 -4.000000e+00   
   2   3.727273e+00 -4.000000e+00   
   3   3.500000e+00 -3.750000e+00   
   4   3.727273e+00 -3.750000e+00   
   5   3.954545e+00 -4.000000e+00   
   6   3.500000e+00 -3.500000e+00   
   7   3.954545e+00 -3.750000e+00   
   8   3.727273e+00 -3.500000e+00   
   9   3.954545e+00 -3.500000e+00   
   10   4.181818e+00 -4.000000e+00   
   11   4.181818e+00 -3.750000e+00   
   12   3.500000e+00 -3.250000e+00   
   13   3.727273e+00 -3.250000e+00   
   14   4.181818e+00 -3.500000e+00   
   15   3.954545e+00 -3.250000e+00   
   16   4.409091e+00 -4.000000e+00   
   17   4.409091e+00 -3.750000e+00   
   18   3.500000e+00 -3.000000e+00   
   19   4.181818e+00 -3.250000e+00   
   20   3.727273e+00 -3.000000e+00   
   21   4.409091e+00 -3.500000e+00   
   22   3.954545e+00 -3.000000e+00   
   23   4.636364e+00 -4.000000e+00   
   24   4.636364e+00 -3.750000e+00   
   25   4.409091e+00 -3.250000e+00   
   26   4.181818e+00 -3.000000e+00   
   27   4.636364e+00 -3.500000e+00   
   28   3.500000e+00 -2.750000e+00   
   29   3.727273e+00 -2.750000e+00   
   30   3.954545e+00 -2.750000e+00   
   31   4.409091e+00 -3.000000e+00   
   32   4.636364e+00 -3.250000e+00   
   33   4.863636e+00 -4.000000e+00   
   34   4.863636e+00 -3.750000e+00   
   35   4.181818e+00 -2.750000e+00   
   36   4.863636e+00 -3.500000e+00   
   37   3.500000e+00 -2.500000e+00   
   38   4.636364e+00 -3.000000e+00   
   39   3.727273e+00 -2.500000e+00   
   40   4.409091e+00 -2.750000e+00   
   41   4.863636e+00 -3.250000e+00   
   42   3.954545e+00 -2.500000e+00   
   43   5.090909e+00 -4.000000e+00   
   44   5.090909e+00 -3.750000e+00   
   45   4.181818e+00 -2.500000e+00   
   46   5.090909e+00 -3.500000e+00   
   47   4.636364e+00 -2.750000e+00   
   48   4.863636e+00 -3.000000e+00   
   49   3.500000e+00 -2.250000e+00   
   50   4.409091e+00 -2.500000e+00   
   51   5.090909e+00 -3.250000e+00   
   52   3.727273e+00 -2.250000e+00   
   53   3.954545e+00 -2.250000e+00   
   54   5.318182e+00 -4.000000e+00   
   55   5.318182e+00 -3.750000e+00   
   56   4.863636e+00 -2.750000e+00   
   57   4.181818e+00 -2.250000e+00   
   58   5.090909e+00 -3.000000e+00   
   59   4.636364e+00 -2.500000e+00   
   60   5.318182e+00 -3.500000e+00   
   61   5.318182e+00 -3.250000e+00   
   62   4.409091e+00 -2.250000e+00   
   63   3.500000e+00 -2.000000e+00   
   64   3.727273e+00 -2.000000e+00   
   65   5.090909e+00 -2.750000e+00   
   66   4.863636e+00 -2.500000e+00   
   67   5.545455e+00 -4.000000e+00   
   68   3.954545e+00 -2.000000e+00   
   69   5.545455e+00 -3.750000e+00   
   70   5.318182e+00 -3.000000e+00   
   71   4.636364e+00 -2.250000e+00   
   72   5.545455e+00 -3.500000e+00   
   73   4.181818e+00 -2.000000e+00   
   74   5.545455e+00 -3.250000e+00   
   75   5.090909e+00 -2.500000e+00   
   76   4.409091e+00 -2.000000e+00   
   77   5.318182e+00 -2.750000e+00   
   78   4.863636e+00 -2.250000e+00   
   79   3.500000e+00 -1.750000e+00   
   80   3.727273e+00 -1.750000e+00   
   81   5.772727e+00 -4.000000e+00   
   82   5.545455e+00 -3.000000e+00   
   83   5.772727e+00 -3.750000e+00   
   84   3.954545e+00 -1.750000e+00   
   85   4.636364e+00 -2.000000e+00   
   86   5.772727e+00 -3.500000e+00   
   87   4.181818e+00 -1.750000e+00   
   88   5.318182e+00 -2.500000e+00   
   89   5.090909e+00 -2.250000e+00   
   90   5.772727e+00 -3.250000e+00   
   91   5.545455e+00 -2.750000e+00   
   92   4.863636e+00 -2.000000e+00   
   93   4.409091e+00 -1.750000e+00   
   94   5.772727e+00 -3.000000e+00   
   95   6.000000e+00 -4.000000e+00   
   96   3.500000e+00 -1.500000e+00   
   97   3.727273e+00 -1.500000e+00   
   98   6.000000e+00 -3.750000e+00   
   99   4.636364e+00 -1.750000e+00   
   100   5.318182e+00 -2.250000e+00   
   101   5.545455e+00 -2.500000e+00   
   102   3.954545e+00 -1.500000e+00   
   103   6.000000e+00 -3.500000e+00   
   104   5.090909e+00 -2.000000e+00   
   105   4.181818e+00 -1.500000e+00   
   106   5.772727e+00 -2.750000e+00   
   107   6.000000e+00 -3.250000e+00   
   108   4.863636e+00 -1.750000e+00   
   109   4.409091e+00 -1.500000e+00   
   110   5.545455e+00 -2.250000e+00   
   111   6.000000e+00 -3.000000e+00   
   112   5.318182e+00 -2.000000e+00   
   113   5.772727e+00 -2.500000e+00   
   114   6.227273e+00 -4.000000e+00   
   115   6.227273e+00 -3.750000e+00   
   116   4.636364e+00 -1.500000e+00   
   117   3.500000e+00 -1.250000e+00   
   118   5.090909e+00 -1.750000e+00   
   119   3.727273e+00 -1.250000e+00   
   120   6.227273e+00 -3.500000e+00   
   121   3.954545e+00 -1.250000e+00   
   122   6.000000e+00 -2.750000e+00   
   123   6.227273e+00 -3.250000e+00   
   124   4.181818e+00 -1.250000e+00   
   125   4.863636e+00 -1.500000e+00   
   126   5.545455e+00 -2.000000e+00   
   127   5.772727e+00 -2.250000e+00   
   128   5.318182e+00 -1.750000e+00   
   129   4.409091e+00 -1.250000e+00   
   130   6.227273e+00 -3.000000e+00   
   131   6.000000e+00 -2.500000e+00   
   132   6.454545e+00 -4.000000e+00   
   133   5.090909e+00 -1.500000e+00   
   134   6.454545e+00 -3.750000e+00   
   135   4.636364e+00 -1.250000e+00   
   136   6.454545e+00 -3.500000e+00   
   137   3.500000e+00 -1.000000e+00   
   138   6.227273e+00 -2.750000e+00   
   139   3.727273e+00 -1.000000e+00   
   140   5.772727e+00 -2.000000e+00   
   141   3.954545e+00 -1.000000e+00   
   142   5.545455e+00 -1.750000e+00   
   143   6.454545e+00 -3.250000e+00   
   144   6.000000e+00 -2.250000e+00   
   145   4.863636e+00 -1.250000e+00   
   146   4.181818e+00 -1.000000e+00   
   147   5.318182e+00 -1.500000e+00   
   148   6.227273e+00 -2.500000e+00   
   149   6.454545e+00 -3.000000e+00   
   150   4.409091e+00 -1.000000e+00   
   151   5.090909e+00 -1.250000e+00   
   152   6.681818e+00 -4.000000e+00   
   153   6.681818e+00 -3.750000e+00   
   154   5.772727e+00 -1.750000e+00   
   155   6.000000e+00 -2.000000e+00   
   156   4.636364e+00 -1.000000e+00   
   157   6.454545e+00 -2.750000e+00   
   158   6.681818e+00 -3.500000e+00   
   159   5.545455e+00 -1.500000e+00   
   160   6.227273e+00 -2.250000e+00   
   161   3.500000e+00 -7.500000e-01   
   162   3.727273e+00 -7.500000e-01   
   163   6.681818e+00 -3.250000e+00   
   164   3.954545e+00 -7.500000e-01   
   165   4.863636e+00 -1.000000e+00   
   166   5.318182e+00 -1.250000e+00   
   167   6.454545e+00 -2.500000e+00   
   168   4.181818e+00 -7.500000e-01   
   169   6.681818e+00 -3.000000e+00   
   170   6.000000e+00 -1.750000e+00   
   171   4.409091e+00 -7.500000e-01   
   172   5.772727e+00 -1.500000e+00   
   173   6.227273e+00 -2.000000e+00   
   174   5.090909e+00 -1.000000e+00   
   175   6.909091e+00 -4.000000e+00   
   176   6.909091e+00 -3.750000e+00   
   177   6.681818e+00 -2.750000e+00   
   178   5.545455e+00 -1.250000e+00   
   179   6.454545e+00 -2.250000e+00   
   180   4.636364e+00 -7.500000e-01   
   181   6.909091e+00 -3.500000e+00   
   182   6.909091e+00 -3.250000e+00   
   183   3.500000e+00 -5.000000e-01   
   184   3.727273e+00 -5.000000e-01   
   185   5.318182e+00 -1.000000e+00   
   186   6.681818e+00 -2.500000e+00   
   187   4.863636e+00 -7.500000e-01   
   188   3.954545e+00 -5.000000e-01   
   189   6.000000e+00 -1.500000e+00   
   190   6.227273e+00 -1.750000e+00   
   191   6.909091e+00 -3.000000e+00   
   192   4.181818e+00 -5.000000e-01   
   193   5.772727e+00 -1.250000e+00   
   194   6.454545e+00 -2.000000e+00   
   195   4.409091e+00 -5.000000e-01   
   196   5.090909e+00 -7.500000e-01   
   197   5.545455e+00 -1.000000e+00   
   198   6.909091e+00 -2.750000e+00   
   199   6.681818e+00 -2.250000e+00   
   200   7.136364e+00 -4.000000e+00   
   201   7.136364e+00 -3.750000e+00   
   202   7.136364e+00 -3.500000e+00   
   203   4.636364e+00 -5.000000e-01   
   204   6.227273e+00 -1.500000e+00   
   205   7.136364e+00 -3.250000e+00   
   206   6.454545e+00 -1.750000e+00   
   207   6.000000e+00 -1.250000e+00   
   208   5.318182e+00 -7.500000e-01   
   209   6.909091e+00 -2.500000e+00   
   210   3.500000e+00 -2.500000e-01   
   211   4.863636e+00 -5.000000e-01   
   212   3.727273e+00 -2.500000e-01   
   213   6.681818e+00 -2.000000e+00   
   214   5.772727e+00 -1.000000e+00   
   215   7.136364e+00 -3.000000e+00   
   216   3.954545e+00 -2.500000e-01   
   217   4.181818e+00 -2.500000e-01   
   218   6.909091e+00 -2.250000e+00   
   219   5.545455e+00 -7.500000e-01   
   220   5.090909e+00 -5.000000e-01   
   221   7.136364e+00 -2.750000e+00   
   222   4.409091e+00 -2.500000e-01   
   223   7.363636e+00 -4.000000e+00   
   224   6.454545e+00 -1.500000e+00   
   225   7.363636e+00 -3.750000e+00   
   226   6.227273e+00 -1.250000e+00   
   227   7.363636e+00 -3.500000e+00   
   228   6.681818e+00 -1.750000e+00   
   229   6.000000e+00 -1.000000e+00   
   230   4.636364e+00 -2.500000e-01   
   231   7.136364e+00 -2.500000e+00   
   232   7.363636e+00 -3.250000e+00   
   233   5.318182e+00 -5.000000e-01   
   234   6.909091e+00 -2.000000e+00   
   235   5.772727e+00 -7.500000e-01   
   236   4.863636e+00 -2.500000e-01   
   237   7.363636e+00 -3.000000e+00   
   238   3.500000e+00  0.000000e+00   
   239   3.727273e+00 -8.881784e-16   
   240   3.954545e+00 -8.881784e-16   
   241   7.136364e+00 -2.250000e+00   
   242   6.454545e+00 -1.250000e+00   
   243   6.681818e+00 -1.500000e+00   
   244   5.545455e+00 -5.000000e-01   
   245   6.227273e+00 -1.000000e+00   
   246   4.181818e+00  0.000000e+00   
   247   7.363636e+00 -2.750000e+00   
   248   5.090909e+00 -2.500000e-01   
   249   6.909091e+00 -1.750000e+00   
   250   7.590909e+00 -4.000000e+00   
   251   7.590909e+00 -3.750000e+00   
   252   6.000000e+00 -7.500000e-01   
   253   4.409091e+00  0.000000e+00   
   254   7.590909e+00 -3.500000e+00   
   255   7.363636e+00 -2.500000e+00   
   256   7.136364e+00 -2.000000e+00   
   257   4.636364e+00  0.000000e+00   
   258   7.590909e+00 -3.250000e+00   
   259   5.318182e+00 -2.500000e-01   
   260   5.772727e+00 -5.000000e-01   
   261   6.681818e+00 -1.250000e+00   
   262   6.454545e+00 -1.000000e+00   
   263   7.590909e+00 -3.000000e+00   
   264   4.863636e+00  0.000000e+00   
   265   6.909091e+00 -1.500000e+00   
   266   7.363636e+00 -2.250000e+00   
   267   6.227273e+00 -7.500000e-01   
   268   3.500000e+00  2.500000e-01   
   269   3.727273e+00  2.500000e-01   
   270   5.545455e+00 -2.500000e-01   
   271   3.954545e+00  2.500000e-01   
   272   7.136364e+00 -1.750000e+00   
   273   7.590909e+00 -2.750000e+00   
   274   6.000000e+00 -5.000000e-01   
   275   4.181818e+00  2.500000e-01   
   276   5.090909e+00 -8.881784e-16   
   277   7.818182e+00 -4.000000e+00   
   278   7.818182e+00 -3.750000e+00   
   279   4.409091e+00  2.500000e-01   
   280   7.818182e+00 -3.500000e+00   
   281   7.363636e+00 -2.000000e+00   
   282   7.590909e+00 -2.500000e+00   
   283   6.681818e+00 -1.000000e+00   
   284   6.909091e+00 -1.250000e+00   
   285   7.818182e+00 -3.250000e+00   
   286   5.772727e+00 -2.500000e-01   
   287   6.454545e+00 -7.500000e-01   
   288   5.318182e+00 -8.881784e-16   
   289   4.636364e+00  2.500000e-01   
   290   7.136364e+00 -1.500000e+00   
   291   7.818182e+00 -3.000000e+00   
   292   6.227273e+00 -5.000000e-01   
   293   7.590909e+00 -2.250000e+00   
   294   4.863636e+00  2.500000e-01   
   295   7.363636e+00 -1.750000e+00   
   296   5.545455e+00 -8.881784e-16   
   297   7.818182e+00 -2.750000e+00   
   298   3.500000e+00  5.000000e-01   
   299   3.727273e+00  5.000000e-01   
   300   6.000000e+00 -2.500000e-01   
   301   3.954545e+00  5.000000e-01   
   302   5.090909e+00  2.500000e-01   
   303   6.909091e+00 -1.000000e+00   
   304   8.045455e+00 -4.000000e+00   
   305   6.681818e+00 -7.500000e-01   
   306   4.181818e+00  5.000000e-01   
   307   8.045455e+00 -3.750000e+00   
   308   7.590909e+00 -2.000000e+00   
   309   7.136364e+00 -1.250000e+00   
   310   7.818182e+00 -2.500000e+00   
   311   8.045455e+00 -3.500000e+00   
   312   6.454545e+00 -5.000000e-01   
   313   4.409091e+00  5.000000e-01   
   314   5.772727e+00  0.000000e+00   
   315   7.363636e+00 -1.500000e+00   
   316   8.045455e+00 -3.250000e+00   
   317   5.318182e+00  2.500000e-01   
   318   6.227273e+00 -2.500000e-01   
   319   4.636364e+00  5.000000e-01   
   320   8.045455e+00 -3.000000e+00   
   321   7.818182e+00 -2.250000e+00   
   322   7.590909e+00 -1.750000e+00   
   323   4.863636e+00  5.000000e-01   
   324   6.909091e+00 -7.500000e-01   
   325   7.136364e+00 -1.000000e+00   
   326   8.045455e+00 -2.750000e+00   
   327   5.545455e+00  2.500000e-01   
   328   6.000000e+00  0.000000e+00   
   329   6.681818e+00 -5.000000e-01   
   330   7.363636e+00 -1.250000e+00   
   331   3.500000e+00  7.500000e-01   
   332   3.727273e+00  7.500000e-01   
   333   7.818182e+00 -2.000000e+00   
   334   3.954545e+00  7.500000e-01   
   335   8.272727e+00 -4.000000e+00   
   336   5.090909e+00  5.000000e-01   
   337   6.454545e+00 -2.500000e-01   
   338   8.272727e+00 -3.750000e+00   
   339   8.045455e+00 -2.500000e+00   
   340   7.590909e+00 -1.500000e+00   
   341   4.181818e+00  7.500000e-01   
   342   8.272727e+00 -3.500000e+00   
   343   5.772727e+00  2.500000e-01   
   344   8.272727e+00 -3.250000e+00   
   345   4.409091e+00  7.500000e-01   
   346   6.227273e+00  0.000000e+00   
   347   5.318182e+00  5.000000e-01   
   348   7.818182e+00 -1.750000e+00   
   349   8.045455e+00 -2.250000e+00   
   350   8.272727e+00 -3.000000e+00   
   351   7.136364e+00 -7.500000e-01   
   352   4.636364e+00  7.500000e-01   
   353   6.909091e+00 -5.000000e-01   
   354   7.363636e+00 -1.000000e+00   
   355   6.681818e+00 -2.500000e-01   
   356   7.590909e+00 -1.250000e+00   
   357   6.000000e+00  2.500000e-01   
   358   8.272727e+00 -2.750000e+00   
   359   4.863636e+00  7.500000e-01   
   360   5.545455e+00  5.000000e-01   
   361   8.045455e+00 -2.000000e+00   
   362   6.454545e+00  0.000000e+00   
   363   7.818182e+00 -1.500000e+00   
   364   8.500000e+00 -4.000000e+00   
   365   3.500000e+00  1.000000e+00   
   366   8.272727e+00 -2.500000e+00   
   367   3.727273e+00  1.000000e+00   
   368   8.500000e+00 -3.750000e+00   
   369   5.090909e+00  7.500000e-01   
   370   3.954545e+00  1.000000e+00   
   371   8.500000e+00 -3.500000e+00   
   372   5.772727e+00  5.000000e-01   
   373   4.181818e+00  1.000000e+00   
   374   7.136364e+00 -5.000000e-01   
   375   7.363636e+00 -7.500000e-01   
   376   6.227273e+00  2.500000e-01   
   377   8.500000e+00 -3.250000e+00   
   378   6.909091e+00 -2.500000e-01   
   379   8.045455e+00 -1.750000e+00   
   380   7.590909e+00 -1.000000e+00   
   381   4.409091e+00  1.000000e+00   
   382   8.272727e+00 -2.250000e+00   
   383   5.318182e+00  7.500000e-01   
   384   8.500000e+00 -3.000000e+00   
   385   6.681818e+00  0.000000e+00   
   386   7.818182e+00 -1.250000e+00   
   387   4.636364e+00  1.000000e+00   
   388   6.000000e+00  5.000000e-01   
   389   8.500000e+00 -2.750000e+00   
   390   5.545455e+00  7.500000e-01   
   391   8.272727e+00 -2.000000e+00   
   392   6.454545e+00  2.500000e-01   
   393   4.863636e+00  1.000000e+00   
   394   8.045455e+00 -1.500000e+00   
   395   7.363636e+00 -5.000000e-01   
   396   8.500000e+00 -2.500000e+00   
   397   7.136364e+00 -2.500000e-01   
   398   7.590909e+00 -7.500000e-01   
   399   5.090909e+00  1.000000e+00   
   400   3.500000e+00  1.250000e+00   
   401   3.727273e+00  1.250000e+00   
   402   6.909091e+00  0.000000e+00   
   403   7.818182e+00 -1.000000e+00   
   404   6.227273e+00  5.000000e-01   
   405   5.772727e+00  7.500000e-01   
   406   3.954545e+00  1.250000e+00   
   407   8.272727e+00 -1.750000e+00   
   408   4.181818e+00  1.250000e+00   
   409   8.500000e+00 -2.250000e+00   
   410   6.681818e+00  2.500000e-01   
   411   8.045455e+00 -1.250000e+00   
   412   5.318182e+00  1.000000e+00   
   413   4.409091e+00  1.250000e+00   
   414   6.000000e+00  7.500000e-01   
   415   4.636364e+00  1.250000e+00   
   416   6.454545e+00  5.000000e-01   
   417   7.590909e+00 -5.000000e-01   
   418   7.363636e+00 -2.500000e-01   
   419   8.500000e+00 -2.000000e+00   
   420   8.272727e+00 -1.500000e+00   
   421   5.545455e+00  1.000000e+00   
   422   7.818182e+00 -7.500000e-01   
   423   7.136364e+00  0.000000e+00   
   424   4.863636e+00  1.250000e+00   
   425   8.045455e+00 -1.000000e+00   
   426   6.909091e+00  2.500000e-01   
   427   6.227273e+00  7.500000e-01   
   428   8.500000e+00 -1.750000e+00   
   429   5.090909e+00  1.250000e+00   
   430   5.772727e+00  1.000000e+00   
   431   3.500000e+00  1.500000e+00   
   432   3.727273e+00  1.500000e+00   
   433   8.272727e+00 -1.250000e+00   
   434   6.681818e+00  5.000000e-01   
   435   3.954545e+00  1.500000e+00   
   436   4.181818e+00  1.500000e+00   
   437   7.590909e+00 -2.500000e-01   
   438   5.318182e+00  1.250000e+00   
   439   7.818182e+00 -5.000000e-01   
   440   7.363636e+00  0.000000e+00   
   441   4.409091e+00  1.500000e+00   
   442   8.045455e+00 -7.500000e-01   
   443   8.500000e+00 -1.500000e+00   
   444   6.000000e+00  1.000000e+00   
   445   7.136364e+00  2.500000e-01   
   446   6.454545e+00  7.500000e-01   
   447   4.636364e+00  1.500000e+00   
   448   5.545455e+00  1.250000e+00   
   449   8.272727e+00 -1.000000e+00   
   450   6.909091e+00  5.000000e-01   
   451   4.863636e+00  1.500000e+00   
   452   6.227273e+00  1.000000e+00   
   453   8.500000e+00 -1.250000e+00   
   454   6.681818e+00  7.500000e-01   
   455   7.818182e+00 -2.500000e-01   
   456   5.772727e+00  1.250000e+00   
   457   7.590909e+00  0.000000e+00   
   458   5.090909e+00  1.500000e+00   
   459   8.045455e+00 -5.000000e-01   
   460   7.363636e+00  2.500000e-01   
   461   3.500000e+00  1.750000e+00   
   462   3.727273e+00  1.750000e+00   
   463   3.954545e+00  1.750000e+00   
   464   8.272727e+00 -7.500000e-01   
   465   7.136364e+00  5.000000e-01   
   466   4.181818e+00  1.750000e+00   
   467   5.318182e+00  1.500000e+00   
   468   6.454545e+00  1.000000e+00   
   469   6.000000e+00  1.250000e+00   
   470   4.409091e+00  1.750000e+00   
   471   8.500000e+00 -1.000000e+00   
   472   6.909091e+00  7.500000e-01   
   473   4.636364e+00  1.750000e+00   
   474   5.545455e+00  1.500000e+00   
   475   7.818182e+00  0.000000e+00   
   476   8.045455e+00 -2.500000e-01   
   477   7.590909e+00  2.500000e-01   
   478   4.863636e+00  1.750000e+00   
   479   6.227273e+00  1.250000e+00   
   480   8.272727e+00 -5.000000e-01   
   481   6.681818e+00  1.000000e+00   
   482   7.363636e+00  5.000000e-01   
   483   5.772727e+00  1.500000e+00   
   484   8.500000e+00 -7.500000e-01   
   485   5.090909e+00  1.750000e+00   
   486   7.136364e+00  7.500000e-01   
   487   3.500000e+00  2.000000e+00   
   488   3.727273e+00  2.000000e+00   
   489   3.954545e+00  2.000000e+00   
   490   6.454545e+00  1.250000e+00   
   491   5.318182e+00  1.750000e+00   
   492   4.181818e+00  2.000000e+00   
   493   6.000000e+00  1.500000e+00   
   494   6.909091e+00  1.000000e+00   
   495   8.045455e+00  0.000000e+00   
   496   7.818182e+00  2.500000e-01   
   497   4.409091e+00  2.000000e+00   
   498   8.272727e+00 -2.500000e-01   
   499   7.590909e+00  5.000000e-01   
   500   5.545455e+00  1.750000e+00   
   501   8.500000e+00 -5.000000e-01   
   502   4.636364e+00  2.000000e+00   
   503   7.363636e+00  7.500000e-01   
   504   6.681818e+00  1.250000e+00   
   505   6.227273e+00  1.500000e+00   
   506   4.863636e+00  2.000000e+00   
   507   7.136364e+00  1.000000e+00   
   508   5.772727e+00  1.750000e+00   
   509   5.090909e+00  2.000000e+00   
   510   8.045455e+00  2.500000e-01   
   511   8.272727e+00  0.000000e+00   
   512   7.818182e+00  5.000000e-01   
   513   6.454545e+00  1.500000e+00   
   514   8.500000e+00 -2.500000e-01   
   515   3.500000e+00  2.250000e+00   
   516   3.727273e+00  2.250000e+00   
   517   6.909091e+00  1.250000e+00   
   518   3.954545e+00  2.250000e+00   
   519   7.590909e+00  7.500000e-01   
   520   5.318182e+00  2.000000e+00   
   521   6.000000e+00  1.750000e+00   
   522   4.181818e+00  2.250000e+00   
   523   4.409091e+00  2.250000e+00   
   524   7.363636e+00  1.000000e+00   
   525   5.545455e+00  2.000000e+00   
   526   4.636364e+00  2.250000e+00   
   527   6.681818e+00  1.500000e+00   
   528   6.227273e+00  1.750000e+00   
   529   7.136364e+00  1.250000e+00   
   530   8.272727e+00  2.500000e-01   
   531   8.045455e+00  5.000000e-01   
   532   4.863636e+00  2.250000e+00   
   533   8.500000e+00  0.000000e+00   
   534   5.772727e+00  2.000000e+00   
   535   7.818182e+00  7.500000e-01   
   536   5.090909e+00  2.250000e+00   
   537   7.590909e+00  1.000000e+00   
   538   6.454545e+00  1.750000e+00   
   539   6.909091e+00  1.500000e+00   
   540   6.000000e+00  2.000000e+00   
   541   3.500000e+00  2.500000e+00   
   542   3.727273e+00  2.500000e+00   
   543   5.318182e+00  2.250000e+00   
   544   3.954545e+00  2.500000e+00   
   545   7.363636e+00  1.250000e+00   
   546   4.181818e+00  2.500000e+00   
   547   8.272727e+00  5.000000e-01   
   548   8.500000e+00  2.500000e-01   
   549   4.409091e+00  2.500000e+00   
   550   6.681818e+00  1.750000e+00   
   551   8.045455e+00  7.500000e-01   
   552   5.545455e+00  2.250000e+00   
   553   6.227273e+00  2.000000e+00   
   554   7.136364e+00  1.500000e+00   
   555   4.636364e+00  2.500000e+00   
   556   7.818182e+00  1.000000e+00   
   557   4.863636e+00  2.500000e+00   
   558   5.772727e+00  2.250000e+00   
   559   7.590909e+00  1.250000e+00   
   560   6.909091e+00  1.750000e+00   
   561   6.454545e+00  2.000000e+00   
   562   5.090909e+00  2.500000e+00   
   563   7.363636e+00  1.500000e+00   
   564   8.500000e+00  5.000000e-01   
   565   6.000000e+00  2.250000e+00   
   566   8.272727e+00  7.500000e-01   
   567   5.318182e+00  2.500000e+00   
   568   3.500000e+00  2.750000e+00   
   569   3.727273e+00  2.750000e+00   
   570   8.045455e+00  1.000000e+00   
   571   3.954545e+00  2.750000e+00   
   572   4.181818e+00  2.750000e+00   
   573   6.681818e+00  2.000000e+00   
   574   7.818182e+00  1.250000e+00   
   575   7.136364e+00  1.750000e+00   
   576   4.409091e+00  2.750000e+00   
   577   5.545455e+00  2.500000e+00   
   578   6.227273e+00  2.250000e+00   
   579   4.636364e+00  2.750000e+00   
   580   7.590909e+00  1.500000e+00   
   581   5.772727e+00  2.500000e+00   
   582   4.863636e+00  2.750000e+00   
   583   8.500000e+00  7.500000e-01   
   584   6.909091e+00  2.000000e+00   
   585   8.272727e+00  1.000000e+00   
   586   6.454545e+00  2.250000e+00   
   587   7.363636e+00  1.750000e+00   
   588   5.090909e+00  2.750000e+00   
   589   8.045455e+00  1.250000e+00   
   590   6.000000e+00  2.500000e+00   
   591   5.318182e+00  2.750000e+00   
   592   7.818182e+00  1.500000e+00   
   593   3.500000e+00  3.000000e+00   
   594   3.727273e+00  3.000000e+00   
   595   6.681818e+00  2.250000e+00   
   596   3.954545e+00  3.000000e+00   
   597   7.136364e+00  2.000000e+00   
   598   4.181818e+00  3.000000e+00   
   599   6.227273e+00  2.500000e+00   
   600   5.545455e+00  2.750000e+00   
   601   7.590909e+00  1.750000e+00   
   602   4.409091e+00  3.000000e+00   
   603   8.500000e+00  1.000000e+00   
   604   4.636364e+00  3.000000e+00   
   605   8.272727e+00  1.250000e+00   
   606   6.909091e+00  2.250000e+00   
   607   5.772727e+00  2.750000e+00   
   608   4.863636e+00  3.000000e+00   
   609   8.045455e+00  1.500000e+00   
   610   7.363636e+00  2.000000e+00   
   611   6.454545e+00  2.500000e+00   
   612   5.090909e+00  3.000000e+00   
   613   7.818182e+00  1.750000e+00   
   614   6.000000e+00  2.750000e+00   
   615   7.136364e+00  2.250000e+00   
   616   5.318182e+00  3.000000e+00   
   617   6.681818e+00  2.500000e+00   
   618   8.500000e+00  1.250000e+00   
   619   3.500000e+00  3.250000e+00   
   620   3.727273e+00  3.250000e+00   
   621   7.590909e+00  2.000000e+00   
   622   3.954545e+00  3.250000e+00   
   623   6.227273e+00  2.750000e+00   
   624   4.181818e+00  3.250000e+00   
   625   8.272727e+00  1.500000e+00   
   626   5.545455e+00  3.000000e+00   
   627   4.409091e+00  3.250000e+00   
   628   8.045455e+00  1.750000e+00   
   629   4.636364e+00  3.250000e+00   
   630   6.909091e+00  2.500000e+00   
   631   7.363636e+00  2.250000e+00   
   632   5.772727e+00  3.000000e+00   
   633   6.454545e+00  2.750000e+00   
   634   4.863636e+00  3.250000e+00   
   635   7.818182e+00  2.000000e+00   
   636   5.090909e+00  3.250000e+00   
   637   8.500000e+00  1.500000e+00   
   638   6.000000e+00  3.000000e+00   
   639   7.136364e+00  2.500000e+00   
   640   6.681818e+00  2.750000e+00   
   641   7.590909e+00  2.250000e+00   
   642   8.272727e+00  1.750000e+00   
   643   5.318182e+00  3.250000e+00   
   644   3.500000e+00  3.500000e+00   
   645   3.727273e+00  3.500000e+00   
   646   6.227273e+00  3.000000e+00   
   647   3.954545e+00  3.500000e+00   
   648   8.045455e+00  2.000000e+00   
   649   4.181818e+00  3.500000e+00   
   650   5.545455e+00  3.250000e+00   
   651   4.409091e+00  3.500000e+00   
   652   7.363636e+00  2.500000e+00   
   653   6.909091e+00  2.750000e+00   
   654   4.636364e+00  3.500000e+00   
   655   7.818182e+00  2.250000e+00   
   656   5.772727e+00  3.250000e+00   
   657   6.454545e+00  3.000000e+00   
   658   8.500000e+00  1.750000e+00   
   659   4.863636e+00  3.500000e+00   
   660   8.272727e+00  2.000000e+00   
   661   5.090909e+00  3.500000e+00   
   662   7.136364e+00  2.750000e+00   
   663   6.000000e+00  3.250000e+00   
   664   7.590909e+00  2.500000e+00   
   665   6.681818e+00  3.000000e+00   
   666   5.318182e+00  3.500000e+00   
   667   8.045455e+00  2.250000e+00   
   668   6.227273e+00  3.250000e+00   
   669   3.500000e+00  3.750000e+00   
   670   3.727273e+00  3.750000e+00   
   671   3.954545e+00  3.750000e+00   
   672   5.545455e+00  3.500000e+00   
   673   7.363636e+00  2.750000e+00   
   674   4.181818e+00  3.750000e+00   
   675   6.909091e+00  3.000000e+00   
   676   4.409091e+00  3.750000e+00   
   677   7.818182e+00  2.500000e+00   
   678   8.500000e+00  2.000000e+00   
   679   6.454545e+00  3.250000e+00   
   680   4.636364e+00  3.750000e+00   
   681   5.772727e+00  3.500000e+00   
   682   8.272727e+00  2.250000e+00   
   683   4.863636e+00  3.750000e+00   
   684   7.136364e+00  3.000000e+00   
   685   7.590909e+00  2.750000e+00   
   686   6.000000e+00  3.500000e+00   
   687   5.090909e+00  3.750000e+00   
   688   6.681818e+00  3.250000e+00   
   689   8.045455e+00  2.500000e+00   
   690   5.318182e+00  3.750000e+00   
   691   6.227273e+00  3.500000e+00   
   692   7.363636e+00  3.000000e+00   
   693   3.500000e+00  4.000000e+00   
   694   3.727273e+00  4.000000e+00   
   695   8.500000e+00  2.250000e+00   
   696   6.909091e+00  3.250000e+00   
   697   3.954545e+00  4.000000e+00   
   698   7.818182e+00  2.750000e+00   
   699   5.545455e+00  3.750000e+00   
   700   4.181818e+00  4.000000e+00   
   701   4.409091e+00  4.000000e+00   
   702   6.454545e+00  3.500000e+00   
   703   8.272727e+00  2.500000e+00   
   704   5.772727e+00  3.750000e+00   
   705   4.636364e+00  4.000000e+00   
   706   7.590909e+00  3.000000e+00   
   707   7.136364e+00  3.250000e+00   
   708   4.863636e+00  4.000000e+00   
   709   8.045455e+00  2.750000e+00   
   710   6.000000e+00  3.750000e+00   
   711   6.681818e+00  3.500000e+00   
   712   5.090909e+00  4.000000e+00   
   713   8.500000e+00  2.500000e+00   
   714   5.318182e+00  4.000000e+00   
   715   7.363636e+00  3.250000e+00   
   716   6.227273e+00  3.750000e+00   
   717   7.818182e+00  3.000000e+00   
   718   6.909091e+00  3.500000e+00   
   719   5.545455e+00  4.000000e+00   
   720   8.272727e+00  2.750000e+00   
   721   6.454545e+00  3.750000e+00   
   722   5.772727e+00  4.000000e+00   
   723   7.590909e+00  3.250000e+00   
   724   7.136364e+00  3.500000e+00   
   725   8.045455e+00  3.000000e+00   
   726   6.681818e+00  3.750000e+00   
   727   6.000000e+00  4.000000e+00   
   728   8.500000e+00  2.750000e+00   
   729   7.363636e+00  3.500000e+00   
   730   7.818182e+00  3.250000e+00   
   731   6.227273e+00  4.000000e+00   
   732   6.909091e+00  3.750000e+00   
   733   8.272727e+00  3.000000e+00   
   734   6.454545e+00  4.000000e+00   
   735   7.590909e+00  3.500000e+00   
   736   8.045455e+00  3.250000e+00   
   737   7.136364e+00  3.750000e+00   
   738   8.500000e+00  3.000000e+00   
   739   6.681818e+00  4.000000e+00   
   740   7.818182e+00  3.500000e+00   
   741   7.363636e+00  3.750000e+00   
   742   8.272727e+00  3.250000e+00   
   743   6.909091e+00  4.000000e+00   
   744   7.590909e+00  3.750000e+00   
   745   8.045455e+00  3.500000e+00   
   746   7.136364e+00  4.000000e+00   
   747   8.500000e+00  3.250000e+00   
   748   7.818182e+00  3.750000e+00   
   749   7.363636e+00  4.000000e+00   
   750   8.272727e+00  3.500000e+00   
   751   8.045455e+00  3.750000e+00   
   752   7.590909e+00  4.000000e+00   
   753   8.500000e+00  3.500000e+00   
   754   7.818182e+00  4.000000e+00   
   755   8.272727e+00  3.750000e+00   
   756   8.045455e+00  4.000000e+00   
   757   8.500000e+00  3.750000e+00   
   758   8.272727e+00  4.000000e+00   
   759   8.500000e+00  4.000000e+00   
  END_COORDINATES
  BOUNDARIES, ELEMENT
    1         1     2         1     
    2         3     1         1     
    3         2     5         2     
    4         5     10         3     
    5         10     16         4     
    6         16     23         5     
    7         23     33         6     
    8         33     43         7     
    9         43     54         8     
    10         54     67         9     
    11         67     81         10     
    12         81     95         11     
    13         95     114         12     
    14         114     132         13     
    15         132     152         14     
    16         152     175         15     
    17         175     200         16     
    18         200     223         17     
    19         223     250         18     
    20         250     277         19     
    21         277     304         20     
    22         304     335         21     
    23         335     364         22     
    24         364     368         22     
    25         6     3         23     
    26         368     371         44     
    27         12     6         45     
    28         371     377         66     
    29         18     12         67     
    30         377     384         88     
    31         28     18         89     
    32         384     389         110     
    33         37     28         111     
    34         389     396         132     
    35         49     37         133     
    36         396     409         154     
    37         63     49         155     
    38         409     419         176     
    39         79     63         177     
    40         419     428         198     
    41         96     79         199     
    42         428     443         220     
    43         117     96         221     
    44         443     453         242     
    45         137     117         243     
    46         453     471         264     
    47         161     137         265     
    48         471     484         286     
    49         183     161         287     
    50         484     501         308     
    51         210     183         309     
    52         501     514         330     
    53         238     210         331     
    54         514     533         352     
    55         268     238         353     
    56         533     548         374     
    57         298     268         375     
    58         548     564         396     
    59         331     298         397     
    60         564     583         418     
    61         365     331         419     
    62         583     603         440     
    63         400     365         441     
    64         603     618         462     
    65         431     400         463     
    66         618     637         484     
    67         461     431         485     
    68         637     658         506     
    69         487     461         507     
    70         658     678         528     
    71         515     487         529     
    72         678     695         550     
    73         541     515         551     
    74         695     713         572     
    75         568     541         573     
    76         713     728         594     
    77         593     568         595     
    78         728     738         616     
    79         619     593         617     
    80         738     747         638     
    81         644     619         639     
    82         747     753         660     
    83         669     644         661     
    84         753     757         682     
    85         694     693         683     
    86         693     669         683     
    87         697     694         684     
    88         700     697         685     
    89         701     700         686     
    90         705     701         687     
    91         708     705         688     
    92         712     708         689     
    93         714     712         690     
    94         719     714         691     
    95         722     719         692     
    96         727     722         693     
    97         731     727         694     
    98         734     731         695     
    99         739     734         696     
    100         743     739         697     
    101         746     743         698     
    102         749     746         699     
    103         752     749         700     
    104         754     752         701     
    105         756     754         702     
    106         758     756         703     
    107         757     759         704     
    108         759     758         704     
  END_BOUNDARIES
  MATERIALS, NUMBER= 1, DEFAULT=1
  END_MATERIALS
  SUBDOMAINS
  END_SUBDOMAINS
  CHARACTERISTICS
  END_CHARACTERISTICS
