  NODES_PER_ELEMENT
   1 3
   2 3
   3 3
   4 3
   5 3
   6 3
   7 3
   8 3
   9 3
   10 3
   11 3
   12 3
   13 3
   14 3
   15 3
   16 3
   17 3
   18 3
   19 3
   20 3
   21 3
   22 3
   23 3
   24 3
   25 3
   26 3
   27 3
   28 3
   29 3
   30 3
   31 3
   32 3
   33 3
   34 3
   35 3
   36 3
   37 3
   38 3
   39 3
   40 3
   41 3
   42 3
   43 3
   44 3
   45 3
   46 3
   47 3
   48 3
   49 3
   50 3
   51 3
   52 3
   53 3
   54 3
   55 3
   56 3
   57 3
   58 3
   59 3
   60 3
   61 3
   62 3
   63 3
   64 3
   65 3
   66 3
   67 3
   68 3
   69 3
   70 3
   71 3
   72 3
   73 3
   74 3
   75 3
   76 3
   77 3
   78 3
   79 3
   80 3
   81 3
   82 3
   83 3
   84 3
   85 3
   86 3
   87 3
   88 3
   89 3
   90 3
   91 3
   92 3
   93 3
   94 3
   95 3
   96 3
   97 3
   98 3
   99 3
   100 3
   101 3
   102 3
   103 3
   104 3
   105 3
   106 3
   107 3
   108 3
   109 3
   110 3
   111 3
   112 3
   113 3
   114 3
   115 3
   116 3
   117 3
   118 3
   119 3
   120 3
   121 3
   122 3
   123 3
   124 3
   125 3
   126 3
   127 3
   128 3
   129 3
   130 3
   131 3
   132 3
   133 3
   134 3
   135 3
   136 3
   137 3
   138 3
   139 3
   140 3
   141 3
   142 3
   143 3
   144 3
   145 3
   146 3
   147 3
   148 3
   149 3
   150 3
   151 3
   152 3
   153 3
   154 3
   155 3
   156 3
   157 3
   158 3
   159 3
   160 3
   161 3
   162 3
   163 3
   164 3
   165 3
   166 3
   167 3
   168 3
   169 3
   170 3
   171 3
   172 3
   173 3
   174 3
   175 3
   176 3
   177 3
   178 3
   179 3
   180 3
   181 3
   182 3
   183 3
   184 3
   185 3
   186 3
   187 3
   188 3
   189 3
   190 3
   191 3
   192 3
   193 3
   194 3
   195 3
   196 3
   197 3
   198 3
   199 3
   200 3
   201 3
   202 3
   203 3
   204 3
   205 3
   206 3
   207 3
   208 3
   209 3
   210 3
   211 3
   212 3
   213 3
   214 3
   215 3
   216 3
   217 3
   218 3
   219 3
   220 3
   221 3
   222 3
   223 3
   224 3
   225 3
   226 3
   227 3
   228 3
   229 3
   230 3
   231 3
   232 3
   233 3
   234 3
   235 3
   236 3
   237 3
   238 3
   239 3
   240 3
   241 3
   242 3
   243 3
   244 3
   245 3
   246 3
   247 3
   248 3
   249 3
   250 3
   251 3
   252 3
   253 3
   254 3
   255 3
   256 3
   257 3
   258 3
   259 3
   260 3
   261 3
   262 3
   263 3
   264 3
   265 3
   266 3
   267 3
   268 3
   269 3
   270 3
   271 3
   272 3
   273 3
   274 3
   275 3
   276 3
   277 3
   278 3
   279 3
   280 3
   281 3
   282 3
   283 3
   284 3
   285 3
   286 3
   287 3
   288 3
   289 3
   290 3
   291 3
   292 3
   293 3
   294 3
   295 3
   296 3
   297 3
   298 3
   299 3
   300 3
   301 3
   302 3
   303 3
   304 3
   305 3
   306 3
   307 3
   308 3
   309 3
   310 3
   311 3
   312 3
   313 3
   314 3
   315 3
   316 3
   317 3
   318 3
   319 3
   320 3
   321 3
   322 3
   323 3
   324 3
   325 3
   326 3
   327 3
   328 3
   329 3
   330 3
   331 3
   332 3
   333 3
   334 3
   335 3
   336 3
   337 3
   338 3
   339 3
   340 3
   341 3
   342 3
   343 3
   344 3
   345 3
   346 3
   347 3
   348 3
   349 3
   350 3
   351 3
   352 3
   353 3
   354 3
   355 3
   356 3
   357 3
   358 3
   359 3
   360 3
   361 3
   362 3
   363 3
   364 3
   365 3
   366 3
   367 3
   368 3
   369 3
   370 3
   371 3
   372 3
   373 3
   374 3
   375 3
   376 3
   377 3
   378 3
   379 3
   380 3
   381 3
   382 3
   383 3
   384 3
   385 3
   386 3
   387 3
   388 3
   389 3
   390 3
   391 3
   392 3
   393 3
   394 3
   395 3
   396 3
   397 3
   398 3
   399 3
   400 3
   401 3
   402 3
   403 3
   404 3
   405 3
   406 3
   407 3
   408 3
   409 3
   410 3
   411 3
   412 3
   413 3
   414 3
   415 3
   416 3
   417 3
   418 3
   419 3
   420 3
   421 3
   422 3
   423 3
   424 3
   425 3
   426 3
   427 3
   428 3
   429 3
   430 3
   431 3
   432 3
   433 3
   434 3
   435 3
   436 3
   437 3
   438 3
   439 3
   440 3
   441 3
   442 3
   443 3
   444 3
   445 3
   446 3
   447 3
   448 3
   449 3
   450 3
   451 3
   452 3
   453 3
   454 3
   455 3
   456 3
   457 3
   458 3
   459 3
   460 3
   461 3
   462 3
   463 3
   464 3
   465 3
   466 3
   467 3
   468 3
   469 3
   470 3
   471 3
   472 3
   473 3
   474 3
   475 3
   476 3
   477 3
   478 3
   479 3
   480 3
   481 3
   482 3
   483 3
   484 3
   485 3
   486 3
   487 3
   488 3
   489 3
   490 3
   491 3
   492 3
   493 3
   494 3
   495 3
   496 3
   497 3
   498 3
   499 3
   500 3
   501 3
   502 3
   503 3
   504 3
   505 3
   506 3
   507 3
   508 3
   509 3
   510 3
   511 3
   512 3
   513 3
   514 3
   515 3
   516 3
   517 3
   518 3
   519 3
   520 3
   521 3
   522 3
   523 3
   524 3
   525 3
   526 3
   527 3
   528 3
   529 3
   530 3
   531 3
   532 3
   533 3
   534 3
   535 3
   536 3
   537 3
   538 3
   539 3
   540 3
   541 3
   542 3
   543 3
   544 3
   545 3
   546 3
   547 3
   548 3
   549 3
   550 3
   551 3
   552 3
   553 3
   554 3
   555 3
   556 3
   557 3
   558 3
   559 3
   560 3
   561 3
   562 3
   563 3
   564 3
   565 3
   566 3
   567 3
   568 3
   569 3
   570 3
   571 3
   572 3
   573 3
   574 3
   575 3
   576 3
   577 3
   578 3
   579 3
   580 3
   581 3
   582 3
   583 3
   584 3
   585 3
   586 3
   587 3
   588 3
   589 3
   590 3
   591 3
   592 3
   593 3
   594 3
   595 3
   596 3
   597 3
   598 3
   599 3
   600 3
   601 3
   602 3
   603 3
   604 3
   605 3
   606 3
   607 3
   608 3
   609 3
   610 3
   611 3
   612 3
   613 3
   614 3
   615 3
   616 3
   617 3
   618 3
   619 3
   620 3
   621 3
   622 3
   623 3
   624 3
   625 3
   626 3
   627 3
   628 3
   629 3
   630 3
   631 3
   632 3
   633 3
   634 3
   635 3
   636 3
   637 3
   638 3
   639 3
   640 3
   641 3
   642 3
   643 3
   644 3
   645 3
   646 3
   647 3
   648 3
   649 3
   650 3
   651 3
   652 3
   653 3
   654 3
   655 3
   656 3
   657 3
   658 3
   659 3
   660 3
   661 3
   662 3
   663 3
   664 3
   665 3
   666 3
   667 3
   668 3
   669 3
   670 3
   671 3
   672 3
   673 3
   674 3
   675 3
   676 3
   677 3
   678 3
   679 3
   680 3
   681 3
   682 3
   683 3
   684 3
   685 3
   686 3
   687 3
   688 3
   689 3
   690 3
   691 3
   692 3
   693 3
   694 3
   695 3
   696 3
   697 3
   698 3
   699 3
   700 3
   701 3
   702 3
   703 3
   704 3
   705 3
   706 3
   707 3
   708 3
   709 3
   710 3
   711 3
   712 3
   713 3
   714 3
   715 3
   716 3
  END_NODES_PER_ELEMENT
  ELEMENTS
  1 396 394 395  
  2 229 220 206  
  3 78 95 86  
  4 323 308 305  
  5 2 6 4  
  6 251 270 259  
  7 377 365 361  
  8 198 194 173  
  9 156 180 169  
  10 272 258 254  
  11 25 35 33  
  12 326 346 339  
  13 390 385 383  
  14 213 202 187  
  15 114 133 125  
  16 298 286 276  
  17 11 17 14  
  18 289 307 301  
  19 351 337 335  
  20 190 188 165  
  21 207 230 218  
  22 249 238 228  
  23 47 63 56  
  24 394 390 391  
  25 220 213 197  
  26 95 114 105  
  27 308 298 291  
  28 6 11 9  
  29 270 289 280  
  30 365 351 349  
  31 194 190 170  
  32 180 207 195  
  33 258 249 239  
  34 35 47 43  
  35 346 363 364  
  36 385 377 375  
  37 202 198 177  
  38 133 156 147  
  39 286 272 265  
  40 17 25 24  
  41 307 326 319  
  42 337 323 320  
  43 1 2 3  
  44 230 251 240  
  45 238 229 216  
  46 63 78 70  
  47 206 220 197  
  48 206 197 179  
  49 301 307 319  
  50 301 319 310  
  51 375 377 361  
  52 375 361 359  
  53 179 197 171  
  54 310 319 329  
  55 359 361 345  
  56 254 258 239  
  57 254 239 234  
  58 234 239 217  
  59 254 234 246  
  60 291 298 276  
  61 291 276 273  
  62 273 276 257  
  63 291 273 287  
  64 216 229 206  
  65 216 206 192  
  66 192 206 179  
  67 192 179 166  
  68 216 192 204  
  69 166 179 154  
  70 192 166 178  
  71 259 270 280  
  72 259 280 271  
  73 271 280 290  
  74 259 271 253  
  75 56 63 70  
  76 56 70 65  
  77 65 70 80  
  78 56 65 53  
  79 24 25 33  
  80 24 33 30  
  81 30 33 42  
  82 24 30 20  
  83 187 202 177  
  84 187 177 163  
  85 163 177 155  
  86 187 163 171  
  87 171 163 148  
  88 187 171 197  
  89 148 163 140  
  90 171 148 154  
  91 187 197 213  
  92 154 148 132  
  93 132 148 128  
  94 154 132 144  
  95 171 154 179  
  96 170 190 165  
  97 305 308 291  
  98 305 291 287  
  99 305 287 303  
  100 303 287 284  
  101 305 303 320  
  102 320 303 318  
  103 305 320 323  
  104 318 303 299  
  105 320 318 335  
  106 335 318 333  
  107 320 335 337  
  108 333 318 315  
  109 335 333 349  
  110 349 333 345  
  111 345 333 330  
  112 335 349 351  
  113 349 345 361  
  114 330 333 315  
  115 330 315 312  
  116 345 330 342  
  117 349 361 365  
  118 312 315 297  
  119 330 312 327  
  120 342 330 327  
  121 342 327 341  
  122 341 327 328  
  123 342 341 358  
  124 297 315 299  
  125 297 299 281  
  126 299 315 318  
  127 281 299 284  
  128 281 284 267  
  129 297 281 278  
  130 284 299 303  
  131 267 284 269  
  132 281 267 262  
  133 327 312 311  
  134 345 342 359  
  135 359 342 358  
  136 359 358 373  
  137 373 358 372  
  138 359 373 375  
  139 375 373 383  
  140 383 373 382  
  141 375 383 385  
  142 382 373 372  
  143 382 372 386  
  144 383 382 391  
  145 386 372 374  
  146 382 386 389  
  147 391 382 389  
  148 383 391 390  
  149 391 389 395  
  150 312 297 293  
  151 278 281 262  
  152 278 262 260  
  153 260 262 245  
  154 278 260 277  
  155 269 284 287  
  156 269 287 273  
  157 269 273 255  
  158 255 273 257  
  159 269 255 250  
  160 297 278 293  
  161 293 278 277  
  162 293 277 295  
  163 295 277 279  
  164 293 295 311  
  165 311 295 313  
  166 313 295 296  
  167 311 313 328  
  168 328 313 331  
  169 311 328 327  
  170 267 269 250  
  171 267 250 247  
  172 247 250 231  
  173 267 247 262  
  174 262 247 245  
  175 245 247 227  
  176 227 247 231  
  177 227 231 210  
  178 245 227 224  
  179 210 231 214  
  180 227 210 208  
  181 231 250 235  
  182 218 230 240  
  183 218 240 232  
  184 232 240 253  
  185 253 240 259  
  186 232 253 244  
  187 259 240 251  
  188 244 253 264  
  189 232 244 221  
  190 218 232 209  
  191 147 156 169  
  192 147 169 160  
  193 160 169 183  
  194 147 160 135  
  195 339 346 364  
  196 280 289 301  
  197 280 301 290  
  198 290 301 310  
  199 290 310 304  
  200 304 310 322  
  201 290 304 283  
  202 173 194 170  
  203 173 170 151  
  204 151 170 149  
  205 173 151 155  
  206 155 151 134  
  207 173 155 177  
  208 134 151 130  
  209 155 134 140  
  210 173 177 198  
  211 140 134 122  
  212 155 140 163  
  213 122 134 116  
  214 140 122 128  
  215 128 122 109  
  216 140 128 148  
  217 109 122 101  
  218 128 109 113  
  219 276 286 265  
  220 276 265 257  
  221 257 265 246  
  222 246 265 254  
  223 257 246 237  
  224 254 265 272  
  225 237 246 223  
  226 257 237 255  
  227 239 249 228  
  228 239 228 217  
  229 217 228 204  
  230 204 228 216  
  231 217 204 193  
  232 216 228 238  
  233 193 204 178  
  234 217 193 211  
  235 193 178 168  
  236 168 178 153  
  237 193 168 184  
  238 178 204 192  
  239 86 95 105  
  240 86 105 97  
  241 97 105 117  
  242 86 97 80  
  243 80 97 94  
  244 86 80 70  
  245 94 97 110  
  246 80 94 76  
  247 86 70 78  
  248 33 35 43  
  249 33 43 42  
  250 42 43 53  
  251 53 43 56  
  252 42 53 48  
  253 56 43 47  
  254 48 53 61  
  255 42 48 37  
  256 9 11 14  
  257 9 14 13  
  258 13 14 20  
  259 20 14 24  
  260 13 20 21  
  261 24 14 17  
  262 21 20 28  
  263 13 21 15  
  264 9 13 8  
  265 319 326 339  
  266 319 339 329  
  267 329 339 348  
  268 348 339 364  
  269 329 348 344  
  270 125 133 147  
  271 125 147 135  
  272 125 135 117  
  273 117 135 129  
  274 125 117 105  
  275 129 135 150  
  276 117 129 110  
  277 125 105 114  
  278 110 129 126  
  279 117 110 97  
  280 126 129 145  
  281 110 126 107  
  282 195 207 218  
  283 195 218 209  
  284 195 209 183  
  285 183 209 199  
  286 195 183 169  
  287 199 209 221  
  288 183 199 174  
  289 195 169 180  
  290 221 209 232  
  291 199 221 215  
  292 215 221 236  
  293 199 215 191  
  294 4 6 9  
  295 4 9 8  
  296 4 8 5  
  297 5 8 10  
  298 4 5 3  
  299 394 391 395  
  300 2 4 3  
  301 374 372 357  
  302 224 227 208  
  303 224 208 205  
  304 205 208 182  
  305 224 205 225  
  306 211 193 184  
  307 211 184 201  
  308 174 199 191  
  309 174 191 167  
  310 313 296 314  
  311 208 210 185  
  312 37 48 46  
  313 389 386 393  
  314 214 231 235  
  315 214 235 219  
  316 219 235 237  
  317 219 237 223  
  318 219 223 201  
  319 214 219 196  
  320 237 235 255  
  321 255 235 250  
  322 201 223 211  
  323 211 223 234  
  324 234 223 246  
  325 211 234 217  
  326 219 201 196  
  327 196 201 175  
  328 175 201 184  
  329 175 184 161  
  330 196 175 172  
  331 161 184 168  
  332 175 161 152  
  333 172 175 152  
  334 196 172 189  
  335 161 168 146  
  336 146 168 153  
  337 161 146 137  
  338 152 161 137  
  339 61 53 65  
  340 61 65 76  
  341 76 65 80  
  342 61 76 74  
  343 74 76 91  
  344 61 74 59  
  345 295 279 296  
  346 296 279 282  
  347 282 279 263  
  348 296 282 300  
  349 263 279 261  
  350 282 263 266  
  351 300 282 285  
  352 296 300 314  
  353 314 300 317  
  354 317 300 302  
  355 314 317 332  
  356 302 300 285  
  357 302 285 288  
  358 288 285 268  
  359 302 288 306  
  360 317 302 321  
  361 314 332 331  
  362 331 332 347  
  363 332 317 336  
  364 150 135 160  
  365 150 160 174  
  366 174 160 183  
  367 150 174 167  
  368 150 167 145  
  369 145 167 162  
  370 162 167 186  
  371 145 162 141  
  372 186 167 191  
  373 186 191 212  
  374 212 191 215  
  375 212 215 233  
  376 186 212 203  
  377 233 215 236  
  378 212 233 226  
  379 233 236 252  
  380 252 236 256  
  381 233 252 248  
  382 162 186 181  
  383 141 162 159  
  384 145 141 126  
  385 126 141 123  
  386 123 141 138  
  387 126 123 107  
  388 107 123 103  
  389 203 212 226  
  390 203 226 222  
  391 222 226 242  
  392 203 222 200  
  393 186 203 181  
  394 181 203 200  
  395 181 200 176  
  396 176 200 205  
  397 181 176 159  
  398 159 176 157  
  399 157 176 182  
  400 159 157 138  
  401 138 157 136  
  402 159 138 141  
  403 136 157 158  
  404 138 136 119  
  405 150 145 129  
  406 226 233 248  
  407 386 374 384  
  408 245 224 243  
  409 279 277 261  
  410 261 277 260  
  411 261 260 243  
  412 42 37 30  
  413 30 37 28  
  414 28 37 38  
  415 30 28 20  
  416 38 37 46  
  417 28 38 29  
  418 38 46 49  
  419 49 46 60  
  420 38 49 40  
  421 210 214 189  
  422 189 214 196  
  423 210 189 185  
  424 48 61 59  
  425 48 59 46  
  426 46 59 60  
  427 372 358 357  
  428 357 358 341  
  429 357 341 343  
  430 343 341 328  
  431 357 343 360  
  432 288 268 274  
  433 49 60 62  
  434 360 343 347  
  435 74 91 90  
  436 107 103 91  
  437 91 103 90  
  438 90 103 102  
  439 107 91 94  
  440 102 103 119  
  441 94 91 76  
  442 102 119 120  
  443 107 94 110  
  444 119 103 123  
  445 119 123 138  
  446 90 102 87  
  447 120 119 136  
  448 120 136 139  
  449 102 120 104  
  450 139 136 158  
  451 139 158 164  
  452 120 139 124  
  453 164 158 185  
  454 139 164 142  
  455 87 102 104  
  456 90 87 73  
  457 124 139 142  
  458 120 124 104  
  459 104 124 108  
  460 108 124 127  
  461 104 108 92  
  462 124 142 127  
  463 127 142 152  
  464 142 164 172  
  465 108 127 111  
  466 92 108 93  
  467 328 331 343  
  468 302 306 321  
  469 321 306 324  
  470 324 306 309  
  471 321 324 338  
  472 38 40 29  
  473 29 40 32  
  474 32 40 44  
  475 29 32 23  
  476 28 29 21  
  477 21 29 23  
  478 21 23 15  
  479 15 23 18  
  480 18 23 26  
  481 15 18 10  
  482 10 18 16  
  483 16 18 22  
  484 10 16 12  
  485 26 23 32  
  486 26 32 36  
  487 36 32 44  
  488 26 36 34  
  489 36 44 50  
  490 50 44 57  
  491 36 50 45  
  492 18 26 22  
  493 15 10 8  
  494 15 8 13  
  495 34 36 45  
  496 34 45 41  
  497 26 34 22  
  498 22 34 31  
  499 31 34 41  
  500 31 41 39  
  501 22 31 19  
  502 41 45 55  
  503 57 44 54  
  504 50 57 64  
  505 45 50 58  
  506 331 313 314  
  507 306 288 292  
  508 40 49 54  
  509 54 49 62  
  510 40 54 44  
  511 59 74 73  
  512 73 74 90  
  513 59 73 60  
  514 60 73 75  
  515 75 73 87  
  516 75 87 92  
  517 92 87 104  
  518 75 92 77  
  519 77 92 93  
  520 75 77 62  
  521 62 77 66  
  522 66 77 81  
  523 62 66 54  
  524 60 75 62  
  525 81 77 93  
  526 81 93 99  
  527 99 93 111  
  528 81 99 89  
  529 99 111 118  
  530 118 111 137  
  531 99 118 106  
  532 66 81 72  
  533 89 99 106  
  534 89 106 96  
  535 81 89 72  
  536 72 89 79  
  537 79 89 96  
  538 79 96 88  
  539 72 79 64  
  540 88 96 113  
  541 79 88 71  
  542 64 79 71  
  543 72 64 57  
  544 64 71 58  
  545 58 71 67  
  546 67 71 82  
  547 58 67 55  
  548 58 55 45  
  549 96 106 115  
  550 71 88 82  
  551 82 88 109  
  552 268 285 266  
  553 268 266 248  
  554 357 360 374  
  555 374 360 378  
  556 378 360 362  
  557 374 378 384  
  558 384 378 388  
  559 362 360 347  
  560 362 347 350  
  561 350 347 332  
  562 362 350 367  
  563 378 362 379  
  564 264 253 271  
  565 264 271 283  
  566 283 271 290  
  567 264 283 275  
  568 275 283 294  
  569 264 275 256  
  570 256 275 274  
  571 264 256 244  
  572 244 256 236  
  573 244 236 221  
  574 294 283 304  
  575 294 304 316  
  576 316 304 322  
  577 294 316 309  
  578 316 322 334  
  579 334 322 344  
  580 334 344 354  
  581 316 334 325  
  582 344 322 329  
  583 329 322 310  
  584 354 344 368  
  585 334 354 352  
  586 275 294 292  
  587 116 134 130  
  588 116 130 112  
  589 116 112 98  
  590 153 178 166  
  591 153 166 144  
  592 144 166 154  
  593 153 144 131  
  594 131 144 115  
  595 153 131 146  
  596 146 131 118  
  597 144 132 115  
  598 122 116 101  
  599 101 116 98  
  600 101 98 85  
  601 85 98 83  
  602 101 85 82  
  603 158 157 182  
  604 260 245 243  
  605 109 101 82  
  606 130 151 149  
  607 130 143 121  
  608 67 82 85  
  609 128 113 132  
  610 132 113 115  
  611 309 306 292  
  612 309 292 294  
  613 338 324 340  
  614 362 367 379  
  615 379 367 381  
  616 324 309 325  
  617 113 109 88  
  618 321 338 336  
  619 336 338 353  
  620 112 130 121  
  621 189 172 164  
  622 331 347 343  
  623 367 350 353  
  624 312 293 311  
  625 252 256 274  
  626 106 118 131  
  627 115 106 131  
  628 149 170 165  
  629 41 55 52  
  630 225 205 200  
  631 336 353 350  
  632 344 366 368  
  633 162 181 159  
  634 182 208 185  
  635 182 185 158  
  636 222 242 241  
  637 316 325 309  
  638 248 252 268  
  639 353 338 355  
  640 96 115 113  
  641 325 334 352  
  642 137 146 118  
  643 242 226 248  
  644 242 248 266  
  645 16 22 19  
  646 5 10 7  
  647 224 225 243  
  648 243 225 241  
  649 205 182 176  
  650 200 222 225  
  651 378 379 388  
  652 266 263 242  
  653 336 317 321  
  654 93 108 111  
  655 66 72 57  
  656 66 57 54  
  657 274 268 252  
  658 50 64 58  
  659 98 112 100  
  660 285 282 266  
  661 85 83 69  
  662 288 274 292  
  663 111 127 137  
  664 352 354 370  
  665 332 336 350  
  666 83 98 100  
  667 338 340 355  
  668 355 340 356  
  669 356 340 352  
  670 355 356 376  
  671 325 352 340  
  672 340 324 325  
  673 241 242 263  
  674 222 241 225  
  675 263 261 241  
  676 386 384 392  
  677 52 55 69  
  678 69 83 68  
  679 41 52 39  
  680 353 355 369  
  681 369 355 376  
  682 353 369 367  
  683 85 69 67  
  684 152 137 127  
  685 172 152 142  
  686 185 189 164  
  687 261 243 241  
  688 55 67 69  
  689 292 274 275  
  690 381 387 379  
  691 379 387 388  
  692 143 130 149  
  693 19 12 16  
  694 370 371 352  
  695 393 395 389  
  696 51 52 68  
  697 52 69 68  
  698 52 51 39  
  699 366 344 348  
  700 388 392 384  
  701 100 84 83  
  702 83 84 68  
  703 7 3 5  
  704 376 380 369  
  705 369 380 381  
  706 39 27 31  
  707 31 27 19  
  708 364 366 348  
  709 121 100 112  
  710 12 7 10  
  711 371 376 356  
  712 368 370 354  
  713 392 393 386  
  714 165 143 149  
  715 367 369 381  
  716 371 356 352  
  END_ELEMENTS  
  COORDINATES  
   1   3.500000e+00  4.000000e+00   
   2   3.500000e+00  3.652174e+00   
   3   3.857143e+00  4.000000e+00   
   4   3.811641e+00  3.508197e+00   
   5   4.104085e+00  3.655842e+00   
   6   3.500000e+00  3.304348e+00   
   7   4.214286e+00  4.000000e+00   
   8   4.105510e+00  3.306386e+00   
   9   3.803109e+00  3.130435e+00   
   10   4.403234e+00  3.580185e+00   
   11   3.500000e+00  2.956522e+00   
   12   4.571429e+00  4.000000e+00   
   13   4.106218e+00  2.956522e+00   
   14   3.803109e+00  2.782609e+00   
   15   4.408314e+00  3.132745e+00   
   16   4.721868e+00  3.679806e+00   
   17   3.500000e+00  2.608696e+00   
   18   4.708974e+00  3.308452e+00   
   19   4.928571e+00  4.000000e+00   
   20   4.105510e+00  2.610733e+00   
   21   4.408972e+00  2.783007e+00   
   22   4.997133e+00  3.510394e+00   
   23   4.704660e+00  2.960241e+00   
   24   3.803109e+00  2.434783e+00   
   25   3.500000e+00  2.260870e+00   
   26   5.009903e+00  3.130592e+00   
   27   5.285714e+00  4.000000e+00   
   28   4.406883e+00  2.433275e+00   
   29   4.708365e+00  2.610394e+00   
   30   4.106218e+00  2.260870e+00   
   31   5.314429e+00  3.657125e+00   
   32   5.009262e+00  2.788124e+00   
   33   3.803109e+00  2.086957e+00   
   34   5.310879e+00  3.308320e+00   
   35   3.500000e+00  1.913043e+00   
   36   5.312691e+00  2.958791e+00   
   37   4.406576e+00  2.088737e+00   
   38   4.709838e+00  2.260736e+00   
   39   5.642857e+00  4.000000e+00   
   40   5.010881e+00  2.438662e+00   
   41   5.611632e+00  3.486313e+00   
   42   4.105510e+00  1.911006e+00   
   43   3.803109e+00  1.739130e+00   
   44   5.313177e+00  2.614797e+00   
   45   5.613585e+00  3.136842e+00   
   46   4.710701e+00  1.915705e+00   
   47   3.500000e+00  1.565217e+00   
   48   4.408619e+00  1.739130e+00   
   49   5.013378e+00  2.088979e+00   
   50   5.616043e+00  2.787223e+00   
   51   6.000000e+00  4.000000e+00   
   52   5.984572e+00  3.713804e+00   
   53   4.105510e+00  1.567255e+00   
   54   5.310253e+00  2.264902e+00   
   55   5.915713e+00  3.313271e+00   
   56   3.803109e+00  1.391304e+00   
   57   5.614574e+00  2.437598e+00   
   58   5.917915e+00  2.964162e+00   
   59   4.707742e+00  1.567180e+00   
   60   5.012630e+00  1.739288e+00   
   61   4.406576e+00  1.389524e+00   
   62   5.316112e+00  1.913486e+00   
   63   3.500000e+00  1.217391e+00   
   64   5.918415e+00  2.611137e+00   
   65   4.106218e+00  1.217391e+00   
   66   5.616203e+00  2.089885e+00   
   67   6.220908e+00  3.137174e+00   
   68   6.357143e+00  4.000000e+00   
   69   6.380088e+00  3.483242e+00   
   70   3.803109e+00  1.043478e+00   
   71   6.215447e+00  2.788307e+00   
   72   5.920657e+00  2.262294e+00   
   73   5.008342e+00  1.391274e+00   
   74   4.709838e+00  1.217525e+00   
   75   5.313572e+00  1.561547e+00   
   76   4.406883e+00  1.044986e+00   
   77   5.612276e+00  1.741810e+00   
   78   3.500000e+00  8.695652e-01   
   79   6.221043e+00  2.438803e+00   
   80   4.105510e+00  8.675275e-01   
   81   5.917330e+00  1.912428e+00   
   82   6.521250e+00  2.957996e+00   
   83   6.683358e+00  3.657931e+00   
   84   6.714286e+00  4.000000e+00   
   85   6.683035e+00  3.307995e+00   
   86   3.803109e+00  6.956522e-01   
   87   5.313049e+00  1.219322e+00   
   88   6.520160e+00  2.617034e+00   
   89   6.218155e+00  2.090409e+00   
   90   5.012208e+00  1.041419e+00   
   91   4.708365e+00  8.678667e-01   
   92   5.615148e+00  1.392939e+00   
   93   5.916960e+00  1.569992e+00   
   94   4.408972e+00  6.952536e-01   
   95   3.500000e+00  5.217391e-01   
   96   6.518639e+00  2.268846e+00   
   97   4.106218e+00  5.217391e-01   
   98   7.000411e+00  3.510545e+00   
   99   6.220253e+00  1.740883e+00   
   100   7.071429e+00  4.000000e+00   
   101   6.986148e+00  3.133513e+00   
   102   5.314984e+00  8.698210e-01   
   103   5.011544e+00  6.994005e-01   
   104   5.618657e+00  1.043314e+00   
   105   3.803109e+00  3.478261e-01   
   106   6.521098e+00  1.919382e+00   
   107   4.709804e+00  5.227423e-01   
   108   5.919077e+00  1.220088e+00   
   109   6.985507e+00  2.783777e+00   
   110   4.408314e+00  3.455159e-01   
   111   6.222775e+00  1.393884e+00   
   112   7.277068e+00  3.679324e+00   
   113   6.987632e+00  2.434047e+00   
   114   3.500000e+00  1.739130e-01   
   115   6.822970e+00  2.096247e+00   
   116   7.288916e+00  3.307045e+00   
   117   4.105510e+00  1.718753e-01   
   118   6.524615e+00  1.569586e+00   
   119   5.311163e+00  5.240462e-01   
   120   5.616164e+00  6.935841e-01   
   121   7.428571e+00  4.000000e+00   
   122   7.288248e+00  2.957300e+00   
   123   5.012450e+00  3.497518e-01   
   124   5.916973e+00  8.715241e-01   
   125   3.803109e+00  8.881784e-16   
   126   4.711575e+00  1.730254e-01   
   127   6.221129e+00  1.043977e+00   
   128   7.288982e+00  2.611540e+00   
   129   4.408619e+00  8.881784e-16   
   130   7.596012e+00  3.579032e+00   
   131   6.986562e+00  1.739107e+00   
   132   7.288096e+00  2.261778e+00   
   133   3.500000e+00 -1.739130e-01   
   134   7.591028e+00  3.130833e+00   
   135   4.105510e+00 -1.718753e-01   
   136   5.615474e+00  3.517014e-01   
   137   6.683609e+00  1.213312e+00   
   138   5.315015e+00  1.743417e-01   
   139   5.918927e+00  5.220313e-01   
   140   7.591686e+00  2.784919e+00   
   141   5.011365e+00  8.157657e-04   
   142   6.220755e+00  6.986403e-01   
   143   7.785714e+00  4.000000e+00   
   144   7.289696e+00  1.912019e+00   
   145   4.710421e+00 -1.766942e-01   
   146   6.985310e+00  1.390437e+00   
   147   3.803109e+00 -3.478261e-01   
   148   7.591028e+00  2.435181e+00   
   149   7.894490e+00  3.654212e+00   
   150   4.406576e+00 -3.496067e-01   
   151   7.893782e+00  3.304348e+00   
   152   6.687793e+00  8.620960e-01   
   153   7.289646e+00  1.566108e+00   
   154   7.591381e+00  2.088994e+00   
   155   7.894490e+00  2.958559e+00   
   156   3.500000e+00 -5.217391e-01   
   157   5.615019e+00  2.800138e-03   
   158   5.918355e+00  1.768556e-01   
   159   5.315051e+00 -1.728774e-01   
   160   4.106218e+00 -5.217391e-01   
   161   6.988108e+00  1.041042e+00   
   162   5.012522e+00 -3.485780e-01   
   163   7.893782e+00  2.608696e+00   
   164   6.308876e+00  3.458074e-01   
   165   8.142857e+00  4.000000e+00   
   166   7.590673e+00  1.739130e+00   
   167   4.708416e+00 -5.168897e-01   
   168   7.288272e+00  1.216372e+00   
   169   3.803109e+00 -6.956522e-01   
   170   8.188003e+00  3.507586e+00   
   171   7.894490e+00  2.262907e+00   
   172   6.695775e+00  5.107660e-01   
   173   8.196891e+00  3.130435e+00   
   174   4.406576e+00 -6.938715e-01   
   175   6.993620e+00  6.927432e-01   
   176   5.608866e+00 -3.447712e-01   
   177   8.196891e+00  2.782609e+00   
   178   7.591381e+00  1.389267e+00   
   179   7.893782e+00  1.913043e+00   
   180   3.500000e+00 -8.695652e-01   
   181   5.312959e+00 -5.278314e-01   
   182   6.089089e+00 -1.661540e-01   
   183   4.105510e+00 -8.716029e-01   
   184   7.289646e+00  8.666369e-01   
   185   6.392043e+00  5.351723e-03   
   186   5.007248e+00 -6.979338e-01   
   187   8.196891e+00  2.434783e+00   
   188   8.500000e+00  4.000000e+00   
   189   6.707403e+00  1.611996e-01   
   190   8.500000e+00  3.652174e+00   
   191   4.710421e+00 -8.667841e-01   
   192   7.893782e+00  1.565217e+00   
   193   7.591381e+00  1.043478e+00   
   194   8.500000e+00  3.304348e+00   
   195   3.803109e+00 -1.043478e+00   
   196   7.003881e+00  3.467601e-01   
   197   8.196891e+00  2.086957e+00   
   198   8.500000e+00  2.956522e+00   
   199   4.408619e+00 -1.043478e+00   
   200   5.612297e+00 -6.927082e-01   
   201   7.291689e+00  5.167754e-01   
   202   8.500000e+00  2.608696e+00   
   203   5.311083e+00 -8.706079e-01   
   204   7.894490e+00  1.215354e+00   
   205   6.085746e+00 -5.159410e-01   
   206   8.196891e+00  1.739130e+00   
   207   3.500000e+00 -1.217391e+00   
   208   6.389994e+00 -3.445311e-01   
   209   4.105510e+00 -1.215354e+00   
   210   6.693831e+00 -1.716961e-01   
   211   7.593424e+00  6.938715e-01   
   212   5.008706e+00 -1.045823e+00   
   213   8.500000e+00  2.260870e+00   
   214   6.999967e+00 -2.966014e-03   
   215   4.711575e+00 -1.216504e+00   
   216   8.196891e+00  1.391304e+00   
   217   7.894490e+00  8.716029e-01   
   218   3.803109e+00 -1.391304e+00   
   219   7.304349e+00  1.677555e-01   
   220   8.500000e+00  1.913043e+00   
   221   4.408314e+00 -1.388994e+00   
   222   5.615153e+00 -1.042523e+00   
   223   7.593424e+00  3.496067e-01   
   224   6.387702e+00 -6.913574e-01   
   225   6.084466e+00 -8.657416e-01   
   226   5.313014e+00 -1.217809e+00   
   227   6.692370e+00 -5.199099e-01   
   228   8.196891e+00  1.043478e+00   
   229   8.500000e+00  1.565217e+00   
   230   3.500000e+00 -1.565217e+00   
   231   6.991480e+00 -3.524181e-01   
   232   4.106218e+00 -1.565217e+00   
   233   5.011119e+00 -1.393995e+00   
   234   7.893782e+00  5.217391e-01   
   235   7.296497e+00 -1.811471e-01   
   236   4.709804e+00 -1.566221e+00   
   237   7.591381e+00 -4.440892e-16   
   238   8.500000e+00  1.217391e+00   
   239   8.196891e+00  6.956522e-01   
   240   3.803109e+00 -1.739130e+00   
   241   5.918778e+00 -1.216538e+00   
   242   5.616188e+00 -1.392347e+00   
   243   6.385074e+00 -1.041246e+00   
   244   4.408972e+00 -1.738732e+00   
   245   6.689227e+00 -8.682734e-01   
   246   7.894490e+00  1.718753e-01   
   247   6.989577e+00 -7.016654e-01   
   248   5.314106e+00 -1.568841e+00   
   249   8.500000e+00  8.695652e-01   
   250   7.291666e+00 -5.309270e-01   
   251   3.500000e+00 -1.913043e+00   
   252   5.010875e+00 -1.743263e+00   
   253   4.105510e+00 -1.911006e+00   
   254   8.196891e+00  3.478261e-01   
   255   7.590699e+00 -3.497900e-01   
   256   4.706695e+00 -1.916024e+00   
   257   7.894490e+00 -1.718753e-01   
   258   8.500000e+00  5.217391e-01   
   259   3.803109e+00 -2.086957e+00   
   260   6.688766e+00 -1.218037e+00   
   261   6.394695e+00 -1.393244e+00   
   262   6.991489e+00 -1.044264e+00   
   263   6.088756e+00 -1.563007e+00   
   264   4.406883e+00 -2.088464e+00   
   265   8.196891e+00  8.881784e-16   
   266   5.783408e+00 -1.733832e+00   
   267   7.293695e+00 -8.687639e-01   
   268   5.481007e+00 -1.908517e+00   
   269   7.598691e+00 -6.981604e-01   
   270   3.500000e+00 -2.260870e+00   
   271   4.106218e+00 -2.260870e+00   
   272   8.500000e+00  1.739130e-01   
   273   7.893782e+00 -5.217391e-01   
   274   5.176011e+00 -2.080037e+00   
   275   4.709992e+00 -2.260870e+00   
   276   8.196891e+00 -3.478261e-01   
   277   6.690785e+00 -1.567794e+00   
   278   6.992260e+00 -1.390460e+00   
   279   6.388341e+00 -1.743070e+00   
   280   3.803109e+00 -2.434783e+00   
   281   7.295493e+00 -1.216630e+00   
   282   6.084227e+00 -1.912511e+00   
   283   4.406883e+00 -2.433275e+00   
   284   7.592096e+00 -1.047567e+00   
   285   5.781320e+00 -2.087629e+00   
   286   8.500000e+00 -1.739130e-01   
   287   7.894490e+00 -8.716029e-01   
   288   5.477196e+00 -2.258166e+00   
   289   3.500000e+00 -2.608696e+00   
   290   4.105510e+00 -2.610733e+00   
   291   8.196891e+00 -6.956522e-01   
   292   5.173921e+00 -2.432713e+00   
   293   6.989911e+00 -1.735511e+00   
   294   4.708297e+00 -2.610543e+00   
   295   6.692110e+00 -1.916039e+00   
   296   6.386320e+00 -2.085530e+00   
   297   7.295244e+00 -1.564723e+00   
   298   8.500000e+00 -5.217391e-01   
   299   7.593436e+00 -1.396626e+00   
   300   6.084631e+00 -2.262045e+00   
   301   3.803109e+00 -2.782609e+00   
   302   5.779278e+00 -2.432294e+00   
   303   7.895915e+00 -1.221059e+00   
   304   4.408972e+00 -2.783007e+00   
   305   8.196891e+00 -1.043478e+00   
   306   5.476865e+00 -2.607835e+00   
   307   3.500000e+00 -2.956522e+00   
   308   8.500000e+00 -8.695652e-01   
   309   5.171907e+00 -2.779031e+00   
   310   4.106218e+00 -2.956522e+00   
   311   6.988531e+00 -2.090349e+00   
   312   7.290746e+00 -1.914104e+00   
   313   6.686674e+00 -2.264476e+00   
   314   6.381357e+00 -2.435400e+00   
   315   7.594515e+00 -1.745067e+00   
   316   4.709958e+00 -2.959409e+00   
   317   6.080092e+00 -2.610440e+00   
   318   7.897171e+00 -1.570009e+00   
   319   3.803109e+00 -3.130435e+00   
   320   8.196891e+00 -1.391304e+00   
   321   5.775233e+00 -2.782172e+00   
   322   4.408314e+00 -3.132745e+00   
   323   8.500000e+00 -1.217391e+00   
   324   5.473132e+00 -2.956712e+00   
   325   5.013166e+00 -3.133975e+00   
   326   3.500000e+00 -3.304348e+00   
   327   7.292525e+00 -2.263509e+00   
   328   6.989310e+00 -2.437784e+00   
   329   4.105510e+00 -3.306386e+00   
   330   7.593190e+00 -2.085499e+00   
   331   6.687363e+00 -2.614162e+00   
   332   6.382999e+00 -2.785002e+00   
   333   7.898075e+00 -1.918553e+00   
   334   4.710156e+00 -3.308885e+00   
   335   8.196891e+00 -1.739130e+00   
   336   6.080200e+00 -2.960341e+00   
   337   8.500000e+00 -1.565217e+00   
   338   5.775816e+00 -3.131896e+00   
   339   3.811641e+00 -3.508197e+00   
   340   5.472640e+00 -3.306643e+00   
   341   7.292313e+00 -2.612427e+00   
   342   7.592693e+00 -2.434900e+00   
   343   6.991388e+00 -2.788282e+00   
   344   4.403384e+00 -3.580338e+00   
   345   7.894490e+00 -2.258832e+00   
   346   3.500000e+00 -3.652174e+00   
   347   6.683543e+00 -2.963900e+00   
   348   4.104085e+00 -3.655842e+00   
   349   8.196891e+00 -2.086957e+00   
   350   6.385588e+00 -3.145730e+00   
   351   8.500000e+00 -1.913043e+00   
   352   5.084179e+00 -3.580546e+00   
   353   6.076834e+00 -3.310175e+00   
   354   4.739544e+00 -3.693954e+00   
   355   5.751713e+00 -3.510779e+00   
   356   5.469104e+00 -3.655813e+00   
   357   7.296632e+00 -2.956527e+00   
   358   7.596722e+00 -2.784607e+00   
   359   7.893782e+00 -2.608696e+00   
   360   6.997695e+00 -3.137861e+00   
   361   8.196891e+00 -2.434783e+00   
   362   6.693595e+00 -3.309960e+00   
   363   3.500000e+00 -4.000000e+00   
   364   3.857143e+00 -4.000000e+00   
   365   8.500000e+00 -2.260870e+00   
   366   4.214286e+00 -4.000000e+00   
   367   6.396979e+00 -3.495308e+00   
   368   4.571429e+00 -4.000000e+00   
   369   6.073028e+00 -3.660145e+00   
   370   4.928571e+00 -4.000000e+00   
   371   5.285714e+00 -4.000000e+00   
   372   7.598005e+00 -3.134309e+00   
   373   7.899697e+00 -2.957461e+00   
   374   7.293692e+00 -3.306418e+00   
   375   8.196891e+00 -2.782609e+00   
   376   5.642857e+00 -4.000000e+00   
   377   8.500000e+00 -2.608696e+00   
   378   7.006754e+00 -3.511728e+00   
   379   6.692344e+00 -3.659813e+00   
   380   6.000000e+00 -4.000000e+00   
   381   6.357143e+00 -4.000000e+00   
   382   7.895823e+00 -3.305916e+00   
   383   8.196891e+00 -3.130435e+00   
   384   7.291767e+00 -3.656315e+00   
   385   8.500000e+00 -2.956522e+00   
   386   7.599014e+00 -3.579781e+00   
   387   6.714286e+00 -4.000000e+00   
   388   7.071429e+00 -4.000000e+00   
   389   7.899523e+00 -3.655508e+00   
   390   8.500000e+00 -3.304348e+00   
   391   8.189182e+00 -3.508063e+00   
   392   7.428571e+00 -4.000000e+00   
   393   7.785714e+00 -4.000000e+00   
   394   8.500000e+00 -3.652174e+00   
   395   8.142857e+00 -4.000000e+00   
   396   8.500000e+00 -4.000000e+00   
  END_COORDINATES
  BOUNDARIES, ELEMENT
    1         395     396         1     
    2         396     394         1     
    3         229     220         2     
    4         78     95         3     
    5         323     308         4     
    6         2     6         5     
    7         251     270         6     
    8         377     365         7     
    9         198     194         8     
    10         156     180         9     
    11         272     258         10     
    12         25     35         11     
    13         326     346         12     
    14         390     385         13     
    15         213     202         14     
    16         114     133         15     
    17         298     286         16     
    18         11     17         17     
    19         289     307         18     
    20         351     337         19     
    21         190     188         20     
    22         188     165         20     
    23         207     230         21     
    24         249     238         22     
    25         47     63         23     
    26         394     390         24     
    27         220     213         25     
    28         95     114         26     
    29         308     298         27     
    30         6     11         28     
    31         270     289         29     
    32         365     351         30     
    33         194     190         31     
    34         180     207         32     
    35         258     249         33     
    36         35     47         34     
    37         363     364         35     
    38         346     363         35     
    39         385     377         36     
    40         202     198         37     
    41         133     156         38     
    42         286     272         39     
    43         17     25         40     
    44         307     326         41     
    45         337     323         42     
    46         3     1         43     
    47         1     2         43     
    48         230     251         44     
    49         238     229         45     
    50         63     78         46     
    51         143     121         607     
    52         366     368         632     
    53         381     387         690     
    54         387     388         691     
    55         19     12         693     
    56         370     371         694     
    57         393     395         695     
    58         68     51         696     
    59         51     39         698     
    60         388     392         700     
    61         100     84         701     
    62         84     68         702     
    63         7     3         703     
    64         376     380         704     
    65         380     381         705     
    66         39     27         706     
    67         27     19         707     
    68         364     366         708     
    69         121     100         709     
    70         12     7         710     
    71         371     376         711     
    72         368     370         712     
    73         392     393         713     
    74         165     143         714     
  END_BOUNDARIES
  MATERIALS, NUMBER= 1, DEFAULT=1
  END_MATERIALS
  SUBDOMAINS
  END_SUBDOMAINS
  CHARACTERISTICS
  END_CHARACTERISTICS
