  NODES_PER_ELEMENT
   1 3
   2 3
   3 3
   4 3
   5 3
   6 3
   7 3
   8 3
   9 3
   10 3
   11 3
   12 3
   13 3
   14 3
   15 3
   16 3
   17 3
   18 3
   19 3
   20 3
   21 3
   22 3
   23 3
   24 3
   25 3
   26 3
   27 3
   28 3
   29 3
   30 3
   31 3
   32 3
   33 3
   34 3
   35 3
   36 3
   37 3
   38 3
   39 3
   40 3
   41 3
   42 3
   43 3
   44 3
   45 3
   46 3
   47 3
   48 3
   49 3
   50 3
   51 3
   52 3
   53 3
   54 3
   55 3
   56 3
   57 3
   58 3
   59 3
   60 3
   61 3
   62 3
   63 3
   64 3
   65 3
   66 3
   67 3
   68 3
   69 3
   70 3
   71 3
   72 3
   73 3
   74 3
   75 3
   76 3
   77 3
   78 3
   79 3
   80 3
   81 3
   82 3
   83 3
   84 3
   85 3
   86 3
   87 3
   88 3
   89 3
   90 3
   91 3
   92 3
   93 3
   94 3
   95 3
   96 3
   97 3
   98 3
   99 3
   100 3
   101 3
   102 3
   103 3
   104 3
   105 3
   106 3
   107 3
   108 3
   109 3
   110 3
   111 3
   112 3
   113 3
   114 3
   115 3
   116 3
   117 3
   118 3
   119 3
   120 3
   121 3
   122 3
   123 3
   124 3
   125 3
   126 3
   127 3
   128 3
   129 3
   130 3
   131 3
   132 3
   133 3
   134 3
   135 3
   136 3
   137 3
   138 3
   139 3
   140 3
   141 3
   142 3
   143 3
   144 3
   145 3
   146 3
   147 3
   148 3
   149 3
   150 3
   151 3
   152 3
   153 3
   154 3
   155 3
   156 3
   157 3
   158 3
   159 3
   160 3
   161 3
   162 3
   163 3
   164 3
   165 3
   166 3
   167 3
   168 3
   169 3
   170 3
   171 3
   172 3
   173 3
   174 3
   175 3
   176 3
   177 3
   178 3
   179 3
   180 3
   181 3
   182 3
   183 3
   184 3
   185 3
   186 3
   187 3
   188 3
   189 3
   190 3
   191 3
   192 3
   193 3
   194 3
   195 3
   196 3
   197 3
   198 3
   199 3
   200 3
   201 3
   202 3
   203 3
   204 3
   205 3
   206 3
   207 3
   208 3
   209 3
   210 3
   211 3
   212 3
   213 3
   214 3
   215 3
   216 3
   217 3
   218 3
   219 3
   220 3
   221 3
   222 3
   223 3
   224 3
   225 3
   226 3
   227 3
   228 3
   229 3
   230 3
   231 3
   232 3
   233 3
   234 3
   235 3
   236 3
   237 3
   238 3
   239 3
   240 3
   241 3
   242 3
   243 3
   244 3
   245 3
   246 3
   247 3
   248 3
   249 3
   250 3
   251 3
   252 3
   253 3
   254 3
   255 3
   256 3
   257 3
   258 3
   259 3
   260 3
   261 3
   262 3
   263 3
   264 3
   265 3
   266 3
   267 3
   268 3
   269 3
   270 3
   271 3
   272 3
   273 3
   274 3
   275 3
   276 3
   277 3
   278 3
   279 3
   280 3
   281 3
   282 3
   283 3
   284 3
   285 3
   286 3
   287 3
   288 3
   289 3
   290 3
   291 3
   292 3
   293 3
   294 3
   295 3
   296 3
   297 3
   298 3
   299 3
   300 3
   301 3
   302 3
   303 3
   304 3
   305 3
   306 3
   307 3
   308 3
   309 3
   310 3
   311 3
   312 3
   313 3
   314 3
   315 3
   316 3
   317 3
   318 3
   319 3
   320 3
   321 3
   322 3
   323 3
   324 3
   325 3
   326 3
   327 3
   328 3
   329 3
   330 3
   331 3
   332 3
   333 3
   334 3
   335 3
   336 3
   337 3
   338 3
   339 3
   340 3
   341 3
   342 3
   343 3
   344 3
   345 3
   346 3
   347 3
   348 3
   349 3
   350 3
   351 3
   352 3
   353 3
   354 3
   355 3
   356 3
   357 3
   358 3
   359 3
   360 3
   361 3
   362 3
   363 3
   364 3
   365 3
   366 3
   367 3
   368 3
   369 3
   370 3
   371 3
   372 3
   373 3
   374 3
   375 3
   376 3
   377 3
   378 3
   379 3
   380 3
   381 3
   382 3
   383 3
   384 3
   385 3
   386 3
   387 3
   388 3
   389 3
   390 3
   391 3
   392 3
   393 3
   394 3
   395 3
   396 3
   397 3
   398 3
   399 3
   400 3
   401 3
   402 3
   403 3
   404 3
   405 3
   406 3
   407 3
   408 3
   409 3
   410 3
   411 3
   412 3
   413 3
   414 3
   415 3
   416 3
   417 3
   418 3
   419 3
   420 3
   421 3
   422 3
   423 3
   424 3
   425 3
   426 3
   427 3
   428 3
   429 3
   430 3
   431 3
   432 3
   433 3
   434 3
   435 3
   436 3
   437 3
   438 3
   439 3
   440 3
   441 3
   442 3
   443 3
   444 3
   445 3
   446 3
   447 3
   448 3
   449 3
   450 3
   451 3
   452 3
   453 3
   454 3
   455 3
   456 3
   457 3
   458 3
   459 3
   460 3
   461 3
   462 3
   463 3
   464 3
   465 3
   466 3
   467 3
   468 3
   469 3
   470 3
   471 3
   472 3
   473 3
   474 3
   475 3
   476 3
   477 3
   478 3
   479 3
   480 3
   481 3
   482 3
   483 3
   484 3
   485 3
   486 3
   487 3
   488 3
   489 3
   490 3
   491 3
   492 3
   493 3
   494 3
   495 3
   496 3
   497 3
   498 3
   499 3
   500 3
   501 3
   502 3
   503 3
   504 3
   505 3
   506 3
   507 3
   508 3
   509 3
   510 3
   511 3
   512 3
   513 3
   514 3
   515 3
   516 3
   517 3
   518 3
   519 3
   520 3
   521 3
   522 3
   523 3
   524 3
   525 3
   526 3
   527 3
   528 3
   529 3
   530 3
   531 3
   532 3
   533 3
   534 3
   535 3
   536 3
   537 3
   538 3
   539 3
   540 3
   541 3
   542 3
   543 3
   544 3
   545 3
   546 3
   547 3
   548 3
   549 3
   550 3
   551 3
   552 3
   553 3
   554 3
   555 3
   556 3
   557 3
   558 3
   559 3
   560 3
   561 3
   562 3
   563 3
   564 3
   565 3
   566 3
   567 3
   568 3
   569 3
   570 3
   571 3
   572 3
   573 3
   574 3
   575 3
   576 3
   577 3
   578 3
   579 3
   580 3
   581 3
   582 3
   583 3
   584 3
   585 3
   586 3
   587 3
   588 3
   589 3
   590 3
   591 3
   592 3
   593 3
   594 3
   595 3
   596 3
   597 3
   598 3
   599 3
   600 3
   601 3
   602 3
   603 3
   604 3
   605 3
   606 3
   607 3
   608 3
   609 3
   610 3
   611 3
   612 3
   613 3
   614 3
   615 3
   616 3
   617 3
   618 3
   619 3
   620 3
   621 3
   622 3
   623 3
   624 3
   625 3
   626 3
   627 3
   628 3
   629 3
   630 3
   631 3
   632 3
   633 3
   634 3
   635 3
   636 3
   637 3
   638 3
   639 3
   640 3
   641 3
   642 3
   643 3
   644 3
   645 3
   646 3
   647 3
   648 3
   649 3
  END_NODES_PER_ELEMENT
  ELEMENTS
  1 338 335 330  
  2 370 372 367  
  3 367 372 368  
  4 370 367 362  
  5 368 372 374  
  6 367 368 359  
  7 362 367 354  
  8 370 362 366  
  9 366 362 353  
  10 93 86 87  
  11 75 68 69  
  12 10 14 12  
  13 352 357 348  
  14 330 335 327  
  15 338 330 334  
  16 359 368 361  
  17 367 359 354  
  18 354 359 346  
  19 362 354 353  
  20 328 323 319  
  21 122 114 111  
  22 52 48 51  
  23 87 86 78  
  24 93 87 96  
  25 69 68 62  
  26 75 69 78  
  27 350 347 340  
  28 12 14 18  
  29 10 12 6  
  30 348 357 353  
  31 352 348 337  
  32 306 302 298  
  33 347 343 336  
  34 319 323 311  
  35 328 319 327  
  36 111 104 96  
  37 122 111 123  
  38 51 48 41  
  39 52 51 59  
  40 327 335 328  
  41 330 327 318  
  42 334 330 326  
  43 338 334 343  
  44 343 334 336  
  45 366 353 357  
  46 302 297 296  
  47 48 42 41  
  48 41 42 33  
  49 373 371 363  
  50 78 69 70  
  51 97 105 98  
  52 244 255 246  
  53 312 306 303  
  54 1 2 3  
  55 361 368 374  
  56 359 361 346  
  57 199 190 188  
  58 13 8 11  
  59 75 78 86  
  60 371 369 358  
  61 340 347 336  
  62 340 336 329  
  63 350 340 345  
  64 348 353 341  
  65 273 264 263  
  66 62 68 59  
  67 62 59 51  
  68 69 62 60  
  69 87 78 81  
  70 93 96 104  
  71 104 111 114  
  72 96 87 89  
  73 28 21 22  
  74 258 250 249  
  75 39 46 44  
  76 305 315 301  
  77 369 365 355  
  78 169 165 164  
  79 57 64 56  
  80 286 295 284  
  81 129 122 123  
  82 129 123 138  
  83 32 39 35  
  84 315 324 314  
  85 327 319 318  
  86 323 317 311  
  87 311 312 303  
  88 33 28 31  
  89 298 302 296  
  90 298 296 289  
  91 306 298 303  
  92 303 298 289  
  93 297 292 287  
  94 165 152 153  
  95 18 14 20  
  96 18 20 27  
  97 6 12 9  
  98 337 348 341  
  99 12 18 15  
  100 10 6 5  
  101 5 6 2  
  102 352 337 342  
  103 342 337 333  
  104 2 6 3  
  105 365 360 351  
  106 336 334 326  
  107 152 148 147  
  108 27 32 25  
  109 324 333 321  
  110 148 138 137  
  111 360 356 345  
  112 345 356 350  
  113 361 374 375  
  114 190 182 176  
  115 354 346 341  
  116 296 297 287  
  117 296 287 289  
  118 319 311 304  
  119 123 111 115  
  120 363 371 358  
  121 363 358 349  
  122 373 363 364  
  123 98 105 116  
  124 97 98 85  
  125 246 255 260  
  126 244 246 229  
  127 1 3 4  
  128 51 41 43  
  129 312 311 317  
  130 73 83 72  
  131 266 277 267  
  132 353 354 341  
  133 188 190 176  
  134 188 176 177  
  135 199 188 200  
  136 11 8 4  
  137 13 11 21  
  138 330 318 326  
  139 326 318 307  
  140 358 369 355  
  141 358 355 349  
  142 292 285 281  
  143 263 264 249  
  144 273 263 279  
  145 22 21 11  
  146 28 22 31  
  147 31 22 24  
  148 249 250 234  
  149 258 249 264  
  150 44 57 56  
  151 39 44 35  
  152 35 44 36  
  153 301 315 314  
  154 301 314 308  
  155 305 301 295  
  156 56 73 72  
  157 57 44 46  
  158 284 295 301  
  159 286 284 277  
  160 355 365 351  
  161 355 351 339  
  162 164 165 153  
  163 164 153 151  
  164 169 164 182  
  165 345 340 329  
  166 32 35 25  
  167 25 35 36  
  168 314 324 321  
  169 314 321 308  
  170 70 69 60  
  171 70 60 66  
  172 78 70 81  
  173 81 70 66  
  174 33 31 41  
  175 60 62 53  
  176 287 292 281  
  177 287 281 275  
  178 153 152 147  
  179 153 147 151  
  180 87 81 89  
  181 89 81 82  
  182 96 89 103  
  183 351 360 345  
  184 27 25 18  
  185 321 333 337  
  186 147 148 137  
  187 147 137 136  
  188 9 12 15  
  189 9 15 17  
  190 6 9 3  
  191 15 18 25  
  192 137 138 123  
  193 176 182 164  
  194 72 83 85  
  195 85 83 97  
  196 72 85 79  
  197 73 56 64  
  198 267 277 284  
  199 266 267 260  
  200 260 267 256  
  201 266 260 255  
  202 285 279 274  
  203 364 363 349  
  204 373 364 375  
  205 375 364 361  
  206 281 285 274  
  207 281 274 275  
  208 116 105 118  
  209 116 118 131  
  210 85 98 79  
  211 229 246 237  
  212 98 116 101  
  213 246 260 256  
  214 244 229 231  
  215 231 229 218  
  216 304 311 299  
  217 319 304 318  
  218 115 111 103  
  219 103 111 96  
  220 123 115 137  
  221 43 41 31  
  222 51 43 53  
  223 51 53 62  
  224 329 336 326  
  225 200 188 177  
  226 199 200 211  
  227 211 200 221  
  228 234 250 241  
  229 234 241 230  
  230 249 234 232  
  231 115 103 102  
  232 53 43 50  
  233 60 53 50  
  234 103 89 102  
  235 230 221 216  
  236 155 167 159  
  237 167 180 168  
  238 180 195 183  
  239 143 155 146  
  240 195 208 196  
  241 131 143 133  
  242 208 218 210  
  243 274 279 263  
  244 341 346 331  
  245 177 176 151  
  246 307 318 304  
  247 326 307 329  
  248 24 22 11  
  249 31 24 43  
  250 36 44 56  
  251 301 291 284  
  252 237 246 256  
  253 229 237 219  
  254 101 116 120  
  255 98 101 79  
  256 339 351 345  
  257 355 339 349  
  258 299 311 303  
  259 299 303 289  
  260 304 299 290  
  261 164 151 176  
  262 361 364 344  
  263 66 60 50  
  264 287 275 289  
  265 82 81 66  
  266 89 82 102  
  267 346 361 344  
  268 232 234 216  
  269 249 232 245  
  270 349 339 325  
  271 159 167 168  
  272 159 168 162  
  273 168 180 183  
  274 168 181 162  
  275 183 195 196  
  276 183 196 181  
  277 155 159 146  
  278 146 159 134  
  279 216 221 200  
  280 230 216 234  
  281 143 146 133  
  282 133 146 134  
  283 196 208 210  
  284 196 201 181  
  285 131 133 116  
  286 210 218 229  
  287 136 137 115  
  288 147 136 151  
  289 331 346 344  
  290 341 331 322  
  291 17 15 23  
  292 9 17 7  
  293 72 79 61  
  294 256 267 276  
  295 82 66 71  
  296 289 275 271  
  297 337 341 322  
  298 151 136 140  
  299 115 102 121  
  300 50 43 37  
  301 183 181 168  
  302 134 159 162  
  303 133 134 120  
  304 133 120 116  
  305 219 237 226  
  306 229 219 210  
  307 210 219 201  
  308 101 120 107  
  309 290 299 271  
  310 304 290 307  
  311 321 337 322  
  312 321 322 308  
  313 299 289 271  
  314 344 364 349  
  315 344 349 325  
  316 245 232 227  
  317 249 245 263  
  318 263 245 259  
  319 325 339 320  
  320 322 331 310  
  321 201 219 226  
  322 210 201 196  
  323 181 201 189  
  324 23 15 25  
  325 23 25 36  
  326 23 36 34  
  327 34 36 47  
  328 23 34 17  
  329 7 17 19  
  330 9 7 3  
  331 3 7 4  
  332 259 245 240  
  333 263 259 274  
  334 274 259 275  
  335 71 66 55  
  336 82 71 91  
  337 61 79 67  
  338 72 61 56  
  339 56 61 47  
  340 276 267 284  
  341 276 284 291  
  342 256 276 262  
  343 271 275 257  
  344 345 329 332  
  345 332 329 313  
  346 345 332 339  
  347 339 332 320  
  348 320 332 313  
  349 320 313 300  
  350 300 313 294  
  351 320 300 309  
  352 189 201 209  
  353 181 189 173  
  354 313 329 307  
  355 140 136 121  
  356 121 136 115  
  357 151 140 157  
  358 121 102 106  
  359 37 43 24  
  360 37 24 26  
  361 26 24 16  
  362 37 26 38  
  363 50 37 38  
  364 226 237 243  
  365 107 120 134  
  366 101 107 88  
  367 291 301 308  
  368 291 308 293  
  369 293 308 310  
  370 291 293 278  
  371 276 291 278  
  372 278 293 282  
  373 276 278 262  
  374 262 278 265  
  375 265 278 282  
  376 265 282 272  
  377 262 265 247  
  378 272 282 288  
  379 265 272 253  
  380 325 320 309  
  381 325 309 316  
  382 316 309 288  
  383 325 316 344  
  384 47 36 56  
  385 34 47 49  
  386 227 232 214  
  387 245 227 240  
  388 240 227 224  
  389 224 227 212  
  390 240 224 239  
  391 212 227 214  
  392 212 214 197  
  393 197 214 203  
  394 212 197 193  
  395 224 212 205  
  396 239 224 223  
  397 240 239 257  
  398 257 239 248  
  399 248 239 223  
  400 257 248 271  
  401 197 203 184  
  402 193 197 179  
  403 212 193 205  
  404 205 193 187  
  405 187 193 174  
  406 205 187 204  
  407 174 193 179  
  408 174 179 161  
  409 161 179 166  
  410 174 161 160  
  411 187 174 170  
  412 204 187 186  
  413 205 204 223  
  414 223 204 220  
  415 294 313 307  
  416 309 300 288  
  417 161 166 150  
  418 174 160 170  
  419 170 160 154  
  420 154 160 141  
  421 170 154 172  
  422 166 179 184  
  423 166 184 177  
  424 160 161 144  
  425 310 331 316  
  426 322 310 308  
  427 19 17 29  
  428 7 19 16  
  429 16 19 26  
  430 26 19 30  
  431 30 19 29  
  432 30 29 40  
  433 40 29 34  
  434 34 29 17  
  435 30 40 45  
  436 26 30 38  
  437 259 240 257  
  438 141 160 144  
  439 141 144 127  
  440 127 144 132  
  441 141 127 125  
  442 154 141 139  
  443 172 154 156  
  444 170 172 186  
  445 186 172 185  
  446 55 66 50  
  447 55 50 38  
  448 71 55 65  
  449 91 71 84  
  450 82 91 102  
  451 102 91 106  
  452 106 91 84  
  453 67 79 88  
  454 88 79 101  
  455 61 67 47  
  456 256 262 243  
  457 256 243 237  
  458 257 275 259  
  459 220 204 202  
  460 223 220 248  
  461 16 24 11  
  462 16 11 7  
  463 262 247 243  
  464 127 132 113  
  465 141 125 139  
  466 139 125 124  
  467 124 125 108  
  468 139 124 142  
  469 247 265 253  
  470 247 253 233  
  471 132 144 150  
  472 132 150 126  
  473 125 127 110  
  474 45 40 54  
  475 30 45 38  
  476 38 45 65  
  477 233 253 242  
  478 247 233 228  
  479 209 201 226  
  480 209 226 228  
  481 228 226 243  
  482 189 209 198  
  483 173 189 178  
  484 181 173 162  
  485 108 125 110  
  486 108 110 90  
  487 90 110 95  
  488 108 90 92  
  489 124 108 109  
  490 142 124 128  
  491 139 142 156  
  492 156 142 158  
  493 288 282 310  
  494 272 288 280  
  495 253 272 261  
  496 95 110 113  
  497 95 113 99  
  498 90 95 77  
  499 92 90 74  
  500 108 92 109  
  501 109 92 94  
  502 94 92 76  
  503 109 94 112  
  504 157 140 150  
  505 151 157 177  
  506 185 172 171  
  507 186 185 202  
  508 186 202 204  
  509 202 185 206  
  510 206 185 191  
  511 202 206 222  
  512 121 106 126  
  513 94 76 80  
  514 109 112 128  
  515 128 112 130  
  516 76 92 74  
  517 76 74 54  
  518 112 94 100  
  519 88 107 100  
  520 100 107 119  
  521 119 107 134  
  522 100 119 112  
  523 112 119 130  
  524 130 119 135  
  525 135 119 134  
  526 135 134 162  
  527 130 135 149  
  528 149 135 162  
  529 130 149 145  
  530 158 142 145  
  531 158 145 163  
  532 163 145 149  
  533 158 163 175  
  534 156 158 171  
  535 156 171 172  
  536 171 158 175  
  537 224 205 223  
  538 214 232 216  
  539 214 216 203  
  540 184 203 192  
  541 179 197 184  
  542 95 99 84  
  543 84 99 106  
  544 106 99 117  
  545 117 99 113  
  546 117 113 132  
  547 117 132 126  
  548 117 126 106  
  549 282 293 310  
  550 187 170 186  
  551 49 47 67  
  552 128 130 145  
  553 128 145 142  
  554 34 49 40  
  555 40 49 54  
  556 150 166 157  
  557 144 161 150  
  558 202 222 220  
  559 220 222 236  
  560 236 222 235  
  561 220 236 248  
  562 235 222 217  
  563 236 235 252  
  564 217 222 206  
  565 217 206 207  
  566 207 206 191  
  567 207 191 194  
  568 217 207 225  
  569 194 191 175  
  570 207 194 213  
  571 225 207 213  
  572 225 213 233  
  573 217 225 238  
  574 213 194 198  
  575 235 217 238  
  576 235 238 254  
  577 254 238 261  
  578 235 254 252  
  579 252 254 269  
  580 269 254 270  
  581 252 269 268  
  582 270 254 261  
  583 269 270 294  
  584 268 269 283  
  585 252 268 251  
  586 236 252 251  
  587 236 251 248  
  588 248 251 271  
  589 238 225 242  
  590 242 225 233  
  591 238 242 261  
  592 261 242 253  
  593 283 269 294  
  594 268 283 290  
  595 294 270 280  
  596 294 280 300  
  597 280 270 261  
  598 191 185 171  
  599 251 268 271  
  600 154 139 156  
  601 71 65 84  
  602 65 55 38  
  603 110 127 113  
  604 228 233 215  
  605 178 189 198  
  606 128 124 109  
  607 198 209 215  
  608 45 54 58  
  609 247 228 243  
  610 173 178 149  
  611 280 288 300  
  612 77 95 84  
  613 261 272 280  
  614 74 90 77  
  615 175 163 178  
  616 80 76 63  
  617 100 94 80  
  618 121 126 140  
  619 140 126 150  
  620 192 203 216  
  621 184 192 177  
  622 177 192 200  
  623 200 192 216  
  624 215 209 228  
  625 215 233 213  
  626 215 213 198  
  627 58 54 74  
  628 45 58 65  
  629 63 76 54  
  630 80 63 67  
  631 80 67 88  
  632 11 4 7  
  633 175 191 171  
  634 194 175 178  
  635 163 149 178  
  636 198 194 178  
  637 162 173 149  
  638 100 80 88  
  639 58 74 77  
  640 58 77 65  
  641 67 63 49  
  642 49 63 54  
  643 84 65 77  
  644 310 316 288  
  645 331 344 316  
  646 283 294 307  
  647 290 283 307  
  648 177 157 166  
  649 268 290 271  
  END_ELEMENTS  
  COORDINATES  
   1   5.152542e+00  3.240496e+00   
   2   5.016949e+00  3.197232e+00   
   3   5.129677e+00  3.078045e+00   
   4   5.355932e+00  3.263777e+00   
   5   4.881356e+00  3.125352e+00   
   6   4.922254e+00  3.025089e+00   
   7   5.254496e+00  2.858494e+00   
   8   5.559322e+00  3.247605e+00   
   9   4.966734e+00  2.836929e+00   
   10   4.745763e+00  3.016389e+00   
   11   5.598514e+00  3.085335e+00   
   12   4.793042e+00  2.896587e+00   
   13   5.700919e+00  3.217172e+00   
   14   4.669907e+00  2.934343e+00   
   15   4.866113e+00  2.728098e+00   
   16   5.575222e+00  2.821278e+00   
   17   5.092640e+00  2.619592e+00   
   18   4.674015e+00  2.756205e+00   
   19   5.388659e+00  2.593318e+00   
   20   4.567929e+00  2.792929e+00   
   21   5.898305e+00  3.151989e+00   
   22   5.904723e+00  2.981620e+00   
   23   4.867140e+00  2.439531e+00   
   24   5.865116e+00  2.753284e+00   
   25   4.653538e+00  2.527844e+00   
   26   5.668765e+00  2.538592e+00   
   27   4.488580e+00  2.651515e+00   
   28   6.033898e+00  3.092888e+00   
   29   5.217680e+00  2.347665e+00   
   30   5.478893e+00  2.310969e+00   
   31   6.077126e+00  2.883865e+00   
   32   4.424457e+00  2.510101e+00   
   33   6.169492e+00  3.022934e+00   
   34   5.010476e+00  2.191152e+00   
   35   4.526465e+00  2.368897e+00   
   36   4.727995e+00  2.240565e+00   
   37   5.958142e+00  2.508473e+00   
   38   5.786557e+00  2.265121e+00   
   39   4.371172e+00  2.368687e+00   
   40   5.312143e+00  2.072035e+00   
   41   6.262939e+00  2.822931e+00   
   42   6.305085e+00  2.942322e+00   
   43   6.226587e+00  2.629534e+00   
   44   4.450180e+00  2.191377e+00   
   45   5.608572e+00  2.042813e+00   
   46   4.325967e+00  2.227273e+00   
   47   4.824468e+00  1.959937e+00   
   48   6.422121e+00  2.863636e+00   
   49   5.119904e+00  1.912692e+00   
   50   6.208165e+00  2.352886e+00   
   51   6.444472e+00  2.700589e+00   
   52   6.518742e+00  2.792929e+00   
   53   6.413304e+00  2.539410e+00   
   54   5.434869e+00  1.798870e+00   
   55   6.165628e+00  2.133165e+00   
   56   4.460085e+00  1.907443e+00   
   57   4.271186e+00  2.020239e+00   
   58   5.733357e+00  1.770144e+00   
   59   6.644068e+00  2.692387e+00   
   60   6.517810e+00  2.403399e+00   
   61   4.613785e+00  1.714975e+00   
   62   6.623541e+00  2.563299e+00   
   63   5.149819e+00  1.617946e+00   
   64   4.239093e+00  1.873737e+00   
   65   6.066639e+00  1.850618e+00   
   66   6.459310e+00  2.180896e+00   
   67   4.850344e+00  1.534380e+00   
   68   6.769849e+00  2.580808e+00   
   69   6.731587e+00  2.463105e+00   
   70   6.670956e+00  2.320797e+00   
   71   6.360423e+00  1.908260e+00   
   72   4.390244e+00  1.611315e+00   
   73   4.203390e+00  1.682617e+00   
   74   5.627865e+00  1.476748e+00   
   75   6.847458e+00  2.506602e+00   
   76   5.358094e+00  1.402150e+00   
   77   5.931103e+00  1.560430e+00   
   78   6.832188e+00  2.363532e+00   
   79   4.572554e+00  1.427574e+00   
   80   5.067369e+00  1.329591e+00   
   81   6.763171e+00  2.200840e+00   
   82   6.637323e+00  1.994489e+00   
   83   4.178018e+00  1.520202e+00   
   84   6.289315e+00  1.617441e+00   
   85   4.313633e+00  1.415081e+00   
   86   6.979654e+00  2.368687e+00   
   87   6.931566e+00  2.254460e+00   
   88   4.758815e+00  1.238819e+00   
   89   6.857608e+00  2.093954e+00   
   90   5.847312e+00  1.272804e+00   
   91   6.576120e+00  1.703316e+00   
   92   5.562381e+00  1.184410e+00   
   93   7.050847e+00  2.288108e+00   
   94   5.276458e+00  1.114958e+00   
   95   6.137250e+00  1.343053e+00   
   96   7.027563e+00  2.142400e+00   
   97   4.150359e+00  1.308081e+00   
   98   4.289515e+00  1.221365e+00   
   99   6.421718e+00  1.435346e+00   
   100   4.990009e+00  1.027023e+00   
   101   4.491953e+00  1.104393e+00   
   102   6.806637e+00  1.730167e+00   
   103   6.995377e+00  1.932977e+00   
   104   7.158116e+00  2.156566e+00   
   105   4.134944e+00  1.166667e+00   
   106   6.657465e+00  1.471478e+00   
   107   4.737653e+00  9.407618e-01   
   108   5.785324e+00  9.861788e-01   
   109   5.493957e+00  9.167921e-01   
   110   6.047527e+00  1.058537e+00   
   111   7.159697e+00  1.957922e+00   
   112   5.210229e+00  8.238263e-01   
   113   6.356235e+00  1.143538e+00   
   114   7.254237e+00  2.028497e+00   
   115   7.083435e+00  1.741901e+00   
   116   4.273776e+00  9.485718e-01   
   117   6.578952e+00  1.196603e+00   
   118   4.116068e+00  9.545455e-01   
   119   4.947865e+00  7.380503e-01   
   120   4.465975e+00  8.252859e-01   
   121   6.956040e+00  1.476459e+00   
   122   7.322034e+00  1.930294e+00   
   123   7.277115e+00  1.772816e+00   
   124   5.700952e+00  7.003149e-01   
   125   5.985718e+00  7.655460e-01   
   126   6.811086e+00  1.214197e+00   
   127   6.269056e+00  8.570695e-01   
   128   5.415555e+00  6.094401e-01   
   129   7.403031e+00  1.803030e+00   
   130   5.125259e+00  5.369291e-01   
   131   4.101498e+00  7.424242e-01   
   132   6.559308e+00  9.234799e-01   
   133   4.316478e+00  6.253227e-01   
   134   4.571659e+00  5.102173e-01   
   135   4.841716e+00  4.656316e-01   
   136   7.203368e+00  1.339224e+00   
   137   7.374875e+00  1.514247e+00   
   138   7.484830e+00  1.661616e+00   
   139   5.919677e+00  5.066497e-01   
   140   7.033259e+00  1.099537e+00   
   141   6.211850e+00  5.718421e-01   
   142   5.638084e+00  4.089655e-01   
   143   4.090867e+00  5.303030e-01   
   144   6.464201e+00  6.413251e-01   
   145   5.336710e+00  3.247837e-01   
   146   4.273083e+00  4.385156e-01   
   147   7.444864e+00  1.380784e+00   
   148   7.558647e+00  1.520202e+00   
   149   5.046845e+00  2.493163e-01   
   150   6.779915e+00  7.280738e-01   
   151   7.327119e+00  1.093803e+00   
   152   7.624808e+00  1.378788e+00   
   153   7.528679e+00  1.240663e+00   
   154   6.123860e+00  2.877334e-01   
   155   4.083916e+00  3.181818e-01   
   156   5.839873e+00  1.930436e-01   
   157   7.175120e+00  8.369119e-01   
   158   5.549159e+00  1.236103e-01   
   159   4.302493e+00  2.085529e-01   
   160   6.407167e+00  3.475407e-01   
   161   6.688434e+00  4.431295e-01   
   162   4.561433e+00  1.021364e-01   
   163   5.264298e+00  3.554719e-02   
   164   7.562892e+00  1.112566e+00   
   165   7.683710e+00  1.237374e+00   
   166   6.979054e+00  5.046778e-01   
   167   4.080480e+00  1.060606e-01   
   168   4.300775e+00 -8.881784e-16   
   169   7.735802e+00  1.095960e+00   
   170   6.344119e+00  9.978174e-02   
   171   5.771750e+00 -6.361790e-02   
   172   6.065345e+00 -3.875844e-03   
   173   4.789482e+00 -1.105825e-01   
   174   6.637248e+00  1.596285e-01   
   175   5.483463e+00 -1.686385e-01   
   176   7.617031e+00  8.543780e-01   
   177   7.402565e+00  6.284283e-01   
   178   5.070672e+00 -2.136764e-01   
   179   6.877292e+00  2.255852e-01   
   180   4.080480e+00 -1.060606e-01   
   181   4.528693e+00 -2.297221e-01   
   182   7.796610e+00  8.997735e-01   
   183   4.302493e+00 -2.085529e-01   
   184   7.201233e+00  3.147105e-01   
   185   5.971294e+00 -2.871112e-01   
   186   6.262464e+00 -2.216271e-01   
   187   6.544649e+00 -1.222409e-01   
   188   7.703805e+00  6.411918e-01   
   189   4.839672e+00 -4.042952e-01   
   190   7.835972e+00  7.424242e-01   
   191   5.690490e+00 -3.906132e-01   
   192   7.495815e+00  3.702449e-01   
   193   6.826210e+00 -6.910390e-02   
   194   5.411006e+00 -4.619818e-01   
   195   4.083916e+00 -3.181818e-01   
   196   4.307687e+00 -4.170230e-01   
   197   7.104903e+00  3.156440e-02   
   198   5.111963e+00 -5.290114e-01   
   199   7.865365e+00  6.010101e-01   
   200   7.721347e+00  4.115088e-01   
   201   4.599310e+00 -5.697372e-01   
   202   6.196681e+00 -4.665995e-01   
   203   7.395870e+00  8.762559e-02   
   204   6.491482e+00 -4.141284e-01   
   205   6.766705e+00 -3.033245e-01   
   206   5.922139e+00 -5.800919e-01   
   207   5.640838e+00 -6.362861e-01   
   208   4.090867e+00 -5.303030e-01   
   209   4.866797e+00 -7.010282e-01   
   210   4.316478e+00 -6.253227e-01   
   211   7.896752e+00  3.888889e-01   
   212   7.060900e+00 -2.500036e-01   
   213   5.368927e+00 -7.561428e-01   
   214   7.286746e+00 -1.878670e-01   
   215   5.138603e+00 -8.276993e-01   
   216   7.696950e+00  6.594891e-02   
   217   5.864185e+00 -8.162980e-01   
   218   4.101498e+00 -7.424242e-01   
   219   4.465975e+00 -8.252859e-01   
   220   6.391023e+00 -6.943975e-01   
   221   7.914955e+00  1.767677e-01   
   222   6.158665e+00 -7.634466e-01   
   223   6.682448e+00 -6.334524e-01   
   224   6.962654e+00 -5.291517e-01   
   225   5.589475e+00 -9.285767e-01   
   226   4.737653e+00 -9.407618e-01   
   227   7.242375e+00 -4.837619e-01   
   228   4.982370e+00 -1.034880e+00   
   229   4.273776e+00 -9.485718e-01   
   230   7.919537e+00 -3.535354e-02   
   231   4.116068e+00 -9.545455e-01   
   232   7.519076e+00 -3.764009e-01   
   233   5.271437e+00 -1.113118e+00   
   234   7.776266e+00 -2.602510e-01   
   235   6.059352e+00 -1.043061e+00   
   236   6.348852e+00 -9.779660e-01   
   237   4.491953e+00 -1.104393e+00   
   238   5.825125e+00 -1.112933e+00   
   239   6.915107e+00 -8.212394e-01   
   240   7.186409e+00 -7.030407e-01   
   241   7.910386e+00 -2.474747e-01   
   242   5.558970e+00 -1.196815e+00   
   243   4.758815e+00 -1.238819e+00   
   244   4.134944e+00 -1.166667e+00   
   245   7.480596e+00 -6.607960e-01   
   246   4.289515e+00 -1.221365e+00   
   247   5.060933e+00 -1.323858e+00   
   248   6.738389e+00 -1.057206e+00   
   249   7.714329e+00 -5.743128e-01   
   250   7.887724e+00 -4.595960e-01   
   251   6.542947e+00 -1.163238e+00   
   252   6.261098e+00 -1.263992e+00   
   253   5.341444e+00 -1.402638e+00   
   254   6.016507e+00 -1.326963e+00   
   255   4.150359e+00 -1.308081e+00   
   256   4.572554e+00 -1.427574e+00   
   257   7.032724e+00 -1.073832e+00   
   258   7.864407e+00 -6.060956e-01   
   259   7.377711e+00 -9.304914e-01   
   260   4.313633e+00 -1.415081e+00   
   261   5.629343e+00 -1.485451e+00   
   262   4.850344e+00 -1.534380e+00   
   263   7.630123e+00 -8.835079e-01   
   264   7.819159e+00 -8.131313e-01   
   265   5.130384e+00 -1.613416e+00   
   266   4.178018e+00 -1.520202e+00   
   267   4.359378e+00 -1.575060e+00   
   268   6.486944e+00 -1.457268e+00   
   269   6.203579e+00 -1.547081e+00   
   270   5.912073e+00 -1.605271e+00   
   271   6.940046e+00 -1.356726e+00   
   272   5.412647e+00 -1.692300e+00   
   273   7.780721e+00 -9.545455e-01   
   274   7.509534e+00 -1.135060e+00   
   275   7.280142e+00 -1.259534e+00   
   276   4.613785e+00 -1.714975e+00   
   277   4.203390e+00 -1.682617e+00   
   278   4.900360e+00 -1.791623e+00   
   279   7.728814e+00 -1.116218e+00   
   280   5.694572e+00 -1.793600e+00   
   281   7.466524e+00 -1.301628e+00   
   282   5.186559e+00 -1.878792e+00   
   283   6.423759e+00 -1.749840e+00   
   284   4.408298e+00 -1.863162e+00   
   285   7.661017e+00 -1.294720e+00   
   286   4.239093e+00 -1.873737e+00   
   287   7.416799e+00 -1.447563e+00   
   288   5.464924e+00 -1.985968e+00   
   289   7.217655e+00 -1.571435e+00   
   290   6.774138e+00 -1.745169e+00   
   291   4.690671e+00 -2.001537e+00   
   292   7.593220e+00 -1.449355e+00   
   293   4.966030e+00 -2.080968e+00   
   294   6.177518e+00 -1.992360e+00   
   295   4.271186e+00 -2.020239e+00   
   296   7.389683e+00 -1.602840e+00   
   297   7.525424e+00 -1.586590e+00   
   298   7.330909e+00 -1.697878e+00   
   299   7.046734e+00 -1.815091e+00   
   300   5.920123e+00 -2.140687e+00   
   301   4.480581e+00 -2.173973e+00   
   302   7.457627e+00 -1.710731e+00   
   303   7.235335e+00 -1.809568e+00   
   304   6.898950e+00 -1.997398e+00   
   305   4.325967e+00 -2.227273e+00   
   306   7.389831e+00 -1.824759e+00   
   307   6.540218e+00 -2.138949e+00   
   308   4.753107e+00 -2.302360e+00   
   309   5.682072e+00 -2.318408e+00   
   310   5.100762e+00 -2.348270e+00   
   311   7.114458e+00 -2.003799e+00   
   312   7.312426e+00 -1.944444e+00   
   313   6.166987e+00 -2.289247e+00   
   314   4.526540e+00 -2.373867e+00   
   315   4.371172e+00 -2.368687e+00   
   316   5.425762e+00 -2.441439e+00   
   317   7.212039e+00 -2.085859e+00   
   318   6.742977e+00 -2.244362e+00   
   319   6.985580e+00 -2.172927e+00   
   320   5.958906e+00 -2.426183e+00   
   321   4.603382e+00 -2.514214e+00   
   322   4.870792e+00 -2.536441e+00   
   323   7.118644e+00 -2.206658e+00   
   324   4.424457e+00 -2.510101e+00   
   325   5.688845e+00 -2.549230e+00   
   326   6.629607e+00 -2.387754e+00   
   327   6.898083e+00 -2.310555e+00   
   328   7.042198e+00 -2.297980e+00   
   329   6.397844e+00 -2.482223e+00   
   330   6.804406e+00 -2.399752e+00   
   331   5.138802e+00 -2.642969e+00   
   332   6.141209e+00 -2.580787e+00   
   333   4.488580e+00 -2.651515e+00   
   334   6.704888e+00 -2.497526e+00   
   335   6.915254e+00 -2.437752e+00   
   336   6.587306e+00 -2.563711e+00   
   337   4.706869e+00 -2.734068e+00   
   338   6.843832e+00 -2.510101e+00   
   339   5.977428e+00 -2.718575e+00   
   340   6.476357e+00 -2.658483e+00   
   341   4.954449e+00 -2.812446e+00   
   342   4.567929e+00 -2.792929e+00   
   343   6.711864e+00 -2.633699e+00   
   344   5.424746e+00 -2.846719e+00   
   345   6.267131e+00 -2.750155e+00   
   346   5.167690e+00 -2.891714e+00   
   347   6.607748e+00 -2.722222e+00   
   348   4.796619e+00 -2.897035e+00   
   349   5.727748e+00 -2.892204e+00   
   350   6.508475e+00 -2.800943e+00   
   351   6.091235e+00 -2.880771e+00   
   352   4.669907e+00 -2.934343e+00   
   353   4.906109e+00 -2.987931e+00   
   354   5.041389e+00 -2.998149e+00   
   355   5.966922e+00 -2.950693e+00   
   356   6.372881e+00 -2.897814e+00   
   357   4.745763e+00 -3.016389e+00   
   358   5.842886e+00 -3.009620e+00   
   359   5.159149e+00 -3.053848e+00   
   360   6.237288e+00 -2.983913e+00   
   361   5.320583e+00 -3.082439e+00   
   362   4.984504e+00 -3.089588e+00   
   363   5.725688e+00 -3.081908e+00   
   364   5.532384e+00 -3.111690e+00   
   365   6.101695e+00 -3.059266e+00   
   366   4.881356e+00 -3.125352e+00   
   367   5.076720e+00 -3.139279e+00   
   368   5.180451e+00 -3.155394e+00   
   369   5.966102e+00 -3.123757e+00   
   370   5.016949e+00 -3.197232e+00   
   371   5.830508e+00 -3.177120e+00   
   372   5.084746e+00 -3.222145e+00   
   373   5.694915e+00 -3.218908e+00   
   374   5.288136e+00 -3.260873e+00   
   375   5.491525e+00 -3.256837e+00   
  END_COORDINATES
  BOUNDARIES, ELEMENT
    1         338     335         1     
    2         370     372         2     
    3         372     374         5     
    4         366     370         8     
    5         93     86         10     
    6         75     68         11     
    7         10     14         12     
    8         352     357         13     
    9         328     323         20     
    10         122     114         21     
    11         52     48         22     
    12         350     347         27     
    13         306     302         32     
    14         347     343         33     
    15         59     52         39     
    16         335     328         40     
    17         343     338         43     
    18         357     366         45     
    19         302     297         46     
    20         48     42         47     
    21         42     33         48     
    22         373     371         49     
    23         97     105         51     
    24         244     255         52     
    25         312     306         53     
    26         1     2         54     
    27         199     190         57     
    28         13     8         58     
    29         86     75         59     
    30         371     369         60     
    31         273     264         65     
    32         68     59         66     
    33         104     93         70     
    34         114     104         71     
    35         28     21         73     
    36         258     250         74     
    37         39     46         75     
    38         305     315         76     
    39         369     365         77     
    40         169     165         78     
    41         57     64         79     
    42         286     295         80     
    43         129     122         81     
    44         138     129         82     
    45         32     39         83     
    46         315     324         84     
    47         323     317         86     
    48         33     28         88     
    49         297     292         93     
    50         165     152         94     
    51         14     20         95     
    52         20     27         96     
    53         5     10         100     
    54         2     5         101     
    55         342     352         102     
    56         333     342         103     
    57         365     360         105     
    58         152     148         107     
    59         27     32         108     
    60         324     333         109     
    61         148     138         110     
    62         360     356         111     
    63         356     350         112     
    64         374     375         113     
    65         190     182         114     
    66         4     1         127     
    67         317     312         129     
    68         73     83         130     
    69         266     277         131     
    70         8     4         136     
    71         21     13         137     
    72         292     285         142     
    73         279     273         144     
    74         264     258         149     
    75         295     305         155     
    76         46     57         157     
    77         277     286         159     
    78         182     169         164     
    79         83     97         195     
    80         64     73         197     
    81         255     266         201     
    82         285     279         202     
    83         375     373         204     
    84         105     118         208     
    85         118     131         209     
    86         231     244         214     
    87         218     231         215     
    88         211     199         226     
    89         221     211         227     
    90         250     241         228     
    91         241     230         229     
    92         230     221         235     
    93         155     167         236     
    94         167     180         237     
    95         180     195         238     
    96         143     155         239     
    97         195     208         240     
    98         131     143         241     
    99         208     218         242     
  END_BOUNDARIES
  MATERIALS, NUMBER= 1, DEFAULT=1
  END_MATERIALS
  SUBDOMAINS
  END_SUBDOMAINS
  CHARACTERISTICS
  END_CHARACTERISTICS
