  NODES_PER_ELEMENT
   1 3
   2 3
   3 3
   4 3
   5 3
   6 3
   7 3
   8 3
   9 3
   10 3
   11 3
   12 3
   13 3
   14 3
   15 3
   16 3
   17 3
   18 3
   19 3
   20 3
   21 3
   22 3
   23 3
   24 3
   25 3
   26 3
   27 3
   28 3
   29 3
   30 3
   31 3
   32 3
   33 3
   34 3
   35 3
   36 3
   37 3
   38 3
   39 3
   40 3
   41 3
   42 3
   43 3
   44 3
   45 3
   46 3
   47 3
   48 3
   49 3
   50 3
   51 3
   52 3
   53 3
   54 3
   55 3
   56 3
   57 3
   58 3
   59 3
   60 3
   61 3
   62 3
   63 3
   64 3
   65 3
   66 3
   67 3
   68 3
   69 3
   70 3
   71 3
   72 3
   73 3
   74 3
   75 3
   76 3
   77 3
   78 3
   79 3
   80 3
   81 3
   82 3
   83 3
   84 3
   85 3
   86 3
   87 3
   88 3
   89 3
   90 3
   91 3
   92 3
   93 3
   94 3
   95 3
   96 3
   97 3
   98 3
   99 3
   100 3
   101 3
   102 3
   103 3
   104 3
   105 3
   106 3
   107 3
   108 3
   109 3
   110 3
   111 3
   112 3
   113 3
   114 3
   115 3
   116 3
   117 3
   118 3
   119 3
   120 3
   121 3
   122 3
   123 3
   124 3
   125 3
   126 3
   127 3
   128 3
   129 3
   130 3
   131 3
   132 3
   133 3
   134 3
   135 3
   136 3
   137 3
   138 3
   139 3
   140 3
   141 3
   142 3
   143 3
   144 3
   145 3
   146 3
   147 3
   148 3
   149 3
   150 3
   151 3
   152 3
   153 3
   154 3
   155 3
   156 3
   157 3
   158 3
   159 3
   160 3
   161 3
   162 3
   163 3
   164 3
   165 3
   166 3
   167 3
   168 3
   169 3
   170 3
   171 3
   172 3
   173 3
   174 3
   175 3
   176 3
   177 3
   178 3
   179 3
   180 3
   181 3
   182 3
   183 3
   184 3
   185 3
   186 3
   187 3
   188 3
   189 3
   190 3
   191 3
   192 3
   193 3
   194 3
   195 3
   196 3
   197 3
   198 3
   199 3
   200 3
   201 3
   202 3
   203 3
   204 3
   205 3
   206 3
   207 3
   208 3
   209 3
   210 3
   211 3
   212 3
   213 3
   214 3
   215 3
   216 3
   217 3
   218 3
   219 3
   220 3
   221 3
   222 3
   223 3
   224 3
   225 3
   226 3
   227 3
   228 3
   229 3
   230 3
   231 3
   232 3
   233 3
   234 3
   235 3
   236 3
   237 3
   238 3
   239 3
   240 3
   241 3
   242 3
   243 3
   244 3
   245 3
   246 3
   247 3
   248 3
   249 3
   250 3
   251 3
   252 3
   253 3
   254 3
   255 3
   256 3
   257 3
   258 3
   259 3
   260 3
   261 3
   262 3
   263 3
   264 3
   265 3
   266 3
   267 3
   268 3
   269 3
   270 3
   271 3
   272 3
   273 3
   274 3
   275 3
   276 3
   277 3
   278 3
   279 3
   280 3
   281 3
   282 3
   283 3
   284 3
   285 3
   286 3
   287 3
   288 3
   289 3
   290 3
   291 3
   292 3
   293 3
   294 3
   295 3
   296 3
   297 3
   298 3
   299 3
   300 3
   301 3
   302 3
   303 3
   304 3
   305 3
   306 3
   307 3
   308 3
   309 3
   310 3
   311 3
   312 3
   313 3
   314 3
   315 3
   316 3
   317 3
   318 3
   319 3
   320 3
   321 3
   322 3
   323 3
   324 3
   325 3
   326 3
   327 3
   328 3
   329 3
   330 3
   331 3
   332 3
   333 3
   334 3
   335 3
   336 3
   337 3
   338 3
   339 3
   340 3
   341 3
   342 3
   343 3
   344 3
   345 3
   346 3
   347 3
   348 3
   349 3
   350 3
   351 3
   352 3
   353 3
   354 3
   355 3
   356 3
   357 3
   358 3
   359 3
   360 3
   361 3
   362 3
   363 3
   364 3
   365 3
   366 3
   367 3
   368 3
   369 3
   370 3
   371 3
   372 3
   373 3
   374 3
   375 3
   376 3
   377 3
   378 3
   379 3
   380 3
   381 3
   382 3
   383 3
   384 3
   385 3
   386 3
   387 3
   388 3
   389 3
   390 3
   391 3
   392 3
   393 3
   394 3
   395 3
   396 3
   397 3
   398 3
   399 3
   400 3
   401 3
   402 3
   403 3
   404 3
   405 3
   406 3
   407 3
   408 3
   409 3
   410 3
   411 3
   412 3
   413 3
   414 3
   415 3
   416 3
   417 3
   418 3
   419 3
   420 3
   421 3
   422 3
   423 3
   424 3
   425 3
   426 3
   427 3
   428 3
   429 3
   430 3
   431 3
   432 3
   433 3
   434 3
   435 3
   436 3
   437 3
   438 3
   439 3
   440 3
   441 3
   442 3
   443 3
   444 3
   445 3
   446 3
   447 3
   448 3
   449 3
   450 3
   451 3
   452 3
   453 3
   454 3
   455 3
   456 3
   457 3
   458 3
   459 3
   460 3
   461 3
   462 3
   463 3
   464 3
   465 3
   466 3
   467 3
   468 3
   469 3
   470 3
   471 3
   472 3
   473 3
   474 3
   475 3
   476 3
   477 3
   478 3
   479 3
   480 3
   481 3
   482 3
   483 3
   484 3
   485 3
   486 3
   487 3
   488 3
   489 3
   490 3
   491 3
   492 3
   493 3
   494 3
   495 3
   496 3
   497 3
   498 3
   499 3
   500 3
   501 3
   502 3
   503 3
   504 3
   505 3
   506 3
   507 3
   508 3
   509 3
   510 3
   511 3
   512 3
   513 3
   514 3
   515 3
   516 3
   517 3
   518 3
   519 3
   520 3
   521 3
   522 3
   523 3
   524 3
   525 3
   526 3
   527 3
   528 3
   529 3
   530 3
   531 3
   532 3
   533 3
   534 3
   535 3
   536 3
   537 3
   538 3
   539 3
   540 3
   541 3
   542 3
   543 3
   544 3
   545 3
   546 3
   547 3
   548 3
   549 3
   550 3
   551 3
   552 3
   553 3
   554 3
   555 3
   556 3
   557 3
   558 3
   559 3
   560 3
   561 3
   562 3
   563 3
   564 3
   565 3
   566 3
   567 3
   568 3
   569 3
   570 3
   571 3
   572 3
   573 3
   574 3
   575 3
   576 3
   577 3
   578 3
   579 3
   580 3
   581 3
   582 3
   583 3
   584 3
   585 3
   586 3
   587 3
   588 3
   589 3
   590 3
   591 3
   592 3
   593 3
   594 3
   595 3
   596 3
   597 3
   598 3
   599 3
   600 3
   601 3
   602 3
   603 3
   604 3
   605 3
   606 3
   607 3
   608 3
   609 3
   610 3
   611 3
   612 3
   613 3
   614 3
   615 3
   616 3
   617 3
   618 3
   619 3
   620 3
   621 3
   622 3
   623 3
   624 3
   625 3
   626 3
   627 3
   628 3
   629 3
   630 3
   631 3
   632 3
   633 3
   634 3
   635 3
   636 3
   637 3
   638 3
   639 3
   640 3
   641 3
   642 3
   643 3
   644 3
   645 3
   646 3
   647 3
   648 3
   649 3
   650 3
   651 3
   652 3
   653 3
   654 3
   655 3
   656 3
   657 3
   658 3
   659 3
   660 3
   661 3
   662 3
   663 3
   664 3
   665 3
   666 3
   667 3
   668 3
   669 3
   670 3
   671 3
   672 3
   673 3
   674 3
   675 3
   676 3
   677 3
   678 3
   679 3
   680 3
   681 3
   682 3
   683 3
   684 3
   685 3
   686 3
   687 3
   688 3
   689 3
   690 3
   691 3
   692 3
   693 3
   694 3
   695 3
   696 3
   697 3
   698 3
   699 3
   700 3
   701 3
   702 3
   703 3
   704 3
   705 3
   706 3
   707 3
   708 3
   709 3
   710 3
   711 3
   712 3
   713 3
   714 3
   715 3
   716 3
   717 3
   718 3
   719 3
   720 3
   721 3
   722 3
   723 3
   724 3
   725 3
   726 3
   727 3
   728 3
   729 3
   730 3
   731 3
   732 3
   733 3
   734 3
   735 3
   736 3
   737 3
   738 3
   739 3
   740 3
   741 3
   742 3
   743 3
   744 3
   745 3
   746 3
   747 3
   748 3
   749 3
   750 3
   751 3
   752 3
   753 3
   754 3
   755 3
   756 3
   757 3
   758 3
   759 3
   760 3
   761 3
   762 3
   763 3
   764 3
   765 3
   766 3
   767 3
   768 3
   769 3
   770 3
   771 3
   772 3
   773 3
   774 3
   775 3
   776 3
   777 3
   778 3
   779 3
   780 3
   781 3
   782 3
   783 3
   784 3
   785 3
   786 3
   787 3
   788 3
   789 3
   790 3
   791 3
   792 3
   793 3
   794 3
   795 3
   796 3
   797 3
   798 3
   799 3
   800 3
   801 3
   802 3
   803 3
   804 3
   805 3
   806 3
   807 3
   808 3
   809 3
   810 3
   811 3
   812 3
   813 3
   814 3
   815 3
   816 3
   817 3
   818 3
   819 3
   820 3
   821 3
   822 3
   823 3
   824 3
   825 3
   826 3
   827 3
   828 3
   829 3
   830 3
   831 3
   832 3
   833 3
   834 3
   835 3
   836 3
   837 3
   838 3
   839 3
   840 3
   841 3
   842 3
   843 3
   844 3
   845 3
   846 3
   847 3
   848 3
   849 3
   850 3
   851 3
   852 3
   853 3
   854 3
   855 3
   856 3
   857 3
   858 3
   859 3
   860 3
   861 3
   862 3
   863 3
   864 3
   865 3
   866 3
   867 3
   868 3
   869 3
   870 3
   871 3
   872 3
   873 3
   874 3
   875 3
   876 3
   877 3
   878 3
   879 3
   880 3
   881 3
   882 3
   883 3
   884 3
   885 3
   886 3
   887 3
   888 3
   889 3
   890 3
   891 3
   892 3
   893 3
   894 3
   895 3
   896 3
   897 3
   898 3
   899 3
   900 3
   901 3
   902 3
   903 3
   904 3
   905 3
   906 3
   907 3
   908 3
   909 3
   910 3
   911 3
   912 3
   913 3
   914 3
   915 3
   916 3
   917 3
   918 3
   919 3
   920 3
   921 3
   922 3
   923 3
   924 3
   925 3
   926 3
   927 3
   928 3
   929 3
   930 3
   931 3
   932 3
   933 3
   934 3
   935 3
   936 3
   937 3
   938 3
   939 3
   940 3
   941 3
   942 3
   943 3
   944 3
   945 3
   946 3
   947 3
   948 3
   949 3
   950 3
   951 3
   952 3
   953 3
   954 3
   955 3
   956 3
   957 3
   958 3
   959 3
   960 3
   961 3
   962 3
   963 3
   964 3
   965 3
   966 3
   967 3
   968 3
   969 3
   970 3
   971 3
   972 3
   973 3
   974 3
   975 3
   976 3
   977 3
   978 3
   979 3
   980 3
   981 3
   982 3
   983 3
   984 3
   985 3
   986 3
   987 3
   988 3
   989 3
   990 3
   991 3
   992 3
   993 3
   994 3
   995 3
   996 3
   997 3
   998 3
   999 3
   1000 3
   1001 3
   1002 3
   1003 3
   1004 3
   1005 3
   1006 3
   1007 3
   1008 3
   1009 3
   1010 3
   1011 3
   1012 3
   1013 3
   1014 3
   1015 3
   1016 3
   1017 3
   1018 3
   1019 3
   1020 3
   1021 3
   1022 3
   1023 3
   1024 3
   1025 3
   1026 3
   1027 3
   1028 3
   1029 3
   1030 3
   1031 3
   1032 3
   1033 3
   1034 3
   1035 3
   1036 3
   1037 3
   1038 3
   1039 3
   1040 3
   1041 3
   1042 3
   1043 3
   1044 3
   1045 3
   1046 3
   1047 3
   1048 3
   1049 3
   1050 3
   1051 3
   1052 3
   1053 3
   1054 3
   1055 3
   1056 3
   1057 3
   1058 3
   1059 3
   1060 3
   1061 3
   1062 3
   1063 3
   1064 3
   1065 3
   1066 3
   1067 3
   1068 3
   1069 3
   1070 3
   1071 3
   1072 3
   1073 3
   1074 3
   1075 3
   1076 3
   1077 3
   1078 3
   1079 3
   1080 3
   1081 3
   1082 3
   1083 3
   1084 3
   1085 3
   1086 3
  END_NODES_PER_ELEMENT
  ELEMENTS
  1 282 286 251  
  2 447 462 436  
  3 452 429 440  
  4 63 48 56  
  5 336 346 320  
  6 572 578 569  
  7 239 210 224  
  8 298 307 274  
  9 513 530 508  
  10 352 326 342  
  11 18 11 14  
  12 386 399 372  
  13 543 522 544  
  14 135 114 127  
  15 288 294 263  
  16 477 494 472  
  17 403 379 391  
  18 35 26 32  
  19 359 370 344  
  20 584 587 582  
  21 184 160 171  
  22 316 324 296  
  23 547 560 542  
  24 299 268 285  
  25 5 2 4  
  26 413 430 407  
  27 497 475 488  
  28 95 79 87  
  29 286 288 260  
  30 462 477 455  
  31 429 403 415  
  32 48 35 43  
  33 346 359 332  
  34 578 584 576  
  35 210 184 195  
  36 307 316 283  
  37 530 547 527  
  38 326 299 317  
  39 11 5 8  
  40 399 413 389  
  41 522 497 510  
  42 114 95 107  
  43 294 298 267  
  44 494 513 491  
  45 379 352 367  
  46 26 18 23  
  47 370 386 361  
  48 587 589 588  
  49 160 135 148  
  50 324 336 309  
  51 560 572 559  
  52 268 239 254  
  53 2 1 3  
  54 430 447 422  
  55 475 452 465  
  56 79 63 70  
  57 436 462 455  
  58 436 455 432  
  59 344 370 361  
  60 344 361 335  
  61 195 184 171  
  62 195 171 186  
  63 254 239 224  
  64 254 224 242  
  65 432 455 451  
  66 335 361 348  
  67 186 171 162  
  68 242 224 213  
  69 342 326 317  
  70 342 317 328  
  71 328 317 302  
  72 342 328 356  
  73 488 475 465  
  74 488 465 476  
  75 476 465 454  
  76 488 476 500  
  77 267 298 274  
  78 267 274 237  
  79 237 274 255  
  80 267 237 235  
  81 569 578 576  
  82 569 576 566  
  83 566 576 575  
  84 569 566 557  
  85 542 560 559  
  86 542 559 539  
  87 539 559 557  
  88 539 557 536  
  89 557 559 569  
  90 569 559 572  
  91 536 557 554  
  92 539 536 519  
  93 542 539 524  
  94 8 5 4  
  95 8 4 9  
  96 9 4 6  
  97 8 9 13  
  98 263 294 267  
  99 263 267 235  
  100 263 235 236  
  101 236 235 205  
  102 263 236 260  
  103 260 236 231  
  104 263 260 288  
  105 231 236 209  
  106 260 231 251  
  107 415 403 391  
  108 415 391 408  
  109 408 391 381  
  110 415 408 431  
  111 361 386 372  
  112 361 372 348  
  113 348 372 365  
  114 365 372 389  
  115 365 389 384  
  116 389 372 399  
  117 384 389 407  
  118 384 407 398  
  119 407 389 413  
  120 398 407 422  
  121 398 422 414  
  122 384 398 373  
  123 422 407 430  
  124 414 422 436  
  125 414 436 432  
  126 414 432 410  
  127 398 414 392  
  128 436 422 447  
  129 410 432 428  
  130 414 410 392  
  131 392 410 387  
  132 387 410 405  
  133 392 387 368  
  134 365 384 357  
  135 405 410 428  
  136 405 428 424  
  137 424 428 448  
  138 405 424 401  
  139 387 405 383  
  140 368 387 363  
  141 392 368 373  
  142 373 368 349  
  143 392 373 398  
  144 349 368 343  
  145 373 349 357  
  146 357 349 330  
  147 373 357 384  
  148 330 349 325  
  149 357 330 340  
  150 325 349 343  
  151 325 343 318  
  152 318 343 339  
  153 325 318 297  
  154 330 325 306  
  155 340 330 314  
  156 357 340 365  
  157 365 340 348  
  158 348 340 323  
  159 323 340 314  
  160 323 314 295  
  161 295 314 284  
  162 323 295 310  
  163 348 323 335  
  164 284 314 306  
  165 284 306 272  
  166 272 306 297  
  167 272 297 266  
  168 284 272 253  
  169 297 306 325  
  170 295 284 264  
  171 310 295 277  
  172 323 310 335  
  173 335 310 321  
  174 321 310 291  
  175 335 321 344  
  176 344 321 332  
  177 332 321 304  
  178 344 332 359  
  179 304 321 291  
  180 304 291 271  
  181 332 304 320  
  182 320 304 289  
  183 332 320 346  
  184 266 297 292  
  185 272 266 243  
  186 271 291 259  
  187 304 271 289  
  188 291 310 277  
  189 291 277 259  
  190 259 277 246  
  191 246 277 264  
  192 246 264 234  
  193 259 246 228  
  194 234 264 253  
  195 253 264 284  
  196 234 253 225  
  197 246 234 218  
  198 225 253 243  
  199 225 243 216  
  200 216 243 240  
  201 225 216 196  
  202 234 225 206  
  203 240 243 266  
  204 240 266 262  
  205 262 266 292  
  206 262 292 287  
  207 240 262 233  
  208 287 292 315  
  209 262 287 257  
  210 216 240 212  
  211 196 216 190  
  212 225 196 206  
  213 206 196 181  
  214 181 196 172  
  215 206 181 191  
  216 172 196 190  
  217 172 190 167  
  218 167 190 187  
  219 172 167 149  
  220 181 172 155  
  221 191 181 166  
  222 206 191 218  
  223 218 191 202  
  224 187 190 212  
  225 187 212 208  
  226 167 187 164  
  227 149 167 145  
  228 172 149 155  
  229 155 149 133  
  230 133 149 128  
  231 155 133 143  
  232 218 234 206  
  233 246 218 228  
  234 228 218 202  
  235 228 202 215  
  236 215 202 189  
  237 228 215 244  
  238 202 191 173  
  239 208 212 233  
  240 233 212 240  
  241 128 149 145  
  242 128 145 125  
  243 125 145 141  
  244 128 125 109  
  245 143 133 121  
  246 259 228 244  
  247 259 244 271  
  248 271 244 256  
  249 256 244 227  
  250 271 256 289  
  251 227 244 215  
  252 227 215 199  
  253 199 215 189  
  254 199 189 175  
  255 227 199 217  
  256 175 189 165  
  257 199 175 192  
  258 217 199 192  
  259 217 192 211  
  260 211 192 185  
  261 217 211 238  
  262 227 217 245  
  263 165 189 173  
  264 165 173 150  
  265 150 173 166  
  266 166 173 191  
  267 150 166 143  
  268 150 143 129  
  269 165 150 140  
  270 175 165 151  
  271 192 175 168  
  272 143 166 155  
  273 129 143 121  
  274 129 121 108  
  275 108 121 100  
  276 129 108 118  
  277 150 129 140  
  278 256 227 245  
  279 256 245 273  
  280 273 245 265  
  281 256 273 289  
  282 289 273 309  
  283 265 245 238  
  284 265 238 255  
  285 238 245 217  
  286 273 265 296  
  287 289 309 320  
  288 320 309 336  
  289 185 192 168  
  290 185 168 161  
  291 161 168 146  
  292 185 161 179  
  293 211 185 203  
  294 238 211 230  
  295 165 140 151  
  296 151 140 130  
  297 130 140 118  
  298 130 118 110  
  299 151 130 146  
  300 110 118 99  
  301 130 110 124  
  302 187 208 183  
  303 133 128 112  
  304 56 48 43  
  305 56 43 53  
  306 53 43 41  
  307 56 53 66  
  308 171 160 148  
  309 171 148 162  
  310 162 148 137  
  311 137 148 127  
  312 137 127 117  
  313 127 148 135  
  314 117 127 107  
  315 117 107 98  
  316 107 127 114  
  317 98 107 87  
  318 98 87 81  
  319 117 98 111  
  320 87 107 95  
  321 81 87 70  
  322 81 70 66  
  323 81 66 76  
  324 70 87 79  
  325 66 70 56  
  326 76 66 61  
  327 81 76 93  
  328 56 70 63  
  329 98 81 93  
  330 98 93 111  
  331 111 93 106  
  332 106 93 89  
  333 111 106 126  
  334 137 117 131  
  335 89 93 76  
  336 89 76 73  
  337 73 76 61  
  338 73 61 59  
  339 89 73 86  
  340 59 61 47  
  341 73 59 71  
  342 86 73 71  
  343 86 71 88  
  344 89 86 104  
  345 47 61 53  
  346 47 53 41  
  347 47 41 37  
  348 53 61 66  
  349 37 41 29  
  350 47 37 46  
  351 59 47 46  
  352 59 46 60  
  353 60 46 49  
  354 59 60 71  
  355 71 60 75  
  356 75 60 62  
  357 71 75 88  
  358 88 75 91  
  359 49 46 38  
  360 60 49 62  
  361 91 75 77  
  362 88 91 105  
  363 86 88 103  
  364 106 89 104  
  365 106 104 123  
  366 123 104 119  
  367 106 123 126  
  368 126 123 142  
  369 142 123 139  
  370 126 142 147  
  371 119 104 103  
  372 119 103 120  
  373 120 103 105  
  374 120 105 125  
  375 119 120 136  
  376 123 119 139  
  377 139 119 136  
  378 139 136 158  
  379 158 136 157  
  380 139 158 159  
  381 136 120 141  
  382 157 136 141  
  383 157 141 164  
  384 164 141 145  
  385 158 157 177  
  386 159 158 180  
  387 139 159 142  
  388 142 159 163  
  389 163 159 182  
  390 142 163 147  
  391 147 163 170  
  392 170 163 188  
  393 147 170 152  
  394 182 159 180  
  395 182 180 204  
  396 204 180 200  
  397 182 204 207  
  398 163 182 188  
  399 126 147 131  
  400 131 147 152  
  401 131 152 137  
  402 137 152 162  
  403 162 152 174  
  404 174 152 170  
  405 174 170 193  
  406 193 170 188  
  407 193 188 214  
  408 174 193 201  
  409 214 188 207  
  410 207 188 182  
  411 214 207 232  
  412 193 214 219  
  413 232 207 226  
  414 214 232 241  
  415 162 174 186  
  416 201 193 219  
  417 201 219 229  
  418 174 201 186  
  419 186 201 213  
  420 186 213 195  
  421 195 213 224  
  422 195 224 210  
  423 126 131 111  
  424 111 131 117  
  425 226 207 204  
  426 226 204 223  
  427 223 204 200  
  428 223 200 222  
  429 226 223 250  
  430 222 200 197  
  431 223 222 249  
  432 250 223 249  
  433 250 249 278  
  434 226 250 252  
  435 232 226 252  
  436 232 252 261  
  437 261 252 281  
  438 232 261 241  
  439 241 261 269  
  440 269 261 293  
  441 241 269 247  
  442 281 252 276  
  443 261 281 293  
  444 214 241 219  
  445 229 219 247  
  446 247 219 241  
  447 197 200 177  
  448 197 177 183  
  449 197 183 208  
  450 177 200 180  
  451 249 222 248  
  452 201 229 213  
  453 213 229 242  
  454 242 229 258  
  455 258 229 247  
  456 258 247 279  
  457 279 247 269  
  458 279 269 300  
  459 258 279 290  
  460 300 269 293  
  461 279 300 311  
  462 242 258 270  
  463 222 197 221  
  464 290 279 311  
  465 290 311 319  
  466 258 290 270  
  467 270 290 302  
  468 270 302 285  
  469 285 302 317  
  470 285 317 299  
  471 527 547 542  
  472 527 542 524  
  473 527 524 506  
  474 506 524 502  
  475 527 506 508  
  476 508 506 486  
  477 527 508 530  
  478 486 506 484  
  479 508 486 491  
  480 491 486 470  
  481 508 491 513  
  482 470 486 464  
  483 491 470 472  
  484 472 470 451  
  485 451 470 448  
  486 448 470 464  
  487 448 464 442  
  488 451 448 428  
  489 491 472 494  
  490 472 451 455  
  491 442 464 463  
  492 448 442 424  
  493 424 442 421  
  494 472 455 477  
  495 421 442 441  
  496 424 421 401  
  497 401 421 397  
  498 463 464 484  
  499 463 484 482  
  500 484 464 486  
  501 482 484 502  
  502 482 502 501  
  503 463 482 459  
  504 501 502 519  
  505 501 519 517  
  506 482 501 479  
  507 517 519 536  
  508 517 536 535  
  509 501 517 498  
  510 502 484 506  
  511 535 536 554  
  512 517 535 515  
  513 535 554 556  
  514 442 463 441  
  515 441 463 459  
  516 441 459 439  
  517 439 459 460  
  518 441 439 419  
  519 465 452 440  
  520 465 440 454  
  521 454 440 431  
  522 454 431 444  
  523 431 440 415  
  524 444 431 420  
  525 454 444 469  
  526 415 440 429  
  527 367 352 342  
  528 367 342 356  
  529 367 356 381  
  530 381 356 369  
  531 367 381 391  
  532 369 356 345  
  533 381 369 393  
  534 367 391 379  
  535 274 307 283  
  536 274 283 255  
  537 255 283 265  
  538 4 2 3  
  539 510 497 488  
  540 510 488 500  
  541 510 500 525  
  542 525 500 516  
  543 510 525 544  
  544 582 587 588  
  545 283 316 296  
  546 283 296 265  
  547 14 11 8  
  548 14 8 13  
  549 14 13 20  
  550 20 13 21  
  551 14 20 23  
  552 23 20 29  
  553 29 20 28  
  554 14 23 18  
  555 23 29 32  
  556 28 20 21  
  557 28 21 31  
  558 29 28 37  
  559 23 32 26  
  560 31 21 24  
  561 28 31 38  
  562 28 38 37  
  563 37 38 46  
  564 285 268 254  
  565 285 254 270  
  566 43 35 32  
  567 43 32 41  
  568 41 32 29  
  569 296 324 309  
  570 296 309 273  
  571 576 584 582  
  572 576 582 575  
  573 575 582 583  
  574 583 582 588  
  575 575 583 580  
  576 286 260 251  
  577 522 510 544  
  578 254 242 270  
  579 343 368 363  
  580 343 363 339  
  581 339 363 360  
  582 360 363 383  
  583 360 383 378  
  584 339 360 337  
  585 378 383 401  
  586 401 383 405  
  587 378 401 397  
  588 378 397 375  
  589 360 378 354  
  590 375 397 395  
  591 378 375 354  
  592 109 125 105  
  593 479 501 498  
  594 479 498 478  
  595 31 24 33  
  596 253 272 243  
  597 128 109 112  
  598 112 109 94  
  599 94 109 91  
  600 112 94 100  
  601 100 94 84  
  602 482 479 459  
  603 459 479 460  
  604 460 479 478  
  605 460 478 457  
  606 457 478 480  
  607 460 457 438  
  608 480 478 499  
  609 457 480 461  
  610 438 457 437  
  611 460 438 439  
  612 439 438 416  
  613 416 438 418  
  614 439 416 419  
  615 419 416 395  
  616 395 416 396  
  617 396 416 418  
  618 396 418 400  
  619 400 418 423  
  620 396 400 376  
  621 395 396 374  
  622 418 438 437  
  623 418 437 423  
  624 423 437 445  
  625 445 437 461  
  626 445 461 466  
  627 466 461 485  
  628 445 466 446  
  629 423 445 425  
  630 485 461 480  
  631 485 480 503  
  632 503 480 499  
  633 503 499 520  
  634 485 503 505  
  635 520 499 515  
  636 520 515 537  
  637 515 499 498  
  638 503 520 523  
  639 537 515 535  
  640 537 535 556  
  641 537 556 555  
  642 520 537 538  
  643 498 499 478  
  644 466 485 487  
  645 446 466 468  
  646 445 446 425  
  647 425 446 427  
  648 427 446 450  
  649 425 427 406  
  650 515 498 517  
  651 450 446 468  
  652 450 468 471  
  653 471 468 490  
  654 450 471 453  
  655 427 450 433  
  656 406 427 409  
  657 425 406 404  
  658 555 556 567  
  659 537 555 538  
  660 538 555 558  
  661 558 555 571  
  662 538 558 540  
  663 423 425 404  
  664 423 404 400  
  665 400 404 380  
  666 380 404 382  
  667 400 380 376  
  668 490 468 487  
  669 490 487 509  
  670 471 490 493  
  671 453 471 474  
  672 450 453 433  
  673 433 453 435  
  674 435 453 458  
  675 433 435 412  
  676 458 453 474  
  677 458 474 483  
  678 483 474 496  
  679 458 483 467  
  680 435 458 443  
  681 412 435 417  
  682 433 412 409  
  683 409 412 390  
  684 505 503 523  
  685 505 523 526  
  686 526 523 540  
  687 540 523 538  
  688 526 540 545  
  689 538 523 520  
  690 545 540 562  
  691 526 545 529  
  692 505 526 509  
  693 509 526 529  
  694 509 529 511  
  695 511 529 532  
  696 509 511 490  
  697 496 474 493  
  698 496 493 514  
  699 467 483 489  
  700 485 505 487  
  701 487 505 509  
  702 483 496 507  
  703 458 467 443  
  704 443 467 449  
  705 449 467 473  
  706 443 449 426  
  707 396 376 374  
  708 374 376 353  
  709 353 376 355  
  710 374 353 351  
  711 473 467 489  
  712 473 489 495  
  713 495 489 512  
  714 473 495 481  
  715 449 473 456  
  716 426 449 434  
  717 443 426 417  
  718 417 426 402  
  719 532 529 552  
  720 511 532 514  
  721 514 532 534  
  722 511 514 493  
  723 511 493 490  
  724 534 532 550  
  725 514 534 521  
  726 571 555 567  
  727 571 567 577  
  728 577 567 580  
  729 571 577 581  
  730 545 562 563  
  731 481 495 504  
  732 540 558 562  
  733 562 558 570  
  734 570 558 571  
  735 570 571 581  
  736 562 570 574  
  737 512 489 507  
  738 512 507 528  
  739 529 545 552  
  740 552 545 563  
  741 473 481 456  
  742 456 481 469  
  743 495 512 518  
  744 355 376 380  
  745 353 355 333  
  746 351 353 329  
  747 374 351 375  
  748 125 141 120  
  749 24 21 15  
  750 428 432 451  
  751 179 161 156  
  752 339 337 315  
  753 339 315 318  
  754 318 315 292  
  755 318 292 297  
  756 315 337 312  
  757 146 168 151  
  758 233 262 257  
  759 233 257 221  
  760 185 179 203  
  761 203 179 198  
  762 198 179 176  
  763 203 198 237  
  764 161 146 138  
  765 337 360 354  
  766 337 354 331  
  767 331 354 351  
  768 337 331 312  
  769 312 331 308  
  770 308 331 329  
  771 312 308 280  
  772 168 175 151  
  773 118 108 99  
  774 99 108 90  
  775 90 108 100  
  776 99 90 82  
  777 311 300 327  
  778 112 100 121  
  779 293 281 313  
  780 129 118 140  
  781 75 62 77  
  782 315 312 287  
  783 287 312 280  
  784 287 280 257  
  785 257 280 248  
  786 519 502 524  
  787 519 524 539  
  788 393 369 388  
  789 319 311 338  
  790 469 444 456  
  791 124 110 102  
  792 345 356 328  
  793 345 328 319  
  794 319 328 302  
  795 319 302 290  
  796 345 319 338  
  797 345 338 364  
  798 364 338 350  
  799 345 364 369  
  800 369 364 388  
  801 395 374 375  
  802 420 431 408  
  803 420 408 393  
  804 420 393 411  
  805 393 408 381  
  806 411 393 388  
  807 411 388 402  
  808 420 411 434  
  809 434 411 426  
  810 110 99 92  
  811 454 469 476  
  812 476 469 492  
  813 492 469 481  
  814 476 492 500  
  815 500 492 516  
  816 516 492 504  
  817 130 124 146  
  818 444 420 434  
  819 496 514 521  
  820 421 441 419  
  821 421 419 397  
  822 397 419 395  
  823 278 249 275  
  824 409 390 385  
  825 176 179 156  
  826 176 156 153  
  827 153 156 134  
  828 176 153 178  
  829 468 466 487  
  830 402 426 411  
  831 250 278 276  
  832 276 278 303  
  833 250 276 252  
  834 303 278 305  
  835 276 303 301  
  836 305 278 275  
  837 303 305 333  
  838 301 303 334  
  839 276 301 281  
  840 281 301 313  
  841 313 301 334  
  842 390 412 394  
  843 198 176 205  
  844 198 205 235  
  845 417 402 394  
  846 417 394 412  
  847 394 402 377  
  848 377 402 388  
  849 394 377 371  
  850 189 202 173  
  851 388 364 377  
  852 134 156 138  
  853 178 153 154  
  854 409 427 433  
  855 567 556 568  
  856 104 86 103  
  857 512 528 533  
  858 176 178 205  
  859 406 409 385  
  860 528 507 521  
  861 521 507 496  
  862 528 521 541  
  863 541 521 534  
  864 528 541 553  
  865 153 134 132  
  866 554 557 566  
  867 554 566 568  
  868 82 90 72  
  869 209 236 205  
  870 209 205 178  
  871 295 264 277  
  872 474 471 493  
  873 550 532 552  
  874 550 552 565  
  875 99 82 92  
  876 92 82 74  
  877 74 82 64  
  878 92 74 85  
  879 231 209 220  
  880 556 554 568  
  881 534 550 564  
  882 166 181 155  
  883 177 157 183  
  884 90 100 84  
  885 90 84 72  
  886 72 84 68  
  887 216 212 190  
  888 180 158 177  
  889 280 308 275  
  890 230 211 203  
  891 105 91 109  
  892 435 443 417  
  893 238 230 255  
  894 255 230 237  
  895 84 94 77  
  896 91 77 94  
  897 49 38 40  
  898 88 105 103  
  899 145 167 164  
  900 222 221 248  
  901 334 303 333  
  902 314 330 306  
  903 434 449 456  
  904 363 387 383  
  905 483 507 489  
  906 164 187 183  
  907 164 183 157  
  908 249 248 275  
  909 394 371 390  
  910 390 371 366  
  911 366 371 347  
  912 390 366 385  
  913 385 366 362  
  914 362 366 341  
  915 385 362 382  
  916 347 371 350  
  917 366 347 341  
  918 341 347 322  
  919 322 347 327  
  920 341 322 313  
  921 313 322 293  
  922 362 341 334  
  923 382 362 358  
  924 385 382 406  
  925 358 362 334  
  926 382 358 380  
  927 382 404 406  
  928 380 358 355  
  929 355 358 334  
  930 64 82 72  
  931 64 72 57  
  932 57 72 68  
  933 64 57 50  
  934 50 57 45  
  935 64 50 58  
  936 371 377 350  
  937 350 377 364  
  938 85 74 69  
  939 221 197 208  
  940 221 208 233  
  941 74 64 58  
  942 74 58 69  
  943 69 58 55  
  944 92 85 102  
  945 495 518 504  
  946 33 24 25  
  947 24 15 17  
  948 525 516 546  
  949 580 586 585  
  950 353 333 329  
  951 21 13 15  
  952 15 13 9  
  953 15 9 10  
  954 10 9 6  
  955 15 10 17  
  956 17 10 16  
  957 16 10 12  
  958 17 16 22  
  959 22 16 19  
  960 17 22 25  
  961 25 22 34  
  962 34 22 30  
  963 25 34 36  
  964 30 22 19  
  965 34 30 42  
  966 36 34 44  
  967 25 36 33  
  968 33 36 45  
  969 45 36 50  
  970 42 30 39  
  971 34 42 44  
  972 133 112 121  
  973 350 338 327  
  974 350 327 347  
  975 235 237 198  
  976 138 146 124  
  977 457 461 437  
  978 351 329 331  
  979 481 504 492  
  980 156 161 138  
  981 36 44 50  
  982 50 44 58  
  983 6 4 3  
  984 566 575 568  
  985 568 575 580  
  986 568 580 567  
  987 518 512 533  
  988 518 533 549  
  989 31 33 40  
  990 31 40 38  
  991 333 355 334  
  992 563 562 574  
  993 533 528 553  
  994 55 58 44  
  995 124 102 116  
  996 69 55 65  
  997 311 327 338  
  998 153 132 154  
  999 68 84 77  
  1000 327 300 322  
  1001 102 110 92  
  1002 178 154 169  
  1003 132 134 115  
  1004 116 102 96  
  1005 124 116 138  
  1006 65 55 51  
  1007 45 57 54  
  1008 25 24 17  
  1009 49 40 54  
  1010 85 69 80  
  1011 69 65 80  
  1012 115 134 116  
  1013 51 55 42  
  1014 96 102 85  
  1015 54 57 68  
  1016 132 115 113  
  1017 113 115 97  
  1018 132 113 122  
  1019 122 113 101  
  1020 97 115 96  
  1021 113 97 101  
  1022 65 51 67  
  1023 85 80 96  
  1024 116 96 115  
  1025 45 54 40  
  1026 134 138 116  
  1027 375 351 354  
  1028 541 534 564  
  1029 300 293 322  
  1030 77 62 68  
  1031 275 248 280  
  1032 40 33 45  
  1033 62 49 54  
  1034 80 65 78  
  1035 78 65 67  
  1036 80 78 97  
  1037 10 7 12  
  1038 54 68 62  
  1039 96 80 97  
  1040 546 544 525  
  1041 546 516 548  
  1042 67 83 78  
  1043 78 83 97  
  1044 573 565 552  
  1045 19 27 30  
  1046 30 27 39  
  1047 144 169 154  
  1048 585 581 577  
  1049 553 551 533  
  1050 533 551 549  
  1051 7 10 6  
  1052 588 586 583  
  1053 583 586 580  
  1054 564 561 541  
  1055 541 561 553  
  1056 39 52 51  
  1057 51 52 67  
  1058 194 220 209  
  1059 231 220 251  
  1060 579 574 570  
  1061 579 570 581  
  1062 549 548 531  
  1063 531 548 516  
  1064 549 531 518  
  1065 3 7 6  
  1066 83 101 97  
  1067 565 564 550  
  1068 169 194 178  
  1069 178 194 209  
  1070 12 19 16  
  1071 122 144 132  
  1072 574 573 563  
  1073 552 563 573  
  1074 577 580 585  
  1075 154 132 144  
  1076 305 275 308  
  1077 329 333 305  
  1078 44 42 55  
  1079 504 518 531  
  1080 434 456 444  
  1081 248 221 257  
  1082 237 230 203  
  1083 308 329 305  
  1084 341 313 334  
  1085 516 504 531  
  1086 51 42 39  
  END_ELEMENTS  
  COORDINATES  
   1   3.500000e+00 -4.000000e+00   
   2   3.500000e+00 -3.714286e+00   
   3   3.794118e+00 -4.000000e+00   
   4   3.751147e+00 -3.571429e+00   
   5   3.500000e+00 -3.428571e+00   
   6   4.000895e+00 -3.718302e+00   
   7   4.088235e+00 -4.000000e+00   
   8   3.751147e+00 -3.285714e+00   
   9   4.002295e+00 -3.428571e+00   
   10   4.242092e+00 -3.654665e+00   
   11   3.500000e+00 -3.142857e+00   
   12   4.382353e+00 -4.000000e+00   
   13   4.000895e+00 -3.138841e+00   
   14   3.751147e+00 -3.000000e+00   
   15   4.240013e+00 -3.281455e+00   
   16   4.494804e+00 -3.719472e+00   
   17   4.486047e+00 -3.434851e+00   
   18   3.500000e+00 -2.857143e+00   
   19   4.676471e+00 -4.000000e+00   
   20   3.998051e+00 -2.849912e+00   
   21   4.250608e+00 -2.991904e+00   
   22   4.729994e+00 -3.601340e+00   
   23   3.751147e+00 -2.714286e+00   
   24   4.495653e+00 -3.145074e+00   
   25   4.743099e+00 -3.296182e+00   
   26   3.500000e+00 -2.571429e+00   
   27   4.970588e+00 -4.000000e+00   
   28   4.251536e+00 -2.718732e+00   
   29   4.002803e+00 -2.578751e+00   
   30   4.986126e+00 -3.723211e+00   
   31   4.502218e+00 -2.856171e+00   
   32   3.751147e+00 -2.428571e+00   
   33   4.750018e+00 -3.006328e+00   
   34   4.993419e+00 -3.434321e+00   
   35   3.500000e+00 -2.285714e+00   
   36   4.989604e+00 -3.145364e+00   
   37   4.250416e+00 -2.429673e+00   
   38   4.480691e+00 -2.560954e+00   
   39   5.264706e+00 -4.000000e+00   
   40   4.726367e+00 -2.714843e+00   
   41   4.000895e+00 -2.289731e+00   
   42   5.240840e+00 -3.585105e+00   
   43   3.751147e+00 -2.142857e+00   
   44   5.242637e+00 -3.286527e+00   
   45   5.028209e+00 -2.880161e+00   
   46   4.492393e+00 -2.271612e+00   
   47   4.233006e+00 -2.144119e+00   
   48   3.500000e+00 -2.000000e+00   
   49   4.736437e+00 -2.425124e+00   
   50   5.281980e+00 -3.020363e+00   
   51   5.539885e+00 -3.739647e+00   
   52   5.558824e+00 -4.000000e+00   
   53   4.002295e+00 -2.000000e+00   
   54   5.022970e+00 -2.590227e+00   
   55   5.537703e+00 -3.449668e+00   
   56   3.751147e+00 -1.857143e+00   
   57   5.276648e+00 -2.730713e+00   
   58   5.536129e+00 -3.159880e+00   
   59   4.488295e+00 -2.009967e+00   
   60   4.741460e+00 -2.136856e+00   
   61   4.250088e+00 -1.856234e+00   
   62   4.991900e+00 -2.281476e+00   
   63   3.500000e+00 -1.714286e+00   
   64   5.529619e+00 -2.870028e+00   
   65   5.789900e+00 -3.592728e+00   
   66   4.000895e+00 -1.710269e+00   
   67   5.852941e+00 -4.000000e+00   
   68   5.275034e+00 -2.439822e+00   
   69   5.787515e+00 -3.302790e+00   
   70   3.751147e+00 -1.571429e+00   
   71   4.734662e+00 -1.860060e+00   
   72   5.525930e+00 -2.584899e+00   
   73   4.479005e+00 -1.726612e+00   
   74   5.781527e+00 -3.012945e+00   
   75   4.989133e+00 -1.992292e+00   
   76   4.247700e+00 -1.567449e+00   
   77   5.242629e+00 -2.132334e+00   
   78   6.044599e+00 -3.733131e+00   
   79   3.500000e+00 -1.428571e+00   
   80   6.041720e+00 -3.442311e+00   
   81   3.992456e+00 -1.440324e+00   
   82   5.779999e+00 -2.724450e+00   
   83   6.147059e+00 -4.000000e+00   
   84   5.526432e+00 -2.295617e+00   
   85   6.035366e+00 -3.152404e+00   
   86   4.724183e+00 -1.576041e+00   
   87   3.751147e+00 -1.285714e+00   
   88   4.980399e+00 -1.708790e+00   
   89   4.467488e+00 -1.446073e+00   
   90   5.774049e+00 -2.435026e+00   
   91   5.235794e+00 -1.842808e+00   
   92   6.027922e+00 -2.862874e+00   
   93   4.232044e+00 -1.279079e+00   
   94   5.521655e+00 -2.006078e+00   
   95   3.500000e+00 -1.142857e+00   
   96   6.296501e+00 -3.295914e+00   
   97   6.359270e+00 -3.621841e+00   
   98   3.993672e+00 -1.153736e+00   
   99   6.026741e+00 -2.573058e+00   
   100   5.774034e+00 -2.145455e+00   
   101   6.441176e+00 -4.000000e+00   
   102   6.286985e+00 -3.006082e+00   
   103   4.967827e+00 -1.419422e+00   
   104   4.709283e+00 -1.286993e+00   
   105   5.224794e+00 -1.553411e+00   
   106   4.489709e+00 -1.158276e+00   
   107   3.751147e+00 -1.000000e+00   
   108   6.023622e+00 -2.291431e+00   
   109   5.526096e+00 -1.719476e+00   
   110   6.278004e+00 -2.716402e+00   
   111   4.245736e+00 -1.011778e+00   
   112   5.766096e+00 -1.856381e+00   
   113   6.619848e+00 -3.749112e+00   
   114   3.500000e+00 -8.571429e-01   
   115   6.599782e+00 -3.459816e+00   
   116   6.542725e+00 -3.142724e+00   
   117   3.995515e+00 -8.665957e-01   
   118   6.277773e+00 -2.429308e+00   
   119   4.968572e+00 -1.161846e+00   
   120   5.219346e+00 -1.291360e+00   
   121   6.026713e+00 -2.004897e+00   
   122   6.735294e+00 -4.000000e+00   
   123   4.726507e+00 -1.005971e+00   
   124   6.533034e+00 -2.852931e+00   
   125   5.519932e+00 -1.430534e+00   
   126   4.497010e+00 -8.697143e-01   
   127   3.751147e+00 -7.142857e-01   
   128   5.771436e+00 -1.566722e+00   
   129   6.267116e+00 -2.140363e+00   
   130   6.521242e+00 -2.563896e+00   
   131   4.247921e+00 -7.248390e-01   
   132   6.864534e+00 -3.663568e+00   
   133   6.019125e+00 -1.715289e+00   
   134   6.840326e+00 -3.297896e+00   
   135   3.500000e+00 -5.714286e-01   
   136   5.209203e+00 -1.003458e+00   
   137   3.998051e+00 -5.786590e-01   
   138   6.812556e+00 -3.009034e+00   
   139   4.984106e+00 -8.758228e-01   
   140   6.534823e+00 -2.283109e+00   
   141   5.524584e+00 -1.141564e+00   
   142   4.739974e+00 -7.218893e-01   
   143   6.273195e+00 -1.852658e+00   
   144   7.029412e+00 -4.000000e+00   
   145   5.770720e+00 -1.293032e+00   
   146   6.795785e+00 -2.719757e+00   
   147   4.487952e+00 -5.812462e-01   
   148   3.751147e+00 -4.285714e-01   
   149   6.025901e+00 -1.430086e+00   
   150   6.515458e+00 -1.994975e+00   
   151   6.754743e+00 -2.407361e+00   
   152   4.231325e+00 -4.480740e-01   
   153   7.100478e+00 -3.424738e+00   
   154   7.149438e+00 -3.739717e+00   
   155   6.261042e+00 -1.564085e+00   
   156   7.081359e+00 -3.137674e+00   
   157   5.465813e+00 -8.723850e-01   
   158   5.220532e+00 -7.211698e-01   
   159   4.964837e+00 -5.883207e-01   
   160   3.500000e+00 -2.857143e-01   
   161   7.054237e+00 -2.849184e+00   
   162   4.000895e+00 -2.897306e-01   
   163   4.724146e+00 -4.391784e-01   
   164   5.770068e+00 -9.911990e-01   
   165   6.772285e+00 -2.118767e+00   
   166   6.525421e+00 -1.714465e+00   
   167   6.017628e+00 -1.141581e+00   
   168   7.038906e+00 -2.563421e+00   
   169   7.323529e+00 -4.000000e+00   
   170   4.476599e+00 -2.949966e-01   
   171   3.751147e+00 -1.428571e-01   
   172   6.269064e+00 -1.274601e+00   
   173   6.760441e+00 -1.849139e+00   
   174   4.258345e+00 -1.619140e-01   
   175   7.012072e+00 -2.275542e+00   
   176   7.362982e+00 -3.265885e+00   
   177   5.474971e+00 -5.829920e-01   
   178   7.429238e+00 -3.610280e+00   
   179   7.317160e+00 -2.969270e+00   
   180   5.208475e+00 -4.318831e-01   
   181   6.515081e+00 -1.425054e+00   
   182   4.976775e+00 -3.002643e-01   
   183   5.767983e+00 -7.187112e-01   
   184   3.500000e+00  0.000000e+00   
   185   7.286399e+00 -2.681863e+00   
   186   4.002295e+00  8.881784e-16   
   187   6.024653e+00 -8.530428e-01   
   188   4.726774e+00 -1.500676e-01   
   189   7.033302e+00 -2.000672e+00   
   190   6.268486e+00 -1.007474e+00   
   191   6.770138e+00 -1.559614e+00   
   192   7.273028e+00 -2.393771e+00   
   193   4.498222e+00 -1.402711e-02   
   194   7.617647e+00 -4.000000e+00   
   195   3.751147e+00  1.428571e-01   
   196   6.525031e+00 -1.141782e+00   
   197   5.701779e+00 -4.600173e-01   
   198   7.574737e+00 -3.096187e+00   
   199   7.232634e+00 -2.110144e+00   
   200   5.463618e+00 -2.970343e-01   
   201   4.246483e+00  1.258136e-01   
   202   7.015514e+00 -1.711819e+00   
   203   7.545866e+00 -2.810494e+00   
   204   5.216674e+00 -1.477003e-01   
   205   7.683136e+00 -3.376115e+00   
   206   6.753474e+00 -1.271720e+00   
   207   4.961952e+00 -1.205948e-02   
   208   6.013214e+00 -5.644837e-01   
   209   7.773334e+00 -3.687830e+00   
   210   3.500000e+00  2.857143e-01   
   211   7.526149e+00 -2.521565e+00   
   212   6.266836e+00 -7.025894e-01   
   213   4.000895e+00  2.816980e-01   
   214   4.740954e+00  1.337627e-01   
   215   7.273405e+00 -1.839108e+00   
   216   6.513858e+00 -8.536994e-01   
   217   7.487214e+00 -2.240699e+00   
   218   7.020275e+00 -1.423110e+00   
   219   4.488979e+00  2.743819e-01   
   220   7.911765e+00 -4.000000e+00   
   221   5.961060e+00 -3.309086e-01   
   222   5.718936e+00 -1.719379e-01   
   223   5.472220e+00 -3.062958e-02   
   224   3.751147e+00  4.285714e-01   
   225   6.765709e+00 -9.830666e-01   
   226   5.225800e+00  1.045989e-01   
   227   7.459243e+00 -1.955965e+00   
   228   7.246282e+00 -1.552796e+00   
   229   4.236529e+00  4.142492e-01   
   230   7.793123e+00 -2.633787e+00   
   231   8.004485e+00 -3.723739e+00   
   232   4.989772e+00  2.704774e-01   
   233   6.270116e+00 -4.234483e-01   
   234   7.007797e+00 -1.134643e+00   
   235   7.956574e+00 -3.160706e+00   
   236   8.001949e+00 -3.435802e+00   
   237   7.915663e+00 -2.852720e+00   
   238   7.755450e+00 -2.346646e+00   
   239   3.500000e+00  5.714286e-01   
   240   6.521913e+00 -5.655132e-01   
   241   4.744422e+00  4.222297e-01   
   242   4.002295e+00  5.714286e-01   
   243   6.764294e+00 -7.216140e-01   
   244   7.509871e+00 -1.672266e+00   
   245   7.723173e+00 -2.073778e+00   
   246   7.261462e+00 -1.264372e+00   
   247   4.492111e+00  5.627739e-01   
   248   5.970812e+00 -2.891971e-02   
   249   5.720400e+00  1.166482e-01   
   250   5.469836e+00  2.571580e-01   
   251   8.205882e+00 -4.000000e+00   
   252   5.214687e+00  3.938364e-01   
   253   7.024920e+00 -8.631004e-01   
   254   3.751147e+00  7.142857e-01   
   255   7.999105e+00 -2.567412e+00   
   256   7.728019e+00 -1.852004e+00   
   257   6.269511e+00 -1.351877e-01   
   258   4.259353e+00  7.013846e-01   
   259   7.501766e+00 -1.418088e+00   
   260   8.248853e+00 -3.571429e+00   
   261   4.981456e+00  5.523584e-01   
   262   6.520610e+00 -2.790983e-01   
   263   8.248853e+00 -3.285714e+00   
   264   7.256336e+00 -9.953469e-01   
   265   7.992019e+00 -2.254607e+00   
   266   6.762787e+00 -4.320205e-01   
   267   8.248853e+00 -3.000000e+00   
   268   3.500000e+00  8.571429e-01   
   269   4.742077e+00  7.074474e-01   
   270   4.017513e+00  8.605398e-01   
   271   7.748269e+00 -1.570074e+00   
   272   7.013628e+00 -5.743072e-01   
   273   7.976683e+00 -1.968377e+00   
   274   8.248853e+00 -2.714286e+00   
   275   5.970318e+00  2.634235e-01   
   276   5.477200e+00  5.159060e-01   
   277   7.522040e+00 -1.148294e+00   
   278   5.717958e+00  4.059586e-01   
   279   4.504234e+00  8.478620e-01   
   280   6.274165e+00  1.265344e-01   
   281   5.239248e+00  6.808090e-01   
   282   8.500000e+00 -4.000000e+00   
   283   8.248853e+00 -2.428571e+00   
   284   7.267527e+00 -7.060311e-01   
   285   3.751147e+00  1.000000e+00   
   286   8.500000e+00 -3.714286e+00   
   287   6.520708e+00  8.551535e-03   
   288   8.500000e+00 -3.428571e+00   
   289   7.999489e+00 -1.718074e+00   
   290   4.252872e+00  9.901553e-01   
   291   7.757311e+00 -1.281851e+00   
   292   6.765545e+00 -1.424363e-01   
   293   4.998325e+00  8.406795e-01   
   294   8.500000e+00 -3.142857e+00   
   295   7.511725e+00 -8.589455e-01   
   296   8.248853e+00 -2.142857e+00   
   297   7.014240e+00 -2.908184e-01   
   298   8.500000e+00 -2.857143e+00   
   299   3.500000e+00  1.142857e+00   
   300   4.750835e+00  9.939254e-01   
   301   5.468510e+00  7.665899e-01   
   302   4.000895e+00  1.138841e+00   
   303   5.701907e+00  6.893851e-01   
   304   7.999650e+00 -1.428787e+00   
   305   5.960678e+00  5.618722e-01   
   306   7.261918e+00 -4.322927e-01   
   307   8.500000e+00 -2.571429e+00   
   308   6.264030e+00  4.159458e-01   
   309   8.248853e+00 -1.857143e+00   
   310   7.766600e+00 -9.933125e-01   
   311   4.499544e+00  1.136981e+00   
   312   6.518975e+00  2.812260e-01   
   313   5.257650e+00  9.700097e-01   
   314   7.525063e+00 -5.768390e-01   
   315   6.774954e+00  1.468250e-01   
   316   8.500000e+00 -2.285714e+00   
   317   3.751147e+00  1.285714e+00   
   318   7.011968e+00 -1.334003e-03   
   319   4.247753e+00  1.279379e+00   
   320   8.248853e+00 -1.571429e+00   
   321   8.009646e+00 -1.141608e+00   
   322   5.041588e+00  1.139666e+00   
   323   7.748973e+00 -7.057281e-01   
   324   8.500000e+00 -2.000000e+00   
   325   7.262908e+00 -1.425943e-01   
   326   3.500000e+00  1.428571e+00   
   327   4.749440e+00  1.283711e+00   
   328   4.002295e+00  1.428571e+00   
   329   6.238776e+00  7.249412e-01   
   330   7.512781e+00 -2.873994e-01   
   331   6.511189e+00  5.644679e-01   
   332   8.248853e+00 -1.285714e+00   
   333   5.985181e+00  8.819578e-01   
   334   5.633442e+00  1.051190e+00   
   335   7.997705e+00 -8.571429e-01   
   336   8.500000e+00 -1.714286e+00   
   337   6.764988e+00  4.331029e-01   
   338   4.497281e+00  1.426789e+00   
   339   7.015090e+00  2.881425e-01   
   340   7.769025e+00 -4.206048e-01   
   341   5.292472e+00  1.279331e+00   
   342   3.751147e+00  1.571429e+00   
   343   7.263322e+00  1.391890e-01   
   344   8.248853e+00 -1.000000e+00   
   345   4.247978e+00  1.567926e+00   
   346   8.500000e+00 -1.428571e+00   
   347   5.056133e+00  1.426437e+00   
   348   7.999105e+00 -5.674122e-01   
   349   7.515311e+00 -2.246697e-03   
   350   4.747966e+00  1.572151e+00   
   351   6.491261e+00  8.670987e-01   
   352   3.500000e+00  1.714286e+00   
   353   6.242757e+00  1.014668e+00   
   354   6.759587e+00  7.057789e-01   
   355   5.994266e+00  1.152642e+00   
   356   4.000895e+00  1.718302e+00   
   357   7.752079e+00 -1.323038e-01   
   358   5.801114e+00  1.275741e+00   
   359   8.500000e+00 -1.142857e+00   
   360   7.017167e+00  5.744188e-01   
   361   8.248853e+00 -7.142857e-01   
   362   5.566439e+00  1.393862e+00   
   363   7.257144e+00  4.183109e-01   
   364   4.496359e+00  1.715912e+00   
   365   8.001949e+00 -2.784839e-01   
   366   5.307701e+00  1.567407e+00   
   367   3.751147e+00  1.857143e+00   
   368   7.513619e+00  2.835987e-01   
   369   4.252043e+00  1.857143e+00   
   370   8.500000e+00 -8.571429e-01   
   371   5.065516e+00  1.714657e+00   
   372   8.248853e+00 -4.285714e-01   
   373   7.754264e+00  1.546352e-01   
   374   6.491388e+00  1.156116e+00   
   375   6.750605e+00  9.986403e-01   
   376   6.258547e+00  1.300282e+00   
   377   4.805408e+00  1.842054e+00   
   378   7.003752e+00  8.606549e-01   
   379   3.500000e+00  2.000000e+00   
   380   6.011449e+00  1.466360e+00   
   381   4.000895e+00  1.995984e+00   
   382   5.793306e+00  1.565256e+00   
   383   7.252532e+00  7.184594e-01   
   384   8.004485e+00  9.452878e-03   
   385   5.537493e+00  1.698595e+00   
   386   8.500000e+00 -5.714286e-01   
   387   7.502597e+00  5.721922e-01   
   388   4.501133e+00  2.005280e+00   
   389   8.248853e+00 -1.428571e-01   
   390   5.290547e+00  1.850324e+00   
   391   3.751147e+00  2.142857e+00   
   392   7.755791e+00  4.409530e-01   
   393   4.247978e+00  2.146360e+00   
   394   5.044511e+00  2.003525e+00   
   395   6.748696e+00  1.288213e+00   
   396   6.508298e+00  1.444857e+00   
   397   6.999701e+00  1.143810e+00   
   398   8.006328e+00  2.965934e-01   
   399   8.500000e+00 -2.857143e-01   
   400   6.263181e+00  1.588823e+00   
   401   7.251434e+00  1.000773e+00   
   402   4.790281e+00  2.130176e+00   
   403   3.500000e+00  2.285714e+00   
   404   6.067879e+00  1.740553e+00   
   405   7.504747e+00  8.609880e-01   
   406   5.804979e+00  1.861521e+00   
   407   8.248853e+00  1.428571e-01   
   408   4.002295e+00  2.285714e+00   
   409   5.544849e+00  1.988336e+00   
   410   7.751639e+00  7.111486e-01   
   411   4.499125e+00  2.285714e+00   
   412   5.300474e+00  2.139492e+00   
   413   8.500000e+00  0.000000e+00   
   414   8.007544e+00  5.831813e-01   
   415   3.751147e+00  2.428571e+00   
   416   6.768866e+00  1.564994e+00   
   417   5.042745e+00  2.271493e+00   
   418   6.519883e+00  1.710942e+00   
   419   7.007159e+00  1.431264e+00   
   420   4.247978e+00  2.425069e+00   
   421   7.250260e+00  1.288893e+00   
   422   8.248853e+00  4.285714e-01   
   423   6.283642e+00  1.876675e+00   
   424   7.500357e+00  1.148234e+00   
   425   6.039098e+00  2.028514e+00   
   426   4.796479e+00  2.419434e+00   
   427   5.785908e+00  2.148461e+00   
   428   7.746521e+00  1.000137e+00   
   429   3.500000e+00  2.571429e+00   
   430   8.500000e+00  2.857143e-01   
   431   4.000895e+00  2.575445e+00   
   432   7.997705e+00  8.571429e-01   
   433   5.539626e+00  2.300431e+00   
   434   4.540145e+00  2.554377e+00   
   435   5.286739e+00  2.427427e+00   
   436   8.248853e+00  7.142857e-01   
   437   6.514799e+00  1.980479e+00   
   438   6.773137e+00  1.849346e+00   
   439   7.006874e+00  1.720644e+00   
   440   3.751147e+00  2.714286e+00   
   441   7.256540e+00  1.578063e+00   
   442   7.502442e+00  1.425779e+00   
   443   5.038618e+00  2.576708e+00   
   444   4.252043e+00  2.714286e+00   
   445   6.296337e+00  2.157684e+00   
   446   6.034943e+00  2.276813e+00   
   447   8.500000e+00  5.714286e-01   
   448   7.752909e+00  1.289389e+00   
   449   4.785760e+00  2.707967e+00   
   450   5.795368e+00  2.435878e+00   
   451   7.999105e+00  1.146873e+00   
   452   3.500000e+00  2.857143e+00   
   453   5.536101e+00  2.561213e+00   
   454   4.000895e+00  2.853127e+00   
   455   8.248853e+00  1.000000e+00   
   456   4.536272e+00  2.855182e+00   
   457   6.758071e+00  2.137809e+00   
   458   5.292686e+00  2.715627e+00   
   459   7.259475e+00  1.857958e+00   
   460   7.013227e+00  2.009954e+00   
   461   6.505681e+00  2.280053e+00   
   462   8.500000e+00  8.571429e-01   
   463   7.510463e+00  1.714473e+00   
   464   7.754264e+00  1.559650e+00   
   465   3.751147e+00  3.000000e+00   
   466   6.274268e+00  2.435690e+00   
   467   5.035154e+00  2.845695e+00   
   468   6.015702e+00  2.565490e+00   
   469   4.247978e+00  3.003503e+00   
   470   8.006328e+00  1.417692e+00   
   471   5.778195e+00  2.717155e+00   
   472   8.248853e+00  1.285714e+00   
   473   4.789045e+00  2.996682e+00   
   474   5.521147e+00  2.850320e+00   
   475   3.500000e+00  3.142857e+00   
   476   4.002295e+00  3.142857e+00   
   477   8.500000e+00  1.142857e+00   
   478   7.004979e+00  2.280945e+00   
   479   7.257862e+00  2.140726e+00   
   480   6.755566e+00  2.426654e+00   
   481   4.532855e+00  3.130263e+00   
   482   7.510780e+00  2.000888e+00   
   483   5.279365e+00  2.999320e+00   
   484   7.752079e+00  1.846590e+00   
   485   6.530134e+00  2.566271e+00   
   486   8.004485e+00  1.704833e+00   
   487   6.288037e+00  2.724680e+00   
   488   3.751147e+00  3.285714e+00   
   489   5.023531e+00  3.135091e+00   
   490   6.032116e+00  2.852994e+00   
   491   8.248853e+00  1.571429e+00   
   492   4.249045e+00  3.291633e+00   
   493   5.786688e+00  3.006525e+00   
   494   8.500000e+00  1.428571e+00   
   495   4.778625e+00  3.282166e+00   
   496   5.532017e+00  3.138629e+00   
   497   3.500000e+00  3.428571e+00   
   498   7.254352e+00  2.427315e+00   
   499   7.006960e+00  2.570653e+00   
   500   4.000895e+00  3.432588e+00   
   501   7.507199e+00  2.286854e+00   
   502   7.749392e+00  2.134762e+00   
   503   6.775086e+00  2.709977e+00   
   504   4.523698e+00  3.419850e+00   
   505   6.525525e+00  2.854744e+00   
   506   8.001949e+00  1.992770e+00   
   507   5.284425e+00  3.288905e+00   
   508   8.248853e+00  1.857143e+00   
   509   6.272641e+00  3.013346e+00   
   510   3.751147e+00  3.571429e+00   
   511   6.019204e+00  3.144622e+00   
   512   5.030378e+00  3.423934e+00   
   513   8.500000e+00  1.714286e+00   
   514   5.774996e+00  3.295515e+00   
   515   7.251004e+00  2.714789e+00   
   516   4.253099e+00  3.659206e+00   
   517   7.503765e+00  2.573787e+00   
   518   4.759593e+00  3.598062e+00   
   519   7.748547e+00  2.424040e+00   
   520   7.020374e+00  2.855590e+00   
   521   5.523705e+00  3.439228e+00   
   522   3.500000e+00  3.714286e+00   
   523   6.769527e+00  2.998744e+00   
   524   7.999105e+00  2.281698e+00   
   525   3.998051e+00  3.721516e+00   
   526   6.519881e+00  3.143035e+00   
   527   8.248853e+00  2.142857e+00   
   528   5.275273e+00  3.578188e+00   
   529   6.267988e+00  3.284515e+00   
   530   8.500000e+00  2.000000e+00   
   531   4.529412e+00  3.748853e+00   
   532   6.020500e+00  3.433480e+00   
   533   5.018974e+00  3.713567e+00   
   534   5.787107e+00  3.603162e+00   
   535   7.500506e+00  2.861482e+00   
   536   7.747261e+00  2.713525e+00   
   537   7.266555e+00  2.999547e+00   
   538   7.016688e+00  3.144369e+00   
   539   7.997705e+00  2.571429e+00   
   540   6.758362e+00  3.273784e+00   
   541   5.522092e+00  3.727896e+00   
   542   8.248853e+00  2.428571e+00   
   543   3.500000e+00  4.000000e+00   
   544   3.794118e+00  4.000000e+00   
   545   6.518383e+00  3.428630e+00   
   546   4.088235e+00  4.000000e+00   
   547   8.500000e+00  2.285714e+00   
   548   4.382353e+00  4.000000e+00   
   549   4.676471e+00  4.000000e+00   
   550   6.028410e+00  3.722855e+00   
   551   4.970588e+00  4.000000e+00   
   552   6.279119e+00  3.655370e+00   
   553   5.264706e+00  4.000000e+00   
   554   7.751423e+00  3.002984e+00   
   555   7.248954e+00  3.286650e+00   
   556   7.502598e+00  3.150992e+00   
   557   7.999105e+00  2.853127e+00   
   558   7.001632e+00  3.429670e+00   
   559   8.248853e+00  2.714286e+00   
   560   8.500000e+00  2.571429e+00   
   561   5.558824e+00  4.000000e+00   
   562   6.759781e+00  3.593841e+00   
   563   6.530316e+00  3.718112e+00   
   564   5.852941e+00  4.000000e+00   
   565   6.147059e+00  4.000000e+00   
   566   7.997705e+00  3.142857e+00   
   567   7.494222e+00  3.440283e+00   
   568   7.749452e+00  3.302906e+00   
   569   8.248853e+00  3.000000e+00   
   570   7.014700e+00  3.712849e+00   
   571   7.262958e+00  3.599476e+00   
   572   8.500000e+00  2.857143e+00   
   573   6.441176e+00  4.000000e+00   
   574   6.735294e+00  4.000000e+00   
   575   7.999105e+00  3.432588e+00   
   576   8.248853e+00  3.285714e+00   
   577   7.494709e+00  3.727403e+00   
   578   8.500000e+00  3.142857e+00   
   579   7.029412e+00  4.000000e+00   
   580   7.752693e+00  3.660671e+00   
   581   7.323529e+00  4.000000e+00   
   582   8.248853e+00  3.571429e+00   
   583   8.001949e+00  3.721516e+00   
   584   8.500000e+00  3.428571e+00   
   585   7.617647e+00  4.000000e+00   
   586   7.911765e+00  4.000000e+00   
   587   8.500000e+00  3.714286e+00   
   588   8.205882e+00  4.000000e+00   
   589   8.500000e+00  4.000000e+00   
  END_COORDINATES
  BOUNDARIES, ELEMENT
    1         251     282         1     
    2         282     286         1     
    3         447     462         2     
    4         452     429         3     
    5         63     48         4     
    6         336     346         5     
    7         572     578         6     
    8         239     210         7     
    9         298     307         8     
    10         513     530         9     
    11         352     326         10     
    12         18     11         11     
    13         386     399         12     
    14         544     543         13     
    15         543     522         13     
    16         135     114         14     
    17         288     294         15     
    18         477     494         16     
    19         403     379         17     
    20         35     26         18     
    21         359     370         19     
    22         584     587         20     
    23         184     160         21     
    24         316     324         22     
    25         547     560         23     
    26         299     268         24     
    27         5     2         25     
    28         413     430         26     
    29         497     475         27     
    30         95     79         28     
    31         286     288         29     
    32         462     477         30     
    33         429     403         31     
    34         48     35         32     
    35         346     359         33     
    36         578     584         34     
    37         210     184         35     
    38         307     316         36     
    39         530     547         37     
    40         326     299         38     
    41         11     5         39     
    42         399     413         40     
    43         522     497         41     
    44         114     95         42     
    45         294     298         43     
    46         494     513         44     
    47         379     352         45     
    48         26     18         46     
    49         370     386         47     
    50         587     589         48     
    51         589     588         48     
    52         160     135         49     
    53         324     336         50     
    54         560     572         51     
    55         268     239         52     
    56         1     3         53     
    57         2     1         53     
    58         430     447         54     
    59         475     452         55     
    60         79     63         56     
    61         586     585         949     
    62         101     122         1019     
    63         7     12         1037     
    64         546     544         1040     
    65         548     546         1041     
    66         67     83         1042     
    67         573     565         1044     
    68         19     27         1045     
    69         27     39         1046     
    70         144     169         1047     
    71         585     581         1048     
    72         553     551         1049     
    73         551     549         1050     
    74         588     586         1052     
    75         564     561         1054     
    76         561     553         1055     
    77         39     52         1056     
    78         52     67         1057     
    79         194     220         1058     
    80         220     251         1059     
    81         579     574         1060     
    82         581     579         1061     
    83         549     548         1062     
    84         3     7         1065     
    85         83     101         1066     
    86         565     564         1067     
    87         169     194         1068     
    88         12     19         1070     
    89         122     144         1071     
    90         574     573         1072     
  END_BOUNDARIES
  MATERIALS, NUMBER= 1, DEFAULT=1
  END_MATERIALS
  SUBDOMAINS
  END_SUBDOMAINS
  CHARACTERISTICS
  END_CHARACTERISTICS
