  NODES_PER_ELEMENT
   1 3
   2 3
   3 3
   4 3
   5 3
   6 3
   7 3
   8 3
   9 3
   10 3
   11 3
   12 3
   13 3
   14 3
   15 3
   16 3
   17 3
   18 3
   19 3
   20 3
   21 3
   22 3
   23 3
   24 3
   25 3
   26 3
   27 3
   28 3
   29 3
   30 3
   31 3
   32 3
   33 3
   34 3
   35 3
   36 3
   37 3
   38 3
   39 3
   40 3
   41 3
   42 3
   43 3
   44 3
   45 3
   46 3
   47 3
   48 3
   49 3
   50 3
   51 3
   52 3
   53 3
   54 3
   55 3
   56 3
   57 3
   58 3
   59 3
   60 3
   61 3
   62 3
   63 3
   64 3
   65 3
   66 3
   67 3
   68 3
   69 3
   70 3
   71 3
   72 3
   73 3
   74 3
   75 3
   76 3
   77 3
   78 3
   79 3
   80 3
   81 3
   82 3
   83 3
   84 3
   85 3
   86 3
   87 3
   88 3
   89 3
   90 3
   91 3
   92 3
   93 3
   94 3
   95 3
   96 3
   97 3
   98 3
   99 3
   100 3
   101 3
   102 3
   103 3
   104 3
   105 3
   106 3
   107 3
   108 3
   109 3
   110 3
   111 3
   112 3
   113 3
   114 3
   115 3
   116 3
   117 3
   118 3
   119 3
   120 3
   121 3
   122 3
   123 3
   124 3
   125 3
   126 3
   127 3
   128 3
   129 3
   130 3
   131 3
   132 3
   133 3
   134 3
   135 3
   136 3
   137 3
   138 3
   139 3
   140 3
   141 3
   142 3
   143 3
   144 3
   145 3
   146 3
   147 3
   148 3
   149 3
   150 3
   151 3
   152 3
   153 3
   154 3
   155 3
   156 3
   157 3
   158 3
   159 3
   160 3
   161 3
   162 3
   163 3
   164 3
   165 3
   166 3
   167 3
   168 3
   169 3
   170 3
   171 3
   172 3
   173 3
   174 3
   175 3
   176 3
   177 3
   178 3
   179 3
   180 3
   181 3
   182 3
   183 3
   184 3
   185 3
   186 3
   187 3
   188 3
   189 3
   190 3
   191 3
   192 3
   193 3
   194 3
   195 3
   196 3
   197 3
   198 3
   199 3
   200 3
   201 3
   202 3
   203 3
   204 3
   205 3
   206 3
   207 3
   208 3
   209 3
   210 3
   211 3
   212 3
   213 3
   214 3
   215 3
   216 3
   217 3
   218 3
   219 3
   220 3
   221 3
   222 3
   223 3
   224 3
   225 3
   226 3
   227 3
   228 3
   229 3
   230 3
   231 3
   232 3
   233 3
   234 3
   235 3
   236 3
   237 3
   238 3
   239 3
   240 3
   241 3
   242 3
   243 3
   244 3
   245 3
   246 3
   247 3
   248 3
   249 3
   250 3
   251 3
   252 3
   253 3
   254 3
   255 3
   256 3
   257 3
   258 3
   259 3
   260 3
   261 3
   262 3
   263 3
   264 3
   265 3
   266 3
   267 3
   268 3
   269 3
   270 3
   271 3
   272 3
   273 3
   274 3
   275 3
   276 3
   277 3
   278 3
   279 3
   280 3
   281 3
   282 3
   283 3
   284 3
   285 3
   286 3
   287 3
   288 3
   289 3
   290 3
   291 3
   292 3
   293 3
   294 3
   295 3
   296 3
   297 3
   298 3
   299 3
   300 3
   301 3
   302 3
   303 3
   304 3
   305 3
   306 3
   307 3
   308 3
   309 3
   310 3
   311 3
   312 3
   313 3
   314 3
   315 3
   316 3
   317 3
   318 3
   319 3
   320 3
   321 3
   322 3
   323 3
   324 3
   325 3
   326 3
   327 3
   328 3
   329 3
   330 3
   331 3
   332 3
   333 3
   334 3
   335 3
   336 3
   337 3
   338 3
   339 3
   340 3
   341 3
   342 3
   343 3
   344 3
   345 3
   346 3
   347 3
   348 3
   349 3
   350 3
   351 3
   352 3
   353 3
   354 3
   355 3
   356 3
  END_NODES_PER_ELEMENT
  ELEMENTS
  1 204 202 203  
  2 154 147 135  
  3 135 147 128  
  4 154 135 145  
  5 128 147 140  
  6 135 128 113  
  7 145 135 125  
  8 113 128 107  
  9 107 128 118  
  10 113 107 95  
  11 118 128 140  
  12 118 140 131  
  13 107 118 97  
  14 95 107 89  
  15 113 95 106  
  16 107 97 89  
  17 89 97 81  
  18 81 97 94  
  19 89 81 71  
  20 95 89 78  
  21 106 95 87  
  22 71 81 65  
  23 95 78 87  
  24 87 78 69  
  25 65 81 77  
  26 69 78 61  
  27 87 69 79  
  28 77 81 94  
  29 61 78 71  
  30 61 71 55  
  31 71 78 89  
  32 55 71 65  
  33 55 65 52  
  34 61 55 48  
  35 52 65 63  
  36 55 52 43  
  37 63 65 77  
  38 63 77 75  
  39 52 63 53  
  40 55 43 48  
  41 48 43 35  
  42 63 75 67  
  43 67 75 84  
  44 84 75 92  
  45 92 75 77  
  46 84 92 104  
  47 35 43 32  
  48 48 35 42  
  49 43 52 41  
  50 69 61 54  
  51 79 69 62  
  52 77 94 92  
  53 54 61 48  
  54 54 48 42  
  55 54 42 49  
  56 49 42 37  
  57 54 49 62  
  58 62 49 59  
  59 59 49 46  
  60 62 59 74  
  61 79 62 74  
  62 79 74 91  
  63 91 74 88  
  64 79 91 96  
  65 37 42 31  
  66 46 49 37  
  67 46 37 34  
  68 34 37 28  
  69 46 34 44  
  70 88 74 72  
  71 31 42 35  
  72 31 35 24  
  73 24 35 32  
  74 31 24 22  
  75 24 32 23  
  76 28 37 31  
  77 28 31 22  
  78 28 22 20  
  79 20 22 14  
  80 28 20 25  
  81 46 44 57  
  82 72 74 59  
  83 72 59 57  
  84 57 59 46  
  85 72 57 68  
  86 14 22 16  
  87 20 14 12  
  88 57 44 56  
  89 68 57 56  
  90 68 56 70  
  91 16 22 24  
  92 16 24 23  
  93 16 23 15  
  94 12 14 8  
  95 56 44 45  
  96 70 56 58  
  97 8 14 9  
  98 12 8 7  
  99 58 56 45  
  100 8 9 6  
  101 7 8 4  
  102 4 8 6  
  103 7 4 5  
  104 45 44 33  
  105 33 44 34  
  106 45 33 36  
  107 33 34 25  
  108 25 34 28  
  109 33 25 26  
  110 26 25 18  
  111 33 26 36  
  112 18 25 20  
  113 18 20 12  
  114 18 12 13  
  115 13 12 7  
  116 18 13 21  
  117 21 13 17  
  118 18 21 26  
  119 26 21 30  
  120 30 21 27  
  121 26 30 36  
  122 36 30 40  
  123 40 30 38  
  124 36 40 47  
  125 47 40 51  
  126 36 47 45  
  127 45 47 58  
  128 58 47 60  
  129 60 47 51  
  130 58 60 73  
  131 60 51 66  
  132 66 51 64  
  133 60 66 76  
  134 13 7 10  
  135 73 60 76  
  136 73 76 90  
  137 90 76 93  
  138 73 90 86  
  139 93 76 82  
  140 90 93 108  
  141 82 76 66  
  142 82 66 80  
  143 108 93 111  
  144 111 93 101  
  145 108 111 127  
  146 101 93 82  
  147 127 111 132  
  148 108 127 122  
  149 132 111 121  
  150 127 132 146  
  151 122 127 141  
  152 121 111 101  
  153 146 132 151  
  154 141 127 146  
  155 151 132 142  
  156 146 151 163  
  157 142 132 121  
  158 151 142 159  
  159 163 151 177  
  160 159 142 143  
  161 151 159 177  
  162 9 14 16  
  163 9 16 15  
  164 9 15 11  
  165 11 15 19  
  166 19 15 23  
  167 58 73 70  
  168 70 73 86  
  169 70 86 83  
  170 83 86 100  
  171 70 83 68  
  172 68 83 85  
  173 100 86 103  
  174 83 100 98  
  175 85 83 98  
  176 103 86 90  
  177 103 90 108  
  178 103 108 122  
  179 98 100 115  
  180 85 98 102  
  181 103 122 117  
  182 115 100 117  
  183 117 100 103  
  184 115 117 134  
  185 102 98 116  
  186 85 102 88  
  187 85 88 72  
  188 117 122 138  
  189 115 134 133  
  190 88 102 105  
  191 117 138 134  
  192 134 138 152  
  193 152 138 155  
  194 134 152 149  
  195 133 134 149  
  196 133 149 150  
  197 150 149 165  
  198 133 150 136  
  199 105 102 119  
  200 152 155 168  
  201 165 149 166  
  202 119 102 116  
  203 168 155 170  
  204 166 149 152  
  205 166 152 168  
  206 166 168 183  
  207 119 116 136  
  208 136 116 133  
  209 170 155 158  
  210 183 168 187  
  211 119 136 139  
  212 170 158 173  
  213 139 136 153  
  214 119 139 123  
  215 173 158 163  
  216 153 136 150  
  217 153 150 167  
  218 167 150 165  
  219 153 167 169  
  220 167 165 178  
  221 178 165 182  
  222 167 178 180  
  223 123 139 144  
  224 163 158 146  
  225 169 167 180  
  226 144 139 157  
  227 146 158 141  
  228 141 158 155  
  229 169 180 184  
  230 157 139 153  
  231 144 157 161  
  232 184 180 190  
  233 157 153 169  
  234 157 169 171  
  235 171 169 184  
  236 157 171 161  
  237 171 184 186  
  238 161 171 175  
  239 186 184 193  
  240 171 186 175  
  241 161 175 164  
  242 175 186 188  
  243 188 186 194  
  244 190 180 189  
  245 184 190 193  
  246 193 190 199  
  247 161 164 148  
  248 189 180 178  
  249 199 190 197  
  250 193 199 200  
  251 200 199 202  
  252 148 164 156  
  253 197 190 189  
  254 197 189 196  
  255 199 197 203  
  256 156 164 172  
  257 172 164 181  
  258 148 156 137  
  259 197 196 201  
  260 201 196 198  
  261 198 196 191  
  262 191 196 189  
  263 198 191 195  
  264 137 156 145  
  265 137 145 125  
  266 145 156 162  
  267 162 156 172  
  268 148 137 130  
  269 130 137 114  
  270 148 130 144  
  271 144 130 123  
  272 148 144 161  
  273 123 130 110  
  274 110 130 114  
  275 123 110 105  
  276 110 114 96  
  277 114 137 125  
  278 114 125 106  
  279 106 125 113  
  280 113 125 135  
  281 105 110 91  
  282 105 91 88  
  283 110 96 91  
  284 114 106 96  
  285 96 106 87  
  286 96 87 79  
  287 116 98 115  
  288 138 122 141  
  289 138 141 155  
  290 166 183 182  
  291 182 183 195  
  292 166 182 165  
  293 62 69 54  
  294 51 40 50  
  295 119 123 105  
  296 186 193 194  
  297 194 193 200  
  298 94 97 112  
  299 112 97 118  
  300 112 118 131  
  301 112 131 129  
  302 94 112 109  
  303 109 112 129  
  304 109 129 126  
  305 94 109 92  
  306 72 68 85  
  307 142 121 120  
  308 43 41 32  
  309 32 41 29  
  310 170 173 185  
  311 185 173 179  
  312 179 173 163  
  313 121 101 99  
  314 101 82 80  
  315 178 182 191  
  316 115 133 116  
  317 41 52 53  
  318 23 32 29  
  319 164 175 181  
  320 181 175 188  
  321 168 170 187  
  322 189 178 191  
  323 154 145 162  
  324 5 10 7  
  325 99 120 121  
  326 38 50 40  
  327 17 27 21  
  328 143 160 159  
  329 1 2 3  
  330 64 80 66  
  331 10 17 13  
  332 120 143 142  
  333 126 124 104  
  334 50 64 51  
  335 27 38 30  
  336 160 174 176  
  337 2 5 4  
  338 2 4 3  
  339 80 99 101  
  340 39 29 41  
  341 185 187 170  
  342 6 3 4  
  343 177 179 163  
  344 192 195 183  
  345 67 53 63  
  346 176 177 159  
  347 201 203 197  
  348 29 19 23  
  349 187 192 183  
  350 11 6 9  
  351 53 39 41  
  352 202 199 203  
  353 109 126 104  
  354 92 109 104  
  355 191 182 195  
  356 159 160 176  
  END_ELEMENTS  
  COORDINATES  
   1   2.000000e+00  5.000000e+00   
   2   2.000000e+00  4.285714e+00   
   3   2.727273e+00  5.000000e+00   
   4   2.700472e+00  4.193634e+00   
   5   2.000000e+00  3.571429e+00   
   6   3.454545e+00  5.000000e+00   
   7   2.708635e+00  3.475205e+00   
   8   3.312377e+00  3.829458e+00   
   9   3.985725e+00  4.281513e+00   
   10   2.000000e+00  2.857143e+00   
   11   4.181818e+00  5.000000e+00   
   12   3.317299e+00  3.129476e+00   
   13   2.713669e+00  2.775134e+00   
   14   3.921039e+00  3.483728e+00   
   15   4.519779e+00  4.537931e+00   
   16   4.524792e+00  3.837959e+00   
   17   2.000000e+00  2.142857e+00   
   18   3.322443e+00  2.429703e+00   
   19   4.909091e+00  5.000000e+00   
   20   3.925964e+00  2.783755e+00   
   21   2.718882e+00  2.075166e+00   
   22   4.529680e+00  3.137978e+00   
   23   5.076753e+00  4.285780e+00   
   24   5.133385e+00  3.492280e+00   
   25   3.930989e+00  2.083783e+00   
   26   3.327166e+00  1.729727e+00   
   27   2.000000e+00  1.428571e+00   
   28   4.534654e+00  2.438148e+00   
   29   5.636364e+00  5.000000e+00   
   30   2.723662e+00  1.375301e+00   
   31   5.138380e+00  2.792328e+00   
   32   5.737107e+00  3.846508e+00   
   33   3.935751e+00  1.383922e+00   
   34   4.539508e+00  1.738170e+00   
   35   5.742006e+00  3.146537e+00   
   36   3.332009e+00  1.029668e+00   
   37   5.143271e+00  2.092348e+00   
   38   2.000000e+00  7.142857e-01   
   39   6.363636e+00  5.000000e+00   
   40   2.728371e+00  6.753977e-01   
   41   6.353860e+00  4.367048e+00   
   42   5.747021e+00  2.446566e+00   
   43   6.345730e+00  3.500731e+00   
   44   4.544414e+00  1.038193e+00   
   45   3.940673e+00  6.839391e-01   
   46   5.148151e+00  1.392446e+00   
   47   3.337032e+00  3.297064e-01   
   48   6.350686e+00  2.800929e+00   
   49   5.751926e+00  1.746625e+00   
   50   2.000000e+00 -1.776357e-15   
   51   2.733315e+00 -2.457982e-02   
   52   6.949416e+00  3.855049e+00   
   53   7.090909e+00  5.000000e+00   
   54   6.355568e+00  2.100966e+00   
   55   6.954448e+00  3.155130e+00   
   56   4.549336e+00  3.382102e-01   
   57   5.153077e+00  6.924646e-01   
   58   3.945594e+00 -1.604167e-02   
   59   5.756782e+00  1.046679e+00   
   60   3.341853e+00 -3.702572e-01   
   61   6.959330e+00  2.455184e+00   
   62   6.360459e+00  1.400969e+00   
   63   7.622496e+00  4.298571e+00   
   64   2.000000e+00 -7.142857e-01   
   65   7.557970e+00  3.509255e+00   
   66   2.738161e+00 -7.245292e-01   
   67   7.818182e+00  5.000000e+00   
   68   5.157990e+00 -7.506041e-03   
   69   6.964212e+00  1.755203e+00   
   70   4.554258e+00 -3.617688e-01   
   71   7.562998e+00  2.809275e+00   
   72   5.761705e+00  3.467701e-01   
   73   3.950492e+00 -7.160196e-01   
   74   6.365461e+00  7.009964e-01   
   75   8.156837e+00  4.563525e+00   
   76   3.346830e+00 -1.070231e+00   
   77   8.161660e+00  3.863595e+00   
   78   7.567970e+00  2.109416e+00   
   79   6.969112e+00  1.055222e+00   
   80   2.000000e+00 -1.428571e+00   
   81   8.166681e+00  3.163614e+00   
   82   2.743066e+00 -1.424443e+00   
   83   5.162920e+00 -7.074738e-01   
   84   8.545455e+00  5.000000e+00   
   85   5.766658e+00 -3.532203e-01   
   86   4.559177e+00 -1.061699e+00   
   87   7.572860e+00  1.409461e+00   
   88   6.370354e+00  1.019341e-03   
   89   8.171718e+00  2.463660e+00   
   90   3.955457e+00 -1.415979e+00   
   91   6.974096e+00  3.552630e-01   
   92   8.803909e+00  4.378643e+00   
   93   3.351707e+00 -1.770208e+00   
   94   8.770402e+00  3.517890e+00   
   95   8.176627e+00  1.763674e+00   
   96   7.577806e+00  7.095588e-01   
   97   8.775329e+00  2.817914e+00   
   98   5.771574e+00 -1.053218e+00   
   99   2.000000e+00 -2.142857e+00   
   100   5.167823e+00 -1.407453e+00   
   101   2.747951e+00 -2.124438e+00   
   102   6.375319e+00 -6.989614e-01   
   103   4.564067e+00 -1.761682e+00   
   104   9.272727e+00  5.000000e+00   
   105   6.979039e+00 -3.446717e-01   
   106   8.181499e+00  1.063687e+00   
   107   8.780385e+00  2.117929e+00   
   108   3.960356e+00 -2.115961e+00   
   109   9.374139e+00  3.872151e+00   
   110   7.582887e+00  9.474497e-03   
   111   3.356601e+00 -2.470191e+00   
   112   9.379068e+00  3.172169e+00   
   113   8.785276e+00  1.417890e+00   
   114   8.186531e+00  3.636228e-01   
   115   5.776476e+00 -1.753201e+00   
   116   6.380240e+00 -1.398945e+00   
   117   5.172739e+00 -2.107420e+00   
   118   9.384068e+00  2.472310e+00   
   119   6.984003e+00 -1.044654e+00   
   120   2.000000e+00 -2.857143e+00   
   121   2.752845e+00 -2.824421e+00   
   122   4.569006e+00 -2.461713e+00   
   123   7.587789e+00 -6.904731e-01   
   124   1.000000e+01  5.000000e+00   
   125   8.785276e+00  7.249675e-01   
   126   1.000000e+01  4.285714e+00   
   127   3.965251e+00 -2.815944e+00   
   128   9.389178e+00  1.772315e+00   
   129   1.000000e+01  3.571429e+00   
   130   8.191451e+00 -3.363599e-01   
   131   1.000000e+01  2.857143e+00   
   132   3.361495e+00 -3.170174e+00   
   133   6.385131e+00 -2.098942e+00   
   134   5.781380e+00 -2.453178e+00   
   135   9.393782e+00  1.071429e+00   
   136   6.988851e+00 -1.744658e+00   
   137   8.795193e+00  1.789208e-02   
   138   5.177694e+00 -2.807405e+00   
   139   7.592631e+00 -1.390458e+00   
   140   1.000000e+01  2.142857e+00   
   141   4.573901e+00 -3.161696e+00   
   142   2.757739e+00 -3.524404e+00   
   143   2.000000e+00 -3.571429e+00   
   144   8.196413e+00 -1.036273e+00   
   145   9.389178e+00  3.705423e-01   
   146   3.970145e+00 -3.515926e+00   
   147   1.000000e+01  1.428571e+00   
   148   8.800113e+00 -6.820905e-01   
   149   6.390060e+00 -2.798871e+00   
   150   6.993798e+00 -2.444637e+00   
   151   3.366390e+00 -3.870157e+00   
   152   5.786334e+00 -3.153145e+00   
   153   7.597485e+00 -2.090442e+00   
   154   1.000000e+01  7.142857e-01   
   155   5.182588e+00 -3.507384e+00   
   156   9.403856e+00 -3.278388e-01   
   157   8.201255e+00 -1.736256e+00   
   158   4.578838e+00 -3.861624e+00   
   159   2.717658e+00 -4.208617e+00   
   160   2.000000e+00 -4.285714e+00   
   161   8.805037e+00 -1.382072e+00   
   162   1.000000e+01  1.776357e-15   
   163   4.022580e+00 -4.301552e+00   
   164   9.408774e+00 -1.027821e+00   
   165   6.998710e+00 -3.144617e+00   
   166   6.394958e+00 -3.498853e+00   
   167   7.602417e+00 -2.790406e+00   
   168   5.791243e+00 -3.853127e+00   
   169   8.206154e+00 -2.436152e+00   
   170   5.113645e+00 -4.297290e+00   
   171   8.809907e+00 -2.081961e+00   
   172   1.000000e+01 -7.142857e-01   
   173   4.583744e+00 -4.561607e+00   
   174   2.000000e+00 -5.000000e+00   
   175   9.413675e+00 -1.727798e+00   
   176   2.727273e+00 -5.000000e+00   
   177   3.454545e+00 -5.000000e+00   
   178   7.607342e+00 -3.490376e+00   
   179   4.181818e+00 -5.000000e+00   
   180   8.211082e+00 -3.136126e+00   
   181   1.000000e+01 -1.428571e+00   
   182   7.005629e+00 -3.978431e+00   
   183   6.380116e+00 -4.366096e+00   
   184   8.814821e+00 -2.781871e+00   
   185   4.909091e+00 -5.000000e+00   
   186   9.418567e+00 -2.427660e+00   
   187   5.636364e+00 -5.000000e+00   
   188   1.000000e+01 -2.142857e+00   
   189   8.216006e+00 -3.836108e+00   
   190   8.819746e+00 -3.481853e+00   
   191   7.561740e+00 -4.370646e+00   
   192   6.363636e+00 -5.000000e+00   
   193   9.423458e+00 -3.127638e+00   
   194   1.000000e+01 -2.857143e+00   
   195   7.090909e+00 -5.000000e+00   
   196   8.220891e+00 -4.536081e+00   
   197   8.750534e+00 -4.280275e+00   
   198   7.818182e+00 -5.000000e+00   
   199   9.377744e+00 -3.957818e+00   
   200   1.000000e+01 -3.571429e+00   
   201   8.545455e+00 -5.000000e+00   
   202   1.000000e+01 -4.285714e+00   
   203   9.272727e+00 -5.000000e+00   
   204   1.000000e+01 -5.000000e+00   
  END_COORDINATES
  BOUNDARIES, ELEMENT
    1         203     204         1     
    2         204     202         1     
    3         154     147         2     
    4         147     140         5     
    5         140     131         12     
    6         84     67         43     
    7         104     84         46     
    8         19     11         165     
    9         194     188         243     
    10         202     200         251     
    11         181     172         257     
    12         198     201         260     
    13         195     198         263     
    14         172     162         267     
    15         200     194         297     
    16         131     129         301     
    17         129     126         304     
    18         179     185         311     
    19         188     181         320     
    20         162     154         323     
    21         5     10         324     
    22         99     120         325     
    23         38     50         326     
    24         17     27         327     
    25         143     160         328     
    26         3     1         329     
    27         1     2         329     
    28         64     80         330     
    29         10     17         331     
    30         120     143         332     
    31         126     124         333     
    32         124     104         333     
    33         50     64         334     
    34         27     38         335     
    35         174     176         336     
    36         160     174         336     
    37         2     5         337     
    38         80     99         339     
    39         39     29         340     
    40         185     187         341     
    41         6     3         342     
    42         177     179         343     
    43         192     195         344     
    44         67     53         345     
    45         176     177         346     
    46         201     203         347     
    47         29     19         348     
    48         187     192         349     
    49         11     6         350     
    50         53     39         351     
  END_BOUNDARIES
  MATERIALS
     1     0
     2     0
     3     0
     4     0
     5     0
     6     0
     7     0
     8     0
     9     0
     10     0
     11     0
     12     0
     13     0
     14     0
     15     0
     16     0
     17     0
     18     0
     19     0
     20     0
     21     0
     22     0
     23     0
     24     0
     25     0
     26     0
     27     0
     28     0
     29     0
     30     0
     31     0
     32     0
     33     0
     34     0
     35     0
     36     0
     37     0
     38     0
     39     0
     40     0
     41     0
     42     0
     43     0
     44     0
     45     0
     46     0
     47     0
     48     0
     49     0
     50     0
     51     0
     52     0
     53     0
     54     0
     55     0
     56     0
     57     0
     58     0
     59     0
     60     0
     61     0
     62     0
     63     0
     64     0
     65     0
     66     0
     67     0
     68     0
     69     0
     70     0
     71     0
     72     0
     73     0
     74     0
     75     0
     76     0
     77     0
     78     0
     79     0
     80     0
     81     0
     82     0
     83     0
     84     0
     85     0
     86     0
     87     0
     88     0
     89     0
     90     0
     91     0
     92     0
     93     0
     94     0
     95     0
     96     0
     97     0
     98     0
     99     0
     100     0
     101     0
     102     0
     103     0
     104     0
     105     0
     106     0
     107     0
     108     0
     109     0
     110     0
     111     0
     112     0
     113     0
     114     0
     115     0
     116     0
     117     0
     118     0
     119     0
     120     0
     121     0
     122     0
     123     0
     124     0
     125     0
     126     0
     127     0
     128     0
     129     0
     130     0
     131     0
     132     0
     133     0
     134     0
     135     0
     136     0
     137     0
     138     0
     139     0
     140     0
     141     0
     142     0
     143     0
     144     0
     145     0
     146     0
     147     0
     148     0
     149     0
     150     0
     151     0
     152     0
     153     0
     154     0
     155     0
     156     0
     157     0
     158     0
     159     0
     160     0
     161     0
     162     0
     163     0
     164     0
     165     0
     166     0
     167     0
     168     0
     169     0
     170     0
     171     0
     172     0
     173     0
     174     0
     175     0
     176     0
     177     0
     178     0
     179     0
     180     0
     181     0
     182     0
     183     0
     184     0
     185     0
     186     0
     187     0
     188     0
     189     0
     190     0
     191     0
     192     0
     193     0
     194     0
     195     0
     196     0
     197     0
     198     0
     199     0
     200     0
     201     0
     202     0
     203     0
     204     0
     205     0
     206     0
     207     0
     208     0
     209     0
     210     0
     211     0
     212     0
     213     0
     214     0
     215     0
     216     0
     217     0
     218     0
     219     0
     220     0
     221     0
     222     0
     223     0
     224     0
     225     0
     226     0
     227     0
     228     0
     229     0
     230     0
     231     0
     232     0
     233     0
     234     0
     235     0
     236     0
     237     0
     238     0
     239     0
     240     0
     241     0
     242     0
     243     0
     244     0
     245     0
     246     0
     247     0
     248     0
     249     0
     250     0
     251     0
     252     0
     253     0
     254     0
     255     0
     256     0
     257     0
     258     0
     259     0
     260     0
     261     0
     262     0
     263     0
     264     0
     265     0
     266     0
     267     0
     268     0
     269     0
     270     0
     271     0
     272     0
     273     0
     274     0
     275     0
     276     0
     277     0
     278     0
     279     0
     280     0
     281     0
     282     0
     283     0
     284     0
     285     0
     286     0
     287     0
     288     0
     289     0
     290     0
     291     0
     292     0
     293     0
     294     0
     295     0
     296     0
     297     0
     298     0
     299     0
     300     0
     301     0
     302     0
     303     0
     304     0
     305     0
     306     0
     307     0
     308     0
     309     0
     310     0
     311     0
     312     0
     313     0
     314     0
     315     0
     316     0
     317     0
     318     0
     319     0
     320     0
     321     0
     322     0
     323     0
     324     0
     325     0
     326     0
     327     0
     328     0
     329     0
     330     0
     331     0
     332     0
     333     0
     334     0
     335     0
     336     0
     337     0
     338     0
     339     0
     340     0
     341     0
     342     0
     343     0
     344     0
     345     0
     346     0
     347     0
     348     0
     349     0
     350     0
     351     0
     352     0
     353     0
     354     0
     355     0
     356     0
  END_MATERIALS 
  SUBDOMAINS
  END_SUBDOMAINS
  CHARACTERISTICS
  END_CHARACTERISTICS
