  NODES_PER_ELEMENT
   1 3
   2 3
   3 3
   4 3
   5 3
   6 3
   7 3
   8 3
   9 3
   10 3
   11 3
   12 3
   13 3
   14 3
   15 3
   16 3
   17 3
   18 3
   19 3
   20 3
   21 3
   22 3
   23 3
   24 3
   25 3
   26 3
   27 3
   28 3
   29 3
   30 3
   31 3
   32 3
   33 3
   34 3
   35 3
   36 3
   37 3
   38 3
   39 3
   40 3
   41 3
   42 3
   43 3
   44 3
   45 3
   46 3
   47 3
   48 3
   49 3
   50 3
   51 3
   52 3
   53 3
   54 3
   55 3
   56 3
   57 3
   58 3
   59 3
   60 3
   61 3
   62 3
   63 3
   64 3
   65 3
   66 3
   67 3
   68 3
   69 3
   70 3
   71 3
   72 3
   73 3
   74 3
   75 3
   76 3
   77 3
   78 3
   79 3
   80 3
   81 3
   82 3
   83 3
   84 3
   85 3
   86 3
   87 3
   88 3
   89 3
   90 3
   91 3
   92 3
   93 3
   94 3
   95 3
   96 3
   97 3
   98 3
   99 3
   100 3
   101 3
   102 3
   103 3
   104 3
   105 3
   106 3
   107 3
   108 3
   109 3
   110 3
   111 3
   112 3
   113 3
   114 3
   115 3
   116 3
   117 3
   118 3
   119 3
   120 3
   121 3
   122 3
   123 3
   124 3
   125 3
   126 3
   127 3
   128 3
   129 3
   130 3
   131 3
   132 3
   133 3
   134 3
   135 3
   136 3
   137 3
   138 3
   139 3
   140 3
   141 3
   142 3
   143 3
   144 3
   145 3
   146 3
   147 3
   148 3
   149 3
   150 3
   151 3
   152 3
   153 3
   154 3
   155 3
   156 3
   157 3
   158 3
   159 3
   160 3
   161 3
   162 3
   163 3
   164 3
   165 3
   166 3
   167 3
   168 3
   169 3
   170 3
   171 3
   172 3
   173 3
   174 3
   175 3
   176 3
   177 3
   178 3
   179 3
   180 3
   181 3
   182 3
   183 3
   184 3
   185 3
   186 3
   187 3
   188 3
   189 3
   190 3
   191 3
   192 3
   193 3
   194 3
   195 3
   196 3
   197 3
   198 3
   199 3
   200 3
   201 3
   202 3
   203 3
   204 3
   205 3
   206 3
   207 3
   208 3
   209 3
   210 3
   211 3
   212 3
   213 3
   214 3
   215 3
   216 3
   217 3
   218 3
   219 3
   220 3
   221 3
   222 3
   223 3
   224 3
   225 3
   226 3
   227 3
   228 3
   229 3
   230 3
   231 3
   232 3
   233 3
   234 3
   235 3
   236 3
   237 3
   238 3
   239 3
   240 3
   241 3
   242 3
   243 3
   244 3
   245 3
   246 3
   247 3
   248 3
   249 3
   250 3
   251 3
   252 3
   253 3
   254 3
   255 3
   256 3
   257 3
   258 3
   259 3
   260 3
   261 3
   262 3
   263 3
   264 3
   265 3
   266 3
   267 3
   268 3
   269 3
   270 3
   271 3
   272 3
   273 3
   274 3
   275 3
   276 3
   277 3
   278 3
   279 3
   280 3
   281 3
   282 3
   283 3
   284 3
   285 3
   286 3
   287 3
   288 3
   289 3
   290 3
   291 3
   292 3
   293 3
   294 3
   295 3
   296 3
   297 3
   298 3
   299 3
   300 3
   301 3
   302 3
   303 3
   304 3
   305 3
   306 3
   307 3
   308 3
   309 3
   310 3
   311 3
   312 3
   313 3
   314 3
   315 3
   316 3
   317 3
   318 3
   319 3
   320 3
   321 3
   322 3
   323 3
   324 3
   325 3
   326 3
   327 3
   328 3
   329 3
   330 3
   331 3
   332 3
   333 3
   334 3
   335 3
   336 3
   337 3
   338 3
   339 3
   340 3
   341 3
   342 3
   343 3
   344 3
   345 3
   346 3
   347 3
   348 3
   349 3
   350 3
   351 3
   352 3
   353 3
   354 3
   355 3
   356 3
   357 3
   358 3
   359 3
   360 3
   361 3
   362 3
   363 3
   364 3
   365 3
   366 3
   367 3
   368 3
   369 3
   370 3
   371 3
   372 3
   373 3
   374 3
   375 3
   376 3
   377 3
   378 3
   379 3
   380 3
   381 3
   382 3
   383 3
   384 3
   385 3
   386 3
   387 3
   388 3
   389 3
   390 3
   391 3
   392 3
   393 3
   394 3
   395 3
   396 3
   397 3
   398 3
   399 3
   400 3
   401 3
   402 3
   403 3
   404 3
   405 3
   406 3
   407 3
   408 3
   409 3
   410 3
   411 3
   412 3
   413 3
   414 3
   415 3
   416 3
   417 3
   418 3
   419 3
   420 3
   421 3
   422 3
   423 3
   424 3
   425 3
   426 3
   427 3
   428 3
   429 3
   430 3
   431 3
   432 3
   433 3
   434 3
   435 3
   436 3
   437 3
   438 3
   439 3
   440 3
   441 3
   442 3
   443 3
   444 3
   445 3
   446 3
   447 3
   448 3
   449 3
   450 3
   451 3
   452 3
   453 3
   454 3
   455 3
   456 3
   457 3
   458 3
   459 3
   460 3
   461 3
   462 3
   463 3
   464 3
   465 3
   466 3
   467 3
   468 3
   469 3
   470 3
   471 3
   472 3
   473 3
   474 3
   475 3
   476 3
   477 3
   478 3
   479 3
   480 3
   481 3
   482 3
   483 3
   484 3
   485 3
   486 3
   487 3
   488 3
   489 3
   490 3
   491 3
   492 3
   493 3
   494 3
   495 3
   496 3
   497 3
   498 3
   499 3
   500 3
   501 3
   502 3
   503 3
   504 3
   505 3
   506 3
   507 3
   508 3
   509 3
   510 3
   511 3
   512 3
   513 3
   514 3
   515 3
   516 3
   517 3
   518 3
   519 3
   520 3
   521 3
   522 3
   523 3
   524 3
   525 3
   526 3
   527 3
   528 3
   529 3
   530 3
   531 3
   532 3
   533 3
   534 3
   535 3
   536 3
   537 3
   538 3
   539 3
   540 3
   541 3
   542 3
   543 3
   544 3
   545 3
   546 3
   547 3
   548 3
   549 3
   550 3
   551 3
   552 3
   553 3
   554 3
   555 3
   556 3
   557 3
   558 3
   559 3
   560 3
   561 3
   562 3
   563 3
   564 3
   565 3
   566 3
   567 3
   568 3
   569 3
   570 3
   571 3
   572 3
   573 3
   574 3
   575 3
   576 3
   577 3
   578 3
   579 3
   580 3
   581 3
   582 3
   583 3
   584 3
   585 3
   586 3
   587 3
   588 3
   589 3
   590 3
   591 3
   592 3
   593 3
   594 3
   595 3
   596 3
   597 3
   598 3
   599 3
   600 3
   601 3
   602 3
   603 3
   604 3
   605 3
   606 3
   607 3
   608 3
   609 3
   610 3
   611 3
   612 3
   613 3
   614 3
   615 3
   616 3
   617 3
   618 3
   619 3
   620 3
   621 3
   622 3
   623 3
   624 3
   625 3
   626 3
   627 3
   628 3
   629 3
   630 3
   631 3
   632 3
   633 3
   634 3
   635 3
   636 3
   637 3
   638 3
   639 3
   640 3
   641 3
   642 3
   643 3
   644 3
   645 3
   646 3
   647 3
   648 3
   649 3
   650 3
   651 3
   652 3
   653 3
   654 3
   655 3
   656 3
   657 3
   658 3
   659 3
   660 3
   661 3
   662 3
   663 3
   664 3
   665 3
   666 3
   667 3
   668 3
   669 3
   670 3
   671 3
   672 3
   673 3
   674 3
   675 3
   676 3
   677 3
   678 3
   679 3
   680 3
   681 3
   682 3
   683 3
   684 3
   685 3
   686 3
   687 3
   688 3
   689 3
   690 3
   691 3
   692 3
   693 3
   694 3
   695 3
   696 3
   697 3
   698 3
   699 3
   700 3
   701 3
   702 3
   703 3
   704 3
   705 3
   706 3
   707 3
   708 3
   709 3
   710 3
   711 3
   712 3
   713 3
   714 3
   715 3
   716 3
   717 3
   718 3
   719 3
   720 3
   721 3
   722 3
   723 3
   724 3
   725 3
   726 3
   727 3
   728 3
   729 3
   730 3
   731 3
   732 3
   733 3
   734 3
   735 3
   736 3
   737 3
   738 3
   739 3
   740 3
   741 3
   742 3
   743 3
   744 3
   745 3
   746 3
   747 3
   748 3
   749 3
   750 3
   751 3
   752 3
   753 3
   754 3
   755 3
   756 3
   757 3
   758 3
   759 3
   760 3
   761 3
   762 3
   763 3
   764 3
   765 3
   766 3
   767 3
   768 3
   769 3
   770 3
   771 3
   772 3
   773 3
   774 3
   775 3
   776 3
   777 3
   778 3
   779 3
   780 3
   781 3
   782 3
   783 3
   784 3
   785 3
   786 3
   787 3
   788 3
   789 3
   790 3
   791 3
   792 3
   793 3
   794 3
   795 3
   796 3
   797 3
   798 3
   799 3
   800 3
   801 3
   802 3
   803 3
   804 3
   805 3
   806 3
   807 3
   808 3
   809 3
   810 3
   811 3
   812 3
   813 3
   814 3
   815 3
   816 3
   817 3
   818 3
   819 3
   820 3
   821 3
   822 3
   823 3
   824 3
   825 3
   826 3
   827 3
   828 3
   829 3
   830 3
   831 3
   832 3
   833 3
   834 3
   835 3
   836 3
   837 3
   838 3
   839 3
   840 3
   841 3
   842 3
   843 3
   844 3
   845 3
   846 3
   847 3
   848 3
   849 3
   850 3
   851 3
   852 3
   853 3
   854 3
   855 3
   856 3
   857 3
   858 3
   859 3
   860 3
   861 3
   862 3
   863 3
   864 3
   865 3
   866 3
   867 3
   868 3
   869 3
   870 3
   871 3
   872 3
   873 3
   874 3
   875 3
   876 3
   877 3
   878 3
   879 3
   880 3
   881 3
   882 3
   883 3
   884 3
   885 3
   886 3
   887 3
   888 3
   889 3
   890 3
   891 3
   892 3
   893 3
   894 3
   895 3
   896 3
   897 3
   898 3
   899 3
   900 3
   901 3
   902 3
   903 3
   904 3
   905 3
   906 3
   907 3
   908 3
   909 3
   910 3
   911 3
   912 3
   913 3
   914 3
   915 3
   916 3
   917 3
   918 3
   919 3
   920 3
   921 3
   922 3
   923 3
   924 3
   925 3
   926 3
   927 3
   928 3
   929 3
   930 3
   931 3
   932 3
   933 3
   934 3
   935 3
   936 3
   937 3
   938 3
   939 3
   940 3
   941 3
   942 3
   943 3
   944 3
   945 3
   946 3
   947 3
   948 3
   949 3
   950 3
   951 3
   952 3
   953 3
   954 3
   955 3
   956 3
   957 3
   958 3
   959 3
   960 3
   961 3
   962 3
   963 3
   964 3
   965 3
   966 3
   967 3
   968 3
   969 3
   970 3
   971 3
   972 3
   973 3
   974 3
   975 3
   976 3
   977 3
   978 3
   979 3
   980 3
   981 3
   982 3
   983 3
   984 3
   985 3
   986 3
   987 3
   988 3
   989 3
   990 3
   991 3
   992 3
   993 3
   994 3
   995 3
   996 3
   997 3
   998 3
   999 3
   1000 3
   1001 3
   1002 3
   1003 3
   1004 3
   1005 3
   1006 3
   1007 3
   1008 3
   1009 3
   1010 3
   1011 3
   1012 3
   1013 3
   1014 3
   1015 3
   1016 3
   1017 3
   1018 3
   1019 3
   1020 3
   1021 3
   1022 3
   1023 3
   1024 3
   1025 3
   1026 3
   1027 3
   1028 3
   1029 3
   1030 3
   1031 3
   1032 3
   1033 3
   1034 3
   1035 3
   1036 3
   1037 3
   1038 3
   1039 3
   1040 3
   1041 3
   1042 3
   1043 3
   1044 3
   1045 3
   1046 3
   1047 3
   1048 3
   1049 3
   1050 3
   1051 3
   1052 3
   1053 3
   1054 3
   1055 3
   1056 3
   1057 3
   1058 3
   1059 3
   1060 3
   1061 3
   1062 3
   1063 3
   1064 3
   1065 3
   1066 3
   1067 3
   1068 3
   1069 3
   1070 3
   1071 3
   1072 3
   1073 3
   1074 3
   1075 3
   1076 3
   1077 3
   1078 3
   1079 3
   1080 3
   1081 3
   1082 3
   1083 3
   1084 3
   1085 3
   1086 3
   1087 3
   1088 3
   1089 3
   1090 3
   1091 3
   1092 3
   1093 3
   1094 3
   1095 3
   1096 3
   1097 3
   1098 3
   1099 3
   1100 3
   1101 3
   1102 3
   1103 3
   1104 3
   1105 3
   1106 3
   1107 3
   1108 3
   1109 3
   1110 3
   1111 3
   1112 3
   1113 3
   1114 3
   1115 3
   1116 3
   1117 3
   1118 3
   1119 3
   1120 3
   1121 3
   1122 3
   1123 3
   1124 3
   1125 3
   1126 3
   1127 3
   1128 3
   1129 3
   1130 3
   1131 3
   1132 3
   1133 3
   1134 3
   1135 3
   1136 3
   1137 3
   1138 3
   1139 3
   1140 3
   1141 3
   1142 3
   1143 3
   1144 3
   1145 3
   1146 3
   1147 3
   1148 3
   1149 3
   1150 3
   1151 3
   1152 3
   1153 3
   1154 3
   1155 3
   1156 3
   1157 3
   1158 3
   1159 3
   1160 3
   1161 3
   1162 3
   1163 3
   1164 3
   1165 3
   1166 3
   1167 3
   1168 3
   1169 3
   1170 3
   1171 3
   1172 3
   1173 3
   1174 3
   1175 3
   1176 3
   1177 3
   1178 3
   1179 3
   1180 3
   1181 3
   1182 3
   1183 3
   1184 3
   1185 3
   1186 3
   1187 3
   1188 3
   1189 3
   1190 3
   1191 3
   1192 3
   1193 3
   1194 3
   1195 3
   1196 3
   1197 3
   1198 3
   1199 3
   1200 3
   1201 3
   1202 3
   1203 3
   1204 3
   1205 3
   1206 3
   1207 3
   1208 3
   1209 3
   1210 3
   1211 3
   1212 3
   1213 3
   1214 3
   1215 3
   1216 3
   1217 3
   1218 3
   1219 3
   1220 3
   1221 3
   1222 3
   1223 3
   1224 3
   1225 3
   1226 3
   1227 3
   1228 3
   1229 3
   1230 3
   1231 3
   1232 3
   1233 3
   1234 3
   1235 3
   1236 3
   1237 3
   1238 3
   1239 3
   1240 3
   1241 3
   1242 3
   1243 3
   1244 3
   1245 3
   1246 3
   1247 3
   1248 3
   1249 3
   1250 3
   1251 3
   1252 3
   1253 3
   1254 3
   1255 3
   1256 3
   1257 3
   1258 3
   1259 3
   1260 3
   1261 3
   1262 3
   1263 3
   1264 3
   1265 3
   1266 3
   1267 3
   1268 3
   1269 3
   1270 3
   1271 3
   1272 3
   1273 3
   1274 3
   1275 3
   1276 3
   1277 3
   1278 3
   1279 3
   1280 3
   1281 3
   1282 3
   1283 3
   1284 3
   1285 3
   1286 3
   1287 3
   1288 3
   1289 3
   1290 3
   1291 3
   1292 3
   1293 3
   1294 3
   1295 3
   1296 3
   1297 3
   1298 3
   1299 3
   1300 3
   1301 3
   1302 3
   1303 3
   1304 3
   1305 3
   1306 3
   1307 3
   1308 3
   1309 3
   1310 3
   1311 3
   1312 3
   1313 3
   1314 3
   1315 3
   1316 3
   1317 3
   1318 3
   1319 3
   1320 3
   1321 3
   1322 3
   1323 3
   1324 3
   1325 3
   1326 3
   1327 3
   1328 3
   1329 3
   1330 3
   1331 3
   1332 3
   1333 3
   1334 3
   1335 3
   1336 3
   1337 3
   1338 3
   1339 3
   1340 3
   1341 3
   1342 3
   1343 3
   1344 3
   1345 3
   1346 3
   1347 3
   1348 3
   1349 3
   1350 3
   1351 3
   1352 3
   1353 3
   1354 3
   1355 3
   1356 3
   1357 3
   1358 3
   1359 3
   1360 3
   1361 3
   1362 3
   1363 3
   1364 3
   1365 3
   1366 3
   1367 3
   1368 3
   1369 3
   1370 3
   1371 3
   1372 3
   1373 3
   1374 3
   1375 3
   1376 3
   1377 3
   1378 3
   1379 3
   1380 3
   1381 3
   1382 3
   1383 3
   1384 3
   1385 3
   1386 3
   1387 3
   1388 3
   1389 3
   1390 3
   1391 3
   1392 3
   1393 3
   1394 3
   1395 3
   1396 3
   1397 3
   1398 3
   1399 3
   1400 3
   1401 3
   1402 3
   1403 3
   1404 3
   1405 3
   1406 3
   1407 3
   1408 3
   1409 3
   1410 3
   1411 3
   1412 3
   1413 3
   1414 3
   1415 3
   1416 3
   1417 3
   1418 3
   1419 3
   1420 3
   1421 3
   1422 3
   1423 3
   1424 3
   1425 3
   1426 3
   1427 3
   1428 3
   1429 3
   1430 3
   1431 3
   1432 3
   1433 3
   1434 3
   1435 3
   1436 3
   1437 3
   1438 3
   1439 3
   1440 3
   1441 3
   1442 3
   1443 3
   1444 3
   1445 3
   1446 3
   1447 3
   1448 3
   1449 3
   1450 3
   1451 3
   1452 3
   1453 3
   1454 3
   1455 3
   1456 3
   1457 3
   1458 3
   1459 3
   1460 3
   1461 3
   1462 3
   1463 3
   1464 3
   1465 3
   1466 3
   1467 3
   1468 3
   1469 3
   1470 3
   1471 3
   1472 3
   1473 3
   1474 3
   1475 3
   1476 3
   1477 3
   1478 3
   1479 3
   1480 3
   1481 3
   1482 3
   1483 3
   1484 3
   1485 3
   1486 3
   1487 3
   1488 3
   1489 3
   1490 3
   1491 3
   1492 3
   1493 3
   1494 3
   1495 3
   1496 3
   1497 3
   1498 3
   1499 3
   1500 3
   1501 3
   1502 3
   1503 3
   1504 3
   1505 3
   1506 3
   1507 3
   1508 3
   1509 3
   1510 3
   1511 3
   1512 3
   1513 3
   1514 3
   1515 3
   1516 3
   1517 3
   1518 3
   1519 3
   1520 3
   1521 3
   1522 3
   1523 3
   1524 3
   1525 3
   1526 3
   1527 3
   1528 3
   1529 3
   1530 3
   1531 3
   1532 3
   1533 3
   1534 3
   1535 3
   1536 3
   1537 3
   1538 3
   1539 3
   1540 3
   1541 3
   1542 3
   1543 3
   1544 3
   1545 3
   1546 3
   1547 3
   1548 3
   1549 3
   1550 3
   1551 3
   1552 3
   1553 3
   1554 3
   1555 3
   1556 3
   1557 3
   1558 3
   1559 3
   1560 3
   1561 3
   1562 3
   1563 3
   1564 3
   1565 3
   1566 3
   1567 3
   1568 3
   1569 3
   1570 3
   1571 3
   1572 3
   1573 3
   1574 3
   1575 3
   1576 3
   1577 3
   1578 3
   1579 3
   1580 3
   1581 3
   1582 3
   1583 3
   1584 3
   1585 3
   1586 3
   1587 3
   1588 3
   1589 3
   1590 3
   1591 3
   1592 3
   1593 3
   1594 3
   1595 3
   1596 3
   1597 3
   1598 3
   1599 3
   1600 3
   1601 3
   1602 3
   1603 3
   1604 3
   1605 3
   1606 3
   1607 3
   1608 3
   1609 3
   1610 3
   1611 3
   1612 3
   1613 3
   1614 3
   1615 3
   1616 3
   1617 3
   1618 3
   1619 3
   1620 3
   1621 3
   1622 3
   1623 3
   1624 3
   1625 3
   1626 3
   1627 3
   1628 3
   1629 3
   1630 3
   1631 3
   1632 3
   1633 3
   1634 3
   1635 3
   1636 3
   1637 3
   1638 3
   1639 3
   1640 3
   1641 3
   1642 3
   1643 3
   1644 3
   1645 3
   1646 3
   1647 3
   1648 3
   1649 3
   1650 3
   1651 3
   1652 3
   1653 3
   1654 3
   1655 3
   1656 3
   1657 3
   1658 3
   1659 3
   1660 3
   1661 3
   1662 3
  END_NODES_PER_ELEMENT
  ELEMENTS
  1 623 613 609  
  2 152 163 154  
  3 264 280 268  
  4 713 706 700  
  5 442 432 431  
  6 102 114 105  
  7 797 808 798  
  8 408 395 394  
  9 373 363 359  
  10 679 697 684  
  11 828 836 827  
  12 737 730 726  
  13 335 321 320  
  14 763 779 765  
  15 773 762 756  
  16 25 18 19  
  17 894 895 889  
  18 268 280 286  
  19 264 268 252  
  20 62 73 63  
  21 609 613 594  
  22 623 609 619  
  23 284 271 267  
  24 154 163 169  
  25 152 154 140  
  26 31 42 33  
  27 854 859 850  
  28 105 114 117  
  29 102 105 94  
  30 431 432 416  
  31 442 431 446  
  32 806 796 788  
  33 798 808 812  
  34 797 798 782  
  35 810 806 795  
  36 46 36 41  
  37 859 866 861  
  38 700 706 685  
  39 713 700 711  
  40 55 46 48  
  41 359 363 341  
  42 373 359 377  
  43 684 697 704  
  44 679 684 664  
  45 827 836 838  
  46 828 827 812  
  47 893 892 882  
  48 233 219 220  
  49 394 395 377  
  50 408 394 416  
  51 219 206 211  
  52 2 5 4  
  53 726 730 711  
  54 737 726 735  
  55 887 884 876  
  56 320 321 308  
  57 335 320 341  
  58 206 195 196  
  59 765 779 782  
  60 763 765 750  
  61 884 880 874  
  62 42 47 45  
  63 756 762 744  
  64 773 756 769  
  65 671 660 652  
  66 19 18 12  
  67 25 19 29  
  68 889 895 891  
  69 894 889 883  
  70 63 73 78  
  71 62 63 52  
  72 267 271 255  
  73 284 267 289  
  74 880 877 869  
  75 544 564 553  
  76 850 859 861  
  77 850 861 844  
  78 854 850 838  
  79 842 837 830  
  80 33 42 45  
  81 33 45 34  
  82 31 33 23  
  83 95 84 86  
  84 286 280 305  
  85 268 286 273  
  86 252 268 257  
  87 264 252 244  
  88 594 613 592  
  89 609 594 589  
  90 619 609 608  
  91 623 619 640  
  92 788 796 772  
  93 806 788 795  
  94 795 788 778  
  95 169 163 183  
  96 154 169 156  
  97 140 154 141  
  98 152 140 132  
  99 516 502 496  
  100 849 842 835  
  101 108 95 96  
  102 810 795 809  
  103 41 36 29  
  104 46 41 48  
  105 48 41 44  
  106 117 114 132  
  107 105 117 107  
  108 94 105 89  
  109 102 94 88  
  110 861 866 875  
  111 416 432 408  
  112 431 416 412  
  113 446 431 426  
  114 442 446 463  
  115 1 2 4  
  116 55 48 60  
  117 812 808 828  
  118 798 812 800  
  119 782 798 783  
  120 797 782 779  
  121 121 108 109  
  122 856 849 841  
  123 882 892 879  
  124 893 882 888  
  125 220 219 211  
  126 220 211 208  
  127 233 220 239  
  128 8 14 11  
  129 897 896 886  
  130 685 706 686  
  131 700 685 677  
  132 711 700 690  
  133 713 711 730  
  134 211 206 196  
  135 211 196 208  
  136 4 8 11  
  137 876 884 874  
  138 876 874 864  
  139 887 876 879  
  140 341 363 335  
  141 359 341 339  
  142 377 359 358  
  143 373 377 395  
  144 134 121 125  
  145 704 697 719  
  146 664 684 669  
  147 196 195 176  
  148 684 704 687  
  149 679 664 659  
  150 838 836 854  
  151 827 838 829  
  152 860 856 848  
  153 874 880 869  
  154 874 869 864  
  155 45 47 52  
  156 52 47 62  
  157 45 52 50  
  158 594 592 568  
  159 704 719 722  
  160 837 831 821  
  161 195 180 176  
  162 176 180 167  
  163 735 726 721  
  164 737 735 752  
  165 752 735 744  
  166 744 735 721  
  167 752 744 762  
  168 875 881 868  
  169 308 321 303  
  170 308 303 289  
  171 289 303 284  
  172 308 289 295  
  173 320 308 295  
  174 640 619 633  
  175 150 134 135  
  176 750 765 745  
  177 763 750 741  
  178 741 750 722  
  179 652 660 633  
  180 671 652 663  
  181 463 446 458  
  182 286 305 302  
  183 244 252 229  
  184 169 183 182  
  185 132 140 117  
  186 5 8 4  
  187 881 890 868  
  188 659 664 642  
  189 869 877 863  
  190 865 860 855  
  191 88 94 78  
  192 88 78 73  
  193 756 744 733  
  194 769 756 748  
  195 773 769 784  
  196 784 769 772  
  197 772 769 748  
  198 784 772 796  
  199 685 686 663  
  200 663 686 671  
  201 553 564 573  
  202 544 553 529  
  203 830 837 821  
  204 830 821 815  
  205 842 830 835  
  206 835 830 815  
  207 86 71 74  
  208 95 86 96  
  209 96 86 90  
  210 167 150 151  
  211 12 18 9  
  212 19 12 17  
  213 29 19 28  
  214 25 29 36  
  215 891 895 898  
  216 891 898 885  
  217 889 891 878  
  218 883 889 873  
  219 894 883 890  
  220 890 883 868  
  221 63 78 66  
  222 52 63 50  
  223 12 9 7  
  224 255 271 254  
  225 255 254 239  
  226 255 239 243  
  227 239 254 233  
  228 267 255 243  
  229 289 267 272  
  230 496 502 478  
  231 516 496 518  
  232 849 835 841  
  233 841 835 826  
  234 23 33 34  
  235 31 23 21  
  236 21 23 11  
  237 108 96 109  
  238 109 96 90  
  239 394 377 375  
  240 14 21 11  
  241 871 865 863  
  242 871 863 877  
  243 502 485 478  
  244 478 485 458  
  245 478 458 459  
  246 273 286 302  
  247 268 273 257  
  248 257 273 261  
  249 252 257 229  
  250 564 586 573  
  251 573 586 610  
  252 765 782 768  
  253 788 772 778  
  254 589 594 568  
  255 609 589 608  
  256 608 589 582  
  257 619 608 633  
  258 812 827 811  
  259 121 109 125  
  260 125 109 116  
  261 685 663 677  
  262 156 169 182  
  263 141 154 156  
  264 141 156 145  
  265 140 141 124  
  266 856 841 848  
  267 848 841 826  
  268 416 394 393  
  269 809 795 787  
  270 810 809 820  
  271 820 809 831  
  272 886 896 888  
  273 888 896 893  
  274 886 888 872  
  275 897 886 885  
  276 885 886 872  
  277 726 711 703  
  278 107 117 124  
  279 107 124 106  
  280 105 107 89  
  281 89 107 106  
  282 94 89 78  
  283 412 416 393  
  284 412 393 391  
  285 431 412 426  
  286 426 412 391  
  287 446 426 458  
  288 60 48 57  
  289 55 60 71  
  290 71 86 84  
  291 134 125 135  
  292 135 125 116  
  293 838 850 829  
  294 341 320 318  
  295 860 848 855  
  296 855 848 834  
  297 800 812 811  
  298 800 811 794  
  299 798 800 783  
  300 783 800 770  
  301 782 783 768  
  302 768 783 770  
  303 239 220 208  
  304 879 892 887  
  305 882 879 870  
  306 888 882 872  
  307 821 831 809  
  308 124 117 140  
  309 700 677 690  
  310 690 677 672  
  311 711 690 703  
  312 703 690 672  
  313 879 876 864  
  314 875 868 861  
  315 150 135 151  
  316 151 135 136  
  317 339 341 318  
  318 339 318 329  
  319 359 339 358  
  320 358 339 329  
  321 377 358 375  
  322 375 358 360  
  323 196 176 181  
  324 41 29 28  
  325 669 684 687  
  326 669 687 674  
  327 664 669 642  
  328 687 704 722  
  329 829 850 844  
  330 827 829 811  
  331 811 829 794  
  332 865 855 863  
  333 721 726 703  
  334 721 703 691  
  335 663 652 636  
  336 167 151 176  
  337 394 375 393  
  338 393 375 360  
  339 745 765 768  
  340 745 768 742  
  341 750 745 722  
  342 844 861 868  
  343 869 863 853  
  344 34 45 50  
  345 34 50 40  
  346 529 553 533  
  347 553 573 557  
  348 544 529 522  
  349 522 529 504  
  350 733 744 721  
  351 756 733 748  
  352 748 733 724  
  353 318 320 295  
  354 17 12 7  
  355 19 17 28  
  356 28 17 24  
  357 878 891 885  
  358 889 878 873  
  359 873 878 862  
  360 883 873 868  
  361 66 78 89  
  362 63 66 50  
  363 496 478 459  
  364 518 496 493  
  365 516 518 535  
  366 535 518 538  
  367 44 41 28  
  368 272 267 243  
  369 289 272 295  
  370 295 272 269  
  371 302 305 325  
  372 244 229 221  
  373 568 592 574  
  374 640 633 660  
  375 652 633 636  
  376 182 183 202  
  377 124 141 128  
  378 574 556 538  
  379 538 556 535  
  380 378 402 381  
  381 424 448 433  
  382 351 378 357  
  383 402 424 407  
  384 448 473 457  
  385 325 351 332  
  386 473 498 480  
  387 498 522 504  
  388 498 504 480  
  389 480 504 490  
  390 463 458 485  
  391 610 635 614  
  392 202 221 204  
  393 635 659 642  
  394 261 273 287  
  395 257 261 236  
  396 90 86 74  
  397 582 589 561  
  398 608 582 604  
  399 243 239 208  
  400 145 156 170  
  401 141 145 128  
  402 128 145 133  
  403 826 835 815  
  404 815 821 801  
  405 116 109 90  
  406 672 677 651  
  407 770 800 794  
  408 719 741 722  
  409 674 687 701  
  410 669 674 647  
  411 391 393 360  
  412 834 848 826  
  413 855 834 846  
  414 329 318 298  
  415 269 272 248  
  416 295 269 298  
  417 295 298 318  
  418 885 898 897  
  419 136 135 116  
  420 360 358 329  
  421 151 136 160  
  422 724 733 708  
  423 748 724 749  
  424 24 17 13  
  425 28 24 35  
  426 862 878 867  
  427 873 862 858  
  428 691 703 672  
  429 721 691 708  
  430 708 691 681  
  431 3 1 6  
  432 106 124 128  
  433 106 128 113  
  434 7 9 3  
  435 459 458 437  
  436 538 518 511  
  437 870 879 864  
  438 882 870 872  
  439 40 50 56  
  440 34 40 27  
  441 504 529 512  
  442 133 145 158  
  443 181 176 160  
  444 181 160 168  
  445 196 181 208  
  446 490 504 512  
  447 490 512 499  
  448 480 490 461  
  449 499 512 526  
  450 490 499 470  
  451 663 651 677  
  452 853 863 846  
  453 869 853 864  
  454 721 708 733  
  455 533 553 557  
  456 533 557 526  
  457 533 526 512  
  458 533 512 529  
  459 557 573 590  
  460 493 496 459  
  461 518 493 511  
  462 511 493 487  
  463 487 493 466  
  464 511 487 513  
  465 7 3 6  
  466 7 6 13  
  467 853 846 833  
  468 381 402 407  
  469 381 407 389  
  470 389 407 428  
  471 381 389 364  
  472 357 378 381  
  473 357 381 364  
  474 357 364 334  
  475 334 364 340  
  476 357 334 332  
  477 332 334 309  
  478 357 332 351  
  479 309 334 314  
  480 332 309 302  
  481 302 309 287  
  482 287 309 314  
  483 457 473 480  
  484 457 480 461  
  485 457 461 428  
  486 433 448 457  
  487 433 457 428  
  488 433 428 407  
  489 433 407 424  
  490 325 332 302  
  491 681 691 661  
  492 708 699 724  
  493 614 635 642  
  494 614 642 621  
  495 610 590 573  
  496 204 221 229  
  497 202 204 182  
  498 257 236 229  
  499 582 561 543  
  500 261 287 274  
  501 90 74 72  
  502 608 604 633  
  503 287 273 302  
  504 74 71 60  
  505 604 582 581  
  506 236 261 240  
  507 561 589 568  
  508 170 156 182  
  509 145 170 158  
  510 158 170 189  
  511 801 821 809  
  512 815 801 786  
  513 651 663 636  
  514 651 636 629  
  515 629 636 605  
  516 651 629 639  
  517 672 651 639  
  518 701 687 722  
  519 647 674 650  
  520 168 160 144  
  521 674 701 682  
  522 669 647 642  
  523 181 168 193  
  524 846 834 823  
  525 855 846 863  
  526 329 298 300  
  527 248 272 243  
  528 248 243 223  
  529 223 243 208  
  530 248 223 237  
  531 160 136 144  
  532 144 136 123  
  533 123 136 116  
  534 144 123 131  
  535 749 724 717  
  536 269 248 237  
  537 151 160 176  
  538 748 749 772  
  539 13 17 7  
  540 35 24 39  
  541 867 878 885  
  542 858 862 845  
  543 24 13 22  
  544 28 35 44  
  545 44 35 49  
  546 49 35 39  
  547 44 49 57  
  548 862 867 851  
  549 873 858 868  
  550 6 1 4  
  551 437 458 426  
  552 437 426 410  
  553 459 437 438  
  554 538 511 542  
  555 56 50 66  
  556 27 40 32  
  557 40 56 51  
  558 34 27 23  
  559 133 158 147  
  560 461 490 470  
  561 461 470 441  
  562 441 470 456  
  563 461 441 428  
  564 314 334 340  
  565 314 340 322  
  566 621 642 647  
  567 614 621 590  
  568 237 223 213  
  569 499 526 514  
  570 470 499 482  
  571 322 340 349  
  572 314 322 293  
  573 466 493 459  
  574 513 487 488  
  575 57 49 72  
  576 487 466 462  
  577 511 513 542  
  578 542 513 534  
  579 534 513 510  
  580 542 561 568  
  581 44 57 48  
  582 60 57 74  
  583 74 57 72  
  584 568 574 542  
  585 131 123 110  
  586 144 131 155  
  587 590 610 614  
  588 557 590 565  
  589 639 629 606  
  590 833 846 823  
  591 833 823 813  
  592 813 823 804  
  593 833 813 824  
  594 804 823 817  
  595 813 804 789  
  596 824 813 805  
  597 833 824 847  
  598 853 833 847  
  599 853 847 864  
  600 864 847 843  
  601 510 513 488  
  602 510 488 486  
  603 486 488 454  
  604 510 486 519  
  605 534 510 543  
  606 843 847 824  
  607 864 843 870  
  608 364 389 368  
  609 389 428 405  
  610 340 364 368  
  611 454 488 462  
  612 486 454 464  
  613 519 486 491  
  614 510 519 543  
  615 661 691 672  
  616 681 661 656  
  617 543 561 534  
  618 534 561 542  
  619 240 261 274  
  620 786 801 775  
  621 274 287 293  
  622 581 582 543  
  623 189 170 191  
  624 90 72 93  
  625 236 240 216  
  626 815 786 802  
  627 604 581 605  
  628 158 189 172  
  629 650 674 682  
  630 682 701 712  
  631 823 834 817  
  632 817 834 826  
  633 193 168 177  
  634 300 298 281  
  635 647 650 627  
  636 168 144 155  
  637 168 155 177  
  638 177 155 162  
  639 162 155 139  
  640 177 162 185  
  641 139 155 131  
  642 139 131 119  
  643 119 131 110  
  644 119 110 97  
  645 139 119 130  
  646 97 110 93  
  647 119 97 111  
  648 130 119 111  
  649 130 111 129  
  650 129 111 103  
  651 130 129 146  
  652 139 130 153  
  653 111 97 91  
  654 162 139 153  
  655 162 153 175  
  656 175 153 164  
  657 162 175 185  
  658 185 175 198  
  659 198 175 186  
  660 185 198 213  
  661 164 153 146  
  662 164 146 157  
  663 146 153 130  
  664 157 146 129  
  665 164 157 179  
  666 175 164 186  
  667 186 164 179  
  668 186 179 200  
  669 200 179 194  
  670 186 200 205  
  671 179 157 174  
  672 194 179 174  
  673 194 174 192  
  674 192 174 171  
  675 194 192 212  
  676 200 194 215  
  677 205 200 224  
  678 186 205 198  
  679 198 205 217  
  680 217 205 228  
  681 198 217 213  
  682 228 205 224  
  683 228 224 247  
  684 247 224 238  
  685 228 247 256  
  686 217 228 242  
  687 238 224 215  
  688 238 215 235  
  689 235 215 212  
  690 212 215 194  
  691 238 235 260  
  692 247 238 263  
  693 256 247 276  
  694 228 256 242  
  695 242 256 266  
  696 266 256 282  
  697 242 266 253  
  698 282 256 276  
  699 282 276 299  
  700 299 276 291  
  701 282 299 310  
  702 266 282 294  
  703 253 266 281  
  704 242 253 232  
  705 291 276 263  
  706 291 263 283  
  707 299 291 315  
  708 310 299 328  
  709 282 310 294  
  710 294 310 324  
  711 324 310 337  
  712 294 324 300  
  713 294 300 281  
  714 281 298 269  
  715 337 310 328  
  716 337 328 352  
  717 352 328 346  
  718 337 352 371  
  719 324 337 350  
  720 171 174 149  
  721 212 192 209  
  722 235 212 226  
  723 371 352 386  
  724 192 171 187  
  725 346 328 315  
  726 346 315 336  
  727 352 346 372  
  728 337 371 350  
  729 350 371 391  
  730 283 263 260  
  731 260 263 238  
  732 283 260 275  
  733 275 260 249  
  734 283 275 304  
  735 291 283 311  
  736 177 185 213  
  737 129 103 120  
  738 103 111 91  
  739 103 91 85  
  740 85 91 76  
  741 103 85 100  
  742 181 193 208  
  743 329 300 324  
  744 717 724 699  
  745 845 862 851  
  746 39 24 22  
  747 22 13 15  
  748 441 456 423  
  749 346 336 366  
  750 749 717 736  
  751 456 470 482  
  752 456 482 469  
  753 469 482 495  
  754 456 469 440  
  755 336 315 311  
  756 311 315 291  
  757 336 311 330  
  758 330 311 304  
  759 336 330 355  
  760 330 304 323  
  761 858 845 840  
  762 851 867 857  
  763 260 235 249  
  764 249 235 226  
  765 249 226 258  
  766 258 226 227  
  767 249 258 275  
  768 227 226 209  
  769 209 226 212  
  770 258 227 251  
  771 438 437 410  
  772 32 40 51  
  773 147 158 172  
  774 51 56 65  
  775 174 157 149  
  776 157 129 149  
  777 129 120 149  
  778 459 438 466  
  779 27 32 20  
  780 133 147 126  
  781 538 542 574  
  782 217 242 232  
  783 217 232 213  
  784 213 232 237  
  785 237 232 253  
  786 237 253 269  
  787 213 223 193  
  788 293 322 307  
  789 276 247 263  
  790 482 499 514  
  791 85 76 68  
  792 514 526 539  
  793 91 97 79  
  794 304 275 292  
  795 349 340 368  
  796 349 368 380  
  797 224 200 215  
  798 103 100 120  
  799 120 100 115  
  800 115 100 99  
  801 120 137 149  
  802 314 293 287  
  803 100 85 82  
  804 283 304 311  
  805 76 91 79  
  806 76 79 61  
  807 61 79 70  
  808 76 61 58  
  809 322 349 333  
  810 488 487 462  
  811 805 813 789  
  812 299 315 328  
  813 110 123 93  
  814 253 281 269  
  815 462 466 438  
  816 266 294 281  
  817 789 804 780  
  818 58 61 39  
  819 804 817 791  
  820 76 58 68  
  821 68 58 53  
  822 53 58 37  
  823 68 53 67  
  824 824 805 818  
  825 70 79 93  
  826 61 70 49  
  827 565 590 591  
  828 456 440 423  
  829 423 440 414  
  830 414 440 425  
  831 423 414 401  
  832 53 37 38  
  833 495 482 514  
  834 330 323 348  
  835 606 629 605  
  836 605 636 604  
  837 336 355 366  
  838 68 67 82  
  839 469 495 481  
  840 115 99 118  
  841 557 565 526  
  842 355 330 348  
  843 355 348 379  
  844 379 348 369  
  845 355 379 382  
  846 369 348 345  
  847 379 369 398  
  848 382 379 404  
  849 355 382 366  
  850 366 382 390  
  851 390 382 411  
  852 366 390 372  
  853 366 372 346  
  854 372 390 400  
  855 345 348 323  
  856 345 323 317  
  857 317 323 292  
  858 345 317 343  
  859 343 317 316  
  860 345 343 367  
  861 398 369 392  
  862 404 379 398  
  863 316 317 296  
  864 343 316 344  
  865 369 345 367  
  866 369 367 392  
  867 392 367 387  
  868 387 367 362  
  869 392 387 417  
  870 362 367 343  
  871 362 343 344  
  872 362 344 374  
  873 374 344 347  
  874 362 374 387  
  875 347 344 319  
  876 374 347 376  
  877 417 387 409  
  878 392 417 420  
  879 319 344 316  
  880 347 319 327  
  881 376 347 354  
  882 374 376 396  
  883 382 404 411  
  884 411 404 436  
  885 436 404 421  
  886 411 436 435  
  887 421 404 398  
  888 421 398 420  
  889 436 421 449  
  890 435 436 464  
  891 435 464 454  
  892 411 435 419  
  893 67 53 54  
  894 324 350 360  
  895 360 350 391  
  896 99 100 82  
  897 99 82 81  
  898 81 82 67  
  899 99 81 101  
  900 639 606 615  
  901 440 469 453  
  902 323 304 292  
  903 37 58 39  
  904 368 389 405  
  905 192 187 209  
  906 392 420 398  
  907 171 149 137  
  908 449 421 445  
  909 99 101 118  
  910 118 101 122  
  911 122 101 104  
  912 118 122 142  
  913 352 372 386  
  914 419 435 454  
  915 371 386 410  
  916 417 409 443  
  917 405 428 441  
  918 436 471 464  
  919 409 387 374  
  920 187 171 166  
  921 390 411 419  
  922 390 419 400  
  923 400 419 430  
  924 430 419 454  
  925 400 430 415  
  926 420 417 447  
  927 101 81 87  
  928 191 170 182  
  929 605 581 576  
  930 627 650 631  
  931 104 101 87  
  932 104 87 92  
  933 92 87 77  
  934 104 92 112  
  935 77 87 69  
  936 92 77 80  
  937 112 92 98  
  938 104 112 127  
  939 656 661 637  
  940 216 240 222  
  941 712 701 728  
  942 142 122 143  
  943 491 486 464  
  944 93 72 70  
  945 70 72 49  
  946 172 189 199  
  947 401 414 385  
  948 775 801 787  
  949 802 786 776  
  950 425 440 453  
  951 425 453 439  
  952 439 453 468  
  953 425 439 413  
  954 189 214 216  
  955 647 627 621  
  956 122 104 127  
  957 122 127 143  
  958 143 127 148  
  959 681 656 676  
  960 236 216 214  
  961 682 712 693  
  962 118 142 137  
  963 519 491 520  
  964 90 93 116  
  965 414 425 397  
  966 423 401 405  
  967 405 401 380  
  968 380 401 385  
  969 380 385 356  
  970 356 385 365  
  971 380 356 349  
  972 349 356 333  
  973 333 356 338  
  974 365 385 397  
  975 786 775 758  
  976 815 802 826  
  977 193 177 213  
  978 699 708 681  
  979 699 681 676  
  980 699 676 696  
  981 696 676 667  
  982 699 696 717  
  983 717 696 714  
  984 714 696 688  
  985 717 714 736  
  986 736 714 732  
  987 732 714 709  
  988 736 732 759  
  989 667 676 649  
  990 696 667 688  
  991 688 667 654  
  992 714 688 709  
  993 654 667 644  
  994 688 654 680  
  995 732 709 731  
  996 649 676 656  
  997 649 656 632  
  998 632 656 637  
  999 632 637 611  
  1000 649 632 625  
  1001 611 637 615  
  1002 611 615 587  
  1003 587 615 606  
  1004 611 587 583  
  1005 632 611 603  
  1006 583 587 562  
  1007 611 583 603  
  1008 603 583 579  
  1009 579 583 558  
  1010 603 579 600  
  1011 625 632 603  
  1012 625 603 600  
  1013 625 600 624  
  1014 624 600 598  
  1015 625 624 644  
  1016 644 624 654  
  1017 625 644 649  
  1018 598 600 575  
  1019 624 598 628  
  1020 558 583 562  
  1021 558 562 536  
  1022 536 562 540  
  1023 558 536 531  
  1024 579 558 554  
  1025 600 579 575  
  1026 575 579 554  
  1027 709 688 680  
  1028 667 649 644  
  1029 540 562 567  
  1030 531 536 507  
  1031 615 637 639  
  1032 536 540 515  
  1033 558 531 554  
  1034 554 531 527  
  1035 527 531 505  
  1036 554 527 551  
  1037 505 531 507  
  1038 505 507 483  
  1039 483 507 489  
  1040 505 483 472  
  1041 527 505 503  
  1042 551 527 524  
  1043 554 551 575  
  1044 489 507 515  
  1045 489 515 492  
  1046 483 489 465  
  1047 472 483 447  
  1048 505 472 503  
  1049 503 472 477  
  1050 477 472 443  
  1051 503 477 500  
  1052 680 654 657  
  1053 562 587 567  
  1054 567 587 606  
  1055 500 477 475  
  1056 503 500 524  
  1057 524 500 521  
  1058 598 575 571  
  1059 628 598 596  
  1060 624 628 654  
  1061 731 709 707  
  1062 732 731 758  
  1063 410 426 391  
  1064 292 275 258  
  1065 515 540 520  
  1066 307 322 333  
  1067 507 536 515  
  1068 527 503 524  
  1069 20 32 30  
  1070 82 85 68  
  1071 425 413 397  
  1072 397 413 384  
  1073 384 413 399  
  1074 397 384 365  
  1075 399 413 429  
  1076 384 399 370  
  1077 857 867 872  
  1078 539 526 565  
  1079 489 492 467  
  1080 15 13 6  
  1081 65 56 75  
  1082 380 368 405  
  1083 840 845 825  
  1084 439 468 455  
  1085 551 524 547  
  1086 126 147 138  
  1087 143 148 165  
  1088 251 227 231  
  1089 79 97 93  
  1090 438 410 415  
  1091 415 410 386  
  1092 468 453 481  
  1093 521 500 497  
  1094 749 759 778  
  1095 293 307 279  
  1096 441 423 405  
  1097 27 20 16  
  1098 148 127 138  
  1099 148 138 161  
  1100 161 138 147  
  1101 148 173 165  
  1102 851 857 839  
  1103 514 539 530  
  1104 22 15 26  
  1105 51 65 64  
  1106 540 567 550  
  1107 492 515 520  
  1108 258 251 277  
  1109 413 439 429  
  1110 429 439 455  
  1111 429 455 444  
  1112 133 126 113  
  1113 524 521 547  
  1114 780 804 791  
  1115 445 421 420  
  1116 445 420 447  
  1117 758 775 732  
  1118 372 400 386  
  1119 386 400 415  
  1120 92 80 98  
  1121 596 598 571  
  1122 38 37 26  
  1123 38 26 30  
  1124 30 26 20  
  1125 87 81 69  
  1126 69 81 67  
  1127 520 491 492  
  1128 374 396 409  
  1129 216 222 199  
  1130 818 805 792  
  1131 187 166 184  
  1132 802 776 791  
  1133 802 791 817  
  1134 347 327 354  
  1135 214 189 191  
  1136 214 191 204  
  1137 204 191 182  
  1138 214 204 229  
  1139 429 444 418  
  1140 481 495 508  
  1141 631 650 655  
  1142 786 758 776  
  1143 142 143 159  
  1144 475 477 452  
  1145 417 443 447  
  1146 775 787 759  
  1147 67 54 69  
  1148 112 98 126  
  1149 707 709 680  
  1150 296 317 292  
  1151 296 292 277  
  1152 296 277 290  
  1153 290 277 251  
  1154 296 290 316  
  1155 576 581 545  
  1156 444 455 479  
  1157 443 409 422  
  1158 712 728 742  
  1159 591 590 621  
  1160 693 712 725  
  1161 376 354 383  
  1162 657 654 628  
  1163 327 319 301  
  1164 172 199 188  
  1165 571 575 551  
  1166 571 551 547  
  1167 571 547 570  
  1168 570 547 546  
  1169 571 570 596  
  1170 596 570 595  
  1171 595 570 569  
  1172 596 595 617  
  1173 569 570 546  
  1174 569 546 548  
  1175 548 546 523  
  1176 569 548 572  
  1177 523 546 521  
  1178 523 521 497  
  1179 548 523 525  
  1180 572 548 552  
  1181 569 572 597  
  1182 595 569 597  
  1183 595 597 618  
  1184 618 597 620  
  1185 595 618 617  
  1186 617 618 643  
  1187 643 618 645  
  1188 617 643 657  
  1189 620 597 599  
  1190 618 620 645  
  1191 596 617 628  
  1192 628 617 657  
  1193 546 547 521  
  1194 643 645 668  
  1195 525 523 501  
  1196 552 548 525  
  1197 620 599 626  
  1198 597 572 599  
  1199 599 572 577  
  1200 577 572 552  
  1201 599 577 601  
  1202 577 552 555  
  1203 555 552 528  
  1204 577 555 580  
  1205 601 577 580  
  1206 601 580 607  
  1207 607 580 584  
  1208 601 607 630  
  1209 528 552 525  
  1210 580 555 560  
  1211 599 601 626  
  1212 626 601 630  
  1213 626 630 648  
  1214 648 630 653  
  1215 626 648 646  
  1216 653 630 634  
  1217 648 653 675  
  1218 646 648 673  
  1219 626 646 620  
  1220 620 646 645  
  1221 645 646 670  
  1222 670 646 673  
  1223 670 673 695  
  1224 645 670 668  
  1225 695 673 698  
  1226 670 695 694  
  1227 698 673 675  
  1228 698 675 702  
  1229 702 675 678  
  1230 698 702 723  
  1231 695 698 720  
  1232 694 695 718  
  1233 670 694 668  
  1234 668 694 692  
  1235 692 694 716  
  1236 668 692 666  
  1237 678 675 653  
  1238 678 653 658  
  1239 658 653 634  
  1240 658 634 638  
  1241 678 658 683  
  1242 638 634 612  
  1243 658 638 662  
  1244 702 678 705  
  1245 723 702 727  
  1246 698 723 720  
  1247 720 723 743  
  1248 743 723 747  
  1249 720 743 740  
  1250 747 723 727  
  1251 747 727 751  
  1252 751 727 729  
  1253 747 751 771  
  1254 743 747 767  
  1255 740 743 764  
  1256 720 740 718  
  1257 718 740 746  
  1258 729 727 705  
  1259 729 705 710  
  1260 710 705 683  
  1261 683 705 678  
  1262 710 683 689  
  1263 729 710 734  
  1264 771 751 777  
  1265 746 740 761  
  1266 751 729 755  
  1267 747 771 767  
  1268 767 771 792  
  1269 718 746 716  
  1270 718 716 694  
  1271 716 746 738  
  1272 738 746 760  
  1273 716 738 707  
  1274 692 716 707  
  1275 666 692 707  
  1276 668 666 643  
  1277 643 666 657  
  1278 657 666 680  
  1279 683 658 662  
  1280 683 662 689  
  1281 689 662 665  
  1282 665 662 641  
  1283 689 665 693  
  1284 710 689 715  
  1285 641 662 638  
  1286 641 638 616  
  1287 616 638 612  
  1288 616 612 588  
  1289 641 616 622  
  1290 588 612 584  
  1291 588 584 563  
  1292 584 612 607  
  1293 607 612 634  
  1294 563 584 560  
  1295 563 560 537  
  1296 588 563 566  
  1297 537 560 532  
  1298 563 537 541  
  1299 616 588 593  
  1300 560 584 580  
  1301 566 563 541  
  1302 566 541 549  
  1303 588 566 593  
  1304 593 566 578  
  1305 578 566 549  
  1306 578 549 559  
  1307 559 549 530  
  1308 578 559 585  
  1309 593 578 602  
  1310 549 541 508  
  1311 559 530 539  
  1312 622 616 593  
  1313 641 622 655  
  1314 665 641 655  
  1315 537 532 509  
  1316 532 560 555  
  1317 532 555 528  
  1318 532 528 506  
  1319 506 528 494  
  1320 532 506 509  
  1321 509 506 479  
  1322 541 537 517  
  1323 622 593 602  
  1324 622 602 631  
  1325 631 602 627  
  1326 622 631 655  
  1327 695 720 718  
  1328 607 634 630  
  1329 602 578 585  
  1330 602 585 627  
  1331 734 710 715  
  1332 585 559 565  
  1333 506 494 479  
  1334 729 734 755  
  1335 755 734 757  
  1336 757 734 739  
  1337 755 757 781  
  1338 739 734 715  
  1339 757 739 766  
  1340 781 757 785  
  1341 755 781 777  
  1342 739 715 725  
  1343 777 781 799  
  1344 799 781 803  
  1345 777 799 793  
  1346 494 528 525  
  1347 727 702 705  
  1348 740 764 761  
  1349 761 764 789  
  1350 743 767 764  
  1351 777 751 755  
  1352 746 761 780  
  1353 780 761 789  
  1354 771 777 793  
  1355 715 689 693  
  1356 517 537 509  
  1357 785 757 766  
  1358 803 781 785  
  1359 803 785 807  
  1360 807 785 790  
  1361 803 807 825  
  1362 825 807 822  
  1363 822 807 790  
  1364 825 822 840  
  1365 790 785 766  
  1366 790 766 774  
  1367 774 766 753  
  1368 790 774 794  
  1369 794 774 770  
  1370 770 774 753  
  1371 753 766 739  
  1372 648 675 673  
  1373 541 517 508  
  1374 793 799 816  
  1375 799 803 819  
  1376 77 69 59  
  1377 465 489 467  
  1378 465 467 445  
  1379 465 445 447  
  1380 449 445 467  
  1381 449 467 471  
  1382 471 467 492  
  1383 449 471 436  
  1384 787 801 809  
  1385 787 795 778  
  1386 787 778 759  
  1387 759 749 736  
  1388 759 732 775  
  1389 54 53 38  
  1390 137 120 115  
  1391 728 701 722  
  1392 824 818 843  
  1393 236 214 229  
  1394 637 661 639  
  1395 469 481 453  
  1396 500 475 497  
  1397 497 475 474  
  1398 474 475 450  
  1399 497 474 501  
  1400 497 501 523  
  1401 450 475 452  
  1402 450 452 422  
  1403 422 452 443  
  1404 474 450 451  
  1405 451 450 427  
  1406 474 451 476  
  1407 199 189 216  
  1408 166 171 137  
  1409 127 112 138  
  1410 731 707 738  
  1411 115 118 137  
  1412 605 576 606  
  1413 414 397 385  
  1414 483 465 447  
  1415 565 591 585  
  1416 682 693 655  
  1417 222 240 246  
  1418 396 376 403  
  1419 80 77 64  
  1420 64 77 59  
  1421 64 59 51  
  1422 415 430 438  
  1423 376 383 403  
  1424 816 799 819  
  1425 819 803 825  
  1426 22 26 37  
  1427 576 545 550  
  1428 550 545 520  
  1429 444 479 460  
  1430 460 479 494  
  1431 444 460 434  
  1432 434 460 451  
  1433 444 434 418  
  1434 520 545 519  
  1435 258 277 292  
  1436 793 816 814  
  1437 814 816 832  
  1438 793 814 792  
  1439 832 816 839  
  1440 832 839 852  
  1441 852 839 857  
  1442 852 857 872  
  1443 832 852 843  
  1444 814 832 818  
  1445 814 818 792  
  1446 399 429 418  
  1447 399 418 388  
  1448 388 418 406  
  1449 399 388 370  
  1450 370 388 361  
  1451 361 388 383  
  1452 370 361 342  
  1453 406 418 434  
  1454 406 434 427  
  1455 388 406 383  
  1456 342 361 331  
  1457 370 342 353  
  1458 331 361 354  
  1459 342 331 313  
  1460 353 342 326  
  1461 370 353 384  
  1462 384 353 365  
  1463 342 313 326  
  1464 353 326 338  
  1465 338 326 312  
  1466 353 338 365  
  1467 365 338 356  
  1468 312 326 297  
  1469 297 326 313  
  1470 312 297 285  
  1471 285 297 270  
  1472 312 285 307  
  1473 270 297 288  
  1474 285 270 259  
  1475 288 297 313  
  1476 270 288 262  
  1477 259 270 245  
  1478 288 313 306  
  1479 262 288 278  
  1480 270 262 245  
  1481 306 313 331  
  1482 278 288 306  
  1483 278 306 301  
  1484 245 262 234  
  1485 234 262 250  
  1486 245 234 218  
  1487 250 262 278  
  1488 234 250 225  
  1489 218 234 210  
  1490 245 218 230  
  1491 250 278 265  
  1492 225 250 241  
  1493 230 218 207  
  1494 250 265 241  
  1495 207 218 197  
  1496 241 265 251  
  1497 197 218 210  
  1498 207 197 188  
  1499 197 210 190  
  1500 190 210 201  
  1501 197 190 173  
  1502 201 210 225  
  1503 173 190 165  
  1504 173 148 161  
  1505 197 173 188  
  1506 225 210 234  
  1507 265 278 301  
  1508 338 312 333  
  1509 285 259 279  
  1510 259 245 230  
  1511 259 230 246  
  1512 540 550 520  
  1513 172 188 161  
  1514 143 165 159  
  1515 476 451 460  
  1516 476 460 494  
  1517 27 16 23  
  1518 712 742 725  
  1519 59 69 54  
  1520 59 54 43  
  1521 43 54 38  
  1522 59 43 51  
  1523 190 201 178  
  1524 178 201 184  
  1525 178 184 159  
  1526 178 159 165  
  1527 190 178 165  
  1528 126 138 112  
  1529 327 301 306  
  1530 230 207 222  
  1531 142 159 166  
  1532 65 75 83  
  1533 83 75 89  
  1534 65 83 80  
  1535 80 83 98  
  1536 293 279 274  
  1537 187 184 203  
  1538 203 184 201  
  1539 187 203 209  
  1540 427 450 422  
  1541 858 840 868  
  1542 868 840 844  
  1543 525 501 494  
  1544 251 231 241  
  1545 241 231 225  
  1546 246 240 274  
  1547 514 530 495  
  1548 133 113 128  
  1549 106 113 83  
  1550 481 508 517  
  1551 693 725 715  
  1552 30 32 43  
  1553 30 43 38  
  1554 64 65 80  
  1555 301 319 290  
  1556 279 307 285  
  1557 75 56 66  
  1558 75 66 89  
  1559 184 166 159  
  1560 396 403 422  
  1561 422 409 396  
  1562 474 476 501  
  1563 231 227 203  
  1564 519 545 543  
  1565 455 468 484  
  1566 484 468 517  
  1567 455 484 479  
  1568 508 495 530  
  1569 16 20 10  
  1570 10 20 15  
  1571 10 15 6  
  1572 16 10 4  
  1573 113 126 98  
  1574 199 222 207  
  1575 199 207 188  
  1576 550 567 576  
  1577 452 477 443  
  1578 825 845 819  
  1579 851 839 819  
  1580 742 728 745  
  1581 745 728 722  
  1582 225 231 201  
  1583 201 231 203  
  1584 545 581 543  
  1585 222 246 230  
  1586 451 427 434  
  1587 26 15 20  
  1588 792 805 764  
  1589 655 650 682  
  1590 383 354 361  
  1591 468 481 517  
  1592 383 406 403  
  1593 725 742 753  
  1594 725 753 739  
  1595 306 331 327  
  1596 816 819 839  
  1597 753 742 770  
  1598 539 565 559  
  1599 776 758 754  
  1600 754 758 731  
  1601 776 754 760  
  1602 760 754 738  
  1603 738 754 731  
  1604 760 746 780  
  1605 760 780 791  
  1606 776 760 791  
  1607 479 484 509  
  1608 509 484 517  
  1609 447 443 472  
  1610 166 137 142  
  1611 707 680 666  
  1612 471 492 491  
  1613 471 491 464  
  1614 454 462 430  
  1615 354 327 331  
  1616 826 802 817  
  1617 307 333 312  
  1618 771 793 792  
  1619 494 501 476  
  1620 147 172 161  
  1621 767 792 764  
  1622 208 193 223  
  1623 606 576 567  
  1624 123 116 93  
  1625 840 822 844  
  1626 173 161 188  
  1627 591 621 627  
  1628 209 203 227  
  1629 805 789 764  
  1630 113 98 83  
  1631 633 604 636  
  1632 319 316 290  
  1633 585 591 627  
  1634 530 549 508  
  1635 37 39 22  
  1636 32 51 43  
  1637 665 655 693  
  1638 4 11 16  
  1639 16 11 23  
  1640 867 885 872  
  1641 790 794 822  
  1642 845 851 819  
  1643 672 639 661  
  1644 360 329 324  
  1645 829 844 822  
  1646 6 4 10  
  1647 872 870 852  
  1648 410 391 371  
  1649 770 742 768  
  1650 265 301 290  
  1651 430 462 438  
  1652 274 279 246  
  1653 246 279 259  
  1654 778 772 749  
  1655 89 106 83  
  1656 794 829 822  
  1657 49 39 61  
  1658 870 843 852  
  1659 290 251 265  
  1660 403 406 427  
  1661 403 427 422  
  1662 818 832 843  
  END_ELEMENTS  
  COORDINATES  
   1   4.951725e+00  3.954545e+00   
   2   4.830508e+00  3.909721e+00   
   3   5.135593e+00  3.990471e+00   
   4   4.835893e+00  3.777035e+00   
   5   4.728814e+00  3.855576e+00   
   6   5.088237e+00  3.731269e+00   
   7   5.289855e+00  3.826860e+00   
   8   4.614708e+00  3.772727e+00   
   9   5.338983e+00  3.992145e+00   
   10   4.958112e+00  3.511447e+00   
   11   4.616954e+00  3.611070e+00   
   12   5.426377e+00  3.876585e+00   
   13   5.301047e+00  3.591919e+00   
   14   4.518507e+00  3.681818e+00   
   15   5.145432e+00  3.466606e+00   
   16   4.765068e+00  3.459198e+00   
   17   5.460254e+00  3.707519e+00   
   18   5.542373e+00  3.961857e+00   
   19   5.566456e+00  3.843358e+00   
   20   4.951797e+00  3.324886e+00   
   21   4.423729e+00  3.568144e+00   
   22   5.332015e+00  3.395148e+00   
   23   4.543818e+00  3.407498e+00   
   24   5.485155e+00  3.522529e+00   
   25   5.644068e+00  3.936086e+00   
   26   5.176777e+00  3.269128e+00   
   27   4.713932e+00  3.265891e+00   
   28   5.654023e+00  3.668538e+00   
   29   5.705455e+00  3.805863e+00   
   30   5.048215e+00  3.176784e+00   
   31   4.322034e+00  3.412728e+00   
   32   4.855041e+00  3.125147e+00   
   33   4.394946e+00  3.312952e+00   
   34   4.517123e+00  3.219075e+00   
   35   5.680089e+00  3.495865e+00   
   36   5.847458e+00  3.866120e+00   
   37   5.387327e+00  3.166852e+00   
   38   5.246465e+00  3.083809e+00   
   39   5.588427e+00  3.289470e+00   
   40   4.661979e+00  3.075671e+00   
   41   5.852521e+00  3.738464e+00   
   42   4.271479e+00  3.318182e+00   
   43   5.057058e+00  3.015435e+00   
   44   5.827717e+00  3.574959e+00   
   45   4.354161e+00  3.199568e+00   
   46   5.949153e+00  3.822035e+00   
   47   4.220339e+00  3.211158e+00   
   48   5.960000e+00  3.670494e+00   
   49   5.828416e+00  3.374535e+00   
   50   4.431007e+00  3.040876e+00   
   51   4.774706e+00  2.911314e+00   
   52   4.290070e+00  3.095162e+00   
   53   5.395826e+00  2.950945e+00   
   54   5.207311e+00  2.884434e+00   
   55   6.051091e+00  3.772727e+00   
   56   4.575831e+00  2.898298e+00   
   57   5.991253e+00  3.501857e+00   
   58   5.584449e+00  3.012613e+00   
   59   5.020985e+00  2.819384e+00   
   60   6.087753e+00  3.621719e+00   
   61   5.772549e+00  3.079190e+00   
   62   4.153791e+00  3.045455e+00   
   63   4.259345e+00  2.958980e+00   
   64   4.851211e+00  2.728982e+00   
   65   4.686580e+00  2.731971e+00   
   66   4.366363e+00  2.840132e+00   
   67   5.359387e+00  2.754686e+00   
   68   5.547119e+00  2.822524e+00   
   69   5.171012e+00  2.687149e+00   
   70   5.959459e+00  3.149679e+00   
   71   6.212654e+00  3.681818e+00   
   72   6.082773e+00  3.301422e+00   
   73   4.118644e+00  2.945761e+00   
   74   6.171429e+00  3.455787e+00   
   75   4.487036e+00  2.719139e+00   
   76   5.737203e+00  2.884238e+00   
   77   4.981531e+00  2.623329e+00   
   78   4.196195e+00  2.786491e+00   
   79   5.919377e+00  2.946160e+00   
   80   4.792253e+00  2.558912e+00   
   81   5.319590e+00  2.558456e+00   
   82   5.507964e+00  2.621316e+00   
   83   4.597923e+00  2.552707e+00   
   84   6.355932e+00  3.591871e+00   
   85   5.695952e+00  2.689147e+00   
   86   6.332638e+00  3.450561e+00   
   87   5.131336e+00  2.491186e+00   
   88   4.066084e+00  2.772727e+00   
   89   4.308945e+00  2.610188e+00   
   90   6.312087e+00  3.282614e+00   
   91   5.884138e+00  2.749434e+00   
   92   4.942816e+00  2.427358e+00   
   93   6.195583e+00  3.048441e+00   
   94   4.133115e+00  2.648214e+00   
   95   6.457627e+00  3.520480e+00   
   96   6.437226e+00  3.398809e+00   
   97   6.085835e+00  2.819075e+00   
   98   4.754375e+00  2.360530e+00   
   99   5.471455e+00  2.430498e+00   
   100   5.661033e+00  2.492824e+00   
   101   5.283919e+00  2.362021e+00   
   102   4.018702e+00  2.590909e+00   
   103   5.847798e+00  2.562690e+00   
   104   5.094559e+00  2.298564e+00   
   105   4.102741e+00  2.523909e+00   
   106   4.362492e+00  2.378499e+00   
   107   4.225692e+00  2.432417e+00   
   108   6.559322e+00  3.443634e+00   
   109   6.524457e+00  3.296754e+00   
   110   6.259182e+00  2.852075e+00   
   111   6.037678e+00  2.622166e+00   
   112   4.906606e+00  2.230909e+00   
   113   4.556445e+00  2.265561e+00   
   114   3.997956e+00  2.500000e+00   
   115   5.607408e+00  2.328952e+00   
   116   6.497044e+00  3.122620e+00   
   117   4.076182e+00  2.398734e+00   
   118   5.431886e+00  2.234563e+00   
   119   6.220455e+00  2.697527e+00   
   120   5.807268e+00  2.367100e+00   
   121   6.661017e+00  3.361103e+00   
   122   5.244861e+00  2.167061e+00   
   123   6.448904e+00  2.913880e+00   
   124   4.193337e+00  2.293228e+00   
   125   6.619955e+00  3.211239e+00   
   126   4.699253e+00  2.125602e+00   
   127   5.059245e+00  2.101768e+00   
   128   4.348345e+00  2.174076e+00   
   129   5.999037e+00  2.371169e+00   
   130   6.177965e+00  2.504723e+00   
   131   6.408643e+00  2.719879e+00   
   132   3.960800e+00  2.318182e+00   
   133   4.506787e+00  2.071869e+00   
   134   6.762712e+00  3.272604e+00   
   135   6.715109e+00  3.119591e+00   
   136   6.637873e+00  2.950219e+00   
   137   5.665398e+00  2.119773e+00   
   138   4.841744e+00  1.985321e+00   
   139   6.363242e+00  2.572922e+00   
   140   4.037528e+00  2.200377e+00   
   141   4.176945e+00  2.127455e+00   
   142   5.430129e+00  2.024660e+00   
   143   5.208993e+00  1.970377e+00   
   144   6.594626e+00  2.788202e+00   
   145   4.323621e+00  2.027140e+00   
   146   6.152814e+00  2.307341e+00   
   147   4.648971e+00  1.932206e+00   
   148   5.019885e+00  1.905878e+00   
   149   5.905471e+00  2.131889e+00   
   150   6.864407e+00  3.177806e+00   
   151   6.809857e+00  3.021449e+00   
   152   3.928637e+00  2.136364e+00   
   153   6.330435e+00  2.376280e+00   
   154   4.015843e+00  2.075940e+00   
   155   6.561360e+00  2.591459e+00   
   156   4.142993e+00  1.993970e+00   
   157   6.091471e+00  2.158395e+00   
   158   4.456293e+00  1.881244e+00   
   159   5.361576e+00  1.841106e+00   
   160   6.790142e+00  2.825811e+00   
   161   4.860270e+00  1.787411e+00   
   162   6.481230e+00  2.412693e+00   
   163   3.914223e+00  2.045455e+00   
   164   6.251416e+00  2.195282e+00   
   165   5.170352e+00  1.774195e+00   
   166   5.632769e+00  1.871776e+00   
   167   6.966102e+00  3.076320e+00   
   168   6.727309e+00  2.639755e+00   
   169   3.997972e+00  1.950898e+00   
   170   4.264592e+00  1.840199e+00   
   171   5.829028e+00  1.909801e+00   
   172   4.591759e+00  1.734440e+00   
   173   5.043121e+00  1.682163e+00   
   174   6.024719e+00  1.943297e+00   
   175   6.446488e+00  2.226120e+00   
   176   6.972936e+00  2.883836e+00   
   177   6.674069e+00  2.447204e+00   
   178   5.389422e+00  1.673474e+00   
   179   6.215371e+00  2.001392e+00   
   180   7.067797e+00  2.967693e+00   
   181   6.916901e+00  2.690936e+00   
   182   4.053382e+00  1.795954e+00   
   183   3.888629e+00  1.863636e+00   
   184   5.567809e+00  1.682644e+00   
   185   6.608162e+00  2.259452e+00   
   186   6.366300e+00  2.045088e+00   
   187   5.764067e+00  1.721030e+00   
   188   4.726851e+00  1.586982e+00   
   189   4.367760e+00  1.643207e+00   
   190   5.213763e+00  1.577850e+00   
   191   4.183767e+00  1.668302e+00   
   192   5.959782e+00  1.760401e+00   
   193   6.883412e+00  2.451261e+00   
   194   6.145568e+00  1.816539e+00   
   195   7.158505e+00  2.863636e+00   
   196   7.101249e+00  2.741004e+00   
   197   5.038105e+00  1.482226e+00   
   198   6.562299e+00  2.073149e+00   
   199   4.576463e+00  1.503232e+00   
   200   6.339002e+00  1.856867e+00   
   201   5.384406e+00  1.473537e+00   
   202   3.866491e+00  1.681818e+00   
   203   5.699185e+00  1.531853e+00   
   204   4.029226e+00  1.572857e+00   
   205   6.524063e+00  1.926117e+00   
   206   7.232819e+00  2.772727e+00   
   207   4.862446e+00  1.386602e+00   
   208   7.073596e+00  2.503677e+00   
   209   5.911120e+00  1.566787e+00   
   210   5.208747e+00  1.377913e+00   
   211   7.190984e+00  2.652734e+00   
   212   6.102775e+00  1.622669e+00   
   213   6.860657e+00  2.178722e+00   
   214   4.182183e+00  1.458683e+00   
   215   6.277635e+00  1.667144e+00   
   216   4.364138e+00  1.375811e+00   
   217   6.710810e+00  1.956040e+00   
   218   5.033088e+00  1.282289e+00   
   219   7.303965e+00  2.681818e+00   
   220   7.243290e+00  2.564445e+00   
   221   3.847437e+00  1.500000e+00   
   222   4.545823e+00  1.292350e+00   
   223   7.051116e+00  2.265470e+00   
   224   6.492235e+00  1.729272e+00   
   225   5.379389e+00  1.273600e+00   
   226   6.040318e+00  1.433058e+00   
   227   5.855892e+00  1.357887e+00   
   228   6.644840e+00  1.770055e+00   
   229   4.008587e+00  1.350685e+00   
   230   4.857429e+00  1.186665e+00   
   231   5.671691e+00  1.280113e+00   
   232   6.890596e+00  1.973810e+00   
   233   7.372881e+00  2.590215e+00   
   234   5.203730e+00  1.177976e+00   
   235   6.235490e+00  1.475021e+00   
   236   4.201605e+00  1.259691e+00   
   237   7.014923e+00  2.052331e+00   
   238   6.419048e+00  1.545688e+00   
   239   7.335931e+00  2.437308e+00   
   240   4.382577e+00  1.176912e+00   
   241   5.550031e+00  1.169287e+00   
   242   6.841065e+00  1.805145e+00   
   243   7.273920e+00  2.280480e+00   
   244   3.831168e+00  1.318182e+00   
   245   5.028071e+00  1.082352e+00   
   246   4.564203e+00  1.093212e+00   
   247   6.613256e+00  1.582331e+00   
   248   7.196979e+00  2.122183e+00   
   249   6.191517e+00  1.324646e+00   
   250   5.374373e+00  1.073663e+00   
   251   5.831256e+00  1.159622e+00   
   252   3.918957e+00  1.209333e+00   
   253   7.025522e+00  1.876810e+00   
   254   7.474576e+00  2.442898e+00   
   255   7.410082e+00  2.339761e+00   
   256   6.799852e+00  1.647456e+00   
   257   4.049535e+00  1.136048e+00   
   258   6.066409e+00  1.208686e+00   
   259   4.852413e+00  9.867281e-01   
   260   6.389498e+00  1.348715e+00   
   261   4.203013e+00  1.065431e+00   
   262   5.198714e+00  9.780392e-01   
   263   6.548265e+00  1.393808e+00   
   264   3.817439e+00  1.136364e+00   
   265   5.545015e+00  9.693503e-01   
   266   6.988035e+00  1.682504e+00   
   267   7.463605e+00  2.220995e+00   
   268   3.908871e+00  1.084718e+00   
   269   7.255909e+00  1.941030e+00   
   270   5.023055e+00  8.824151e-01   
   271   7.553902e+00  2.318182e+00   
   272   7.386134e+00  2.073965e+00   
   273   4.041628e+00  1.015460e+00   
   274   4.366482e+00  9.314575e-01   
   275   6.301288e+00  1.179751e+00   
   276   6.763629e+00  1.451362e+00   
   277   5.991150e+00  1.039570e+00   
   278   5.369356e+00  8.737262e-01   
   279   4.607755e+00  8.570969e-01   
   280   3.811478e+00  1.045455e+00   
   281   7.176848e+00  1.746846e+00   
   282   6.925657e+00  1.494703e+00   
   283   6.507931e+00  1.199095e+00   
   284   7.608367e+00  2.227273e+00   
   285   4.847396e+00  7.867910e-01   
   286   3.902599e+00  9.598537e-01   
   287   4.176250e+00  8.730188e-01   
   288   5.193697e+00  7.781021e-01   
   289   7.546331e+00  2.088665e+00   
   290   5.877123e+00  8.894566e-01   
   291   6.695420e+00  1.265336e+00   
   292   6.213320e+00  9.854346e-01   
   293   4.442333e+00  7.447478e-01   
   294   7.121221e+00  1.534006e+00   
   295   7.497536e+00  1.922088e+00   
   296   6.069070e+00  8.798223e-01   
   297   5.018038e+00  6.824780e-01   
   298   7.392751e+00  1.772854e+00   
   299   6.889400e+00  1.305710e+00   
   300   7.262949e+00  1.621825e+00   
   301   5.653113e+00  7.459384e-01   
   302   3.968335e+00  8.137391e-01   
   303   7.677966e+00  2.105294e+00   
   304   6.439052e+00  1.011928e+00   
   305   3.801268e+00  8.636364e-01   
   306   5.364501e+00  6.740421e-01   
   307   4.622226e+00  6.576545e-01   
   308   7.621259e+00  1.987208e+00   
   309   4.100220e+00  7.172910e-01   
   310   7.077632e+00  1.367573e+00   
   311   6.659375e+00  1.068903e+00   
   312   4.842380e+00  5.868539e-01   
   313   5.188991e+00  5.781326e-01   
   314   4.278213e+00  6.313847e-01   
   315   6.827704e+00  1.115952e+00   
   316   6.022637e+00  7.146230e-01   
   317   6.212620e+00  7.758483e-01   
   318   7.576001e+00  1.742697e+00   
   319   5.818088e+00  6.329334e-01   
   320   7.683545e+00  1.863391e+00   
   321   7.755956e+00  1.954545e+00   
   322   4.456595e+00  5.457928e-01   
   323   6.402031e+00  8.157836e-01   
   324   7.304626e+00  1.416124e+00   
   325   3.793161e+00  6.818182e-01   
   326   5.013021e+00  4.825411e-01   
   327   5.637848e+00  5.465545e-01   
   328   7.037594e+00  1.172095e+00   
   329   7.484447e+00  1.569068e+00   
   330   6.589952e+00  8.830795e-01   
   331   5.359440e+00  4.735186e-01   
   332   3.963216e+00  5.850960e-01   
   333   4.633896e+00  4.535382e-01   
   334   4.110280e+00  5.271739e-01   
   335   7.799960e+00  1.863636e+00   
   336   6.784564e+00  9.215003e-01   
   337   7.207534e+00  1.217655e+00   
   338   4.837365e+00  3.869173e-01   
   339   7.644156e+00  1.605617e+00   
   340   4.289131e+00  4.404271e-01   
   341   7.753574e+00  1.723162e+00   
   342   5.183645e+00  3.782121e-01   
   343   6.171569e+00  5.817278e-01   
   344   5.981785e+00  5.189406e-01   
   345   6.358409e+00  6.485024e-01   
   346   6.973654e+00  9.840888e-01   
   347   5.803030e+00  4.340259e-01   
   348   6.554386e+00  6.863669e-01   
   349   4.465102e+00  3.465087e-01   
   350   7.402502e+00  1.260375e+00   
   351   3.787056e+00  5.000000e-01   
   352   7.167416e+00  1.027578e+00   
   353   5.008009e+00  2.826119e-01   
   354   5.625304e+00  3.425864e-01   
   355   6.720805e+00  7.323647e-01   
   356   4.614681e+00  2.866435e-01   
   357   3.958125e+00  4.051095e-01   
   358   7.691656e+00  1.485029e+00   
   359   7.804617e+00  1.599174e+00   
   360   7.576100e+00  1.342367e+00   
   361   5.353969e+00  2.736255e-01   
   362   6.124842e+00  4.404917e-01   
   363   7.881124e+00  1.681818e+00   
   364   4.122222e+00  3.324731e-01   
   365   4.804461e+00  2.261005e-01   
   366   6.933536e+00  7.883630e-01   
   367   6.323280e+00  4.520134e-01   
   368   4.297971e+00  2.376366e-01   
   369   6.490232e+00  4.986240e-01   
   370   5.178677e+00  1.784023e-01   
   371   7.388698e+00  1.055994e+00   
   372   7.108466e+00  8.368327e-01   
   373   7.916934e+00  1.590909e+00   
   374   6.009666e+00  3.034623e-01   
   375   7.755370e+00  1.374127e+00   
   376   5.793601e+00  2.347723e-01   
   377   7.851845e+00  1.473683e+00   
   378   3.782875e+00  3.181818e-01   
   379   6.683739e+00  5.424203e-01   
   380   4.476076e+00  1.469439e-01   
   381   3.954913e+00  2.250759e-01   
   382   6.872271e+00  6.042183e-01   
   383   5.616021e+00  1.428346e-01   
   384   5.002375e+00  8.405987e-02   
   385   4.655285e+00  9.408476e-02   
   386   7.328195e+00  8.692197e-01   
   387   6.237601e+00  2.767973e-01   
   388   5.347001e+00  7.426143e-02   
   389   4.127428e+00  1.337287e-01   
   390   7.067251e+00  6.416118e-01   
   391   7.647203e+00  1.088380e+00   
   392   6.430136e+00  3.079706e-01   
   393   7.784544e+00  1.212685e+00   
   394   7.899777e+00  1.333880e+00   
   395   7.983051e+00  1.413086e+00   
   396   5.962633e+00  1.281147e-01   
   397   4.827606e+00 -1.175784e-02   
   398   6.625220e+00  3.515898e-01   
   399   5.172081e+00 -2.144595e-02   
   400   7.257328e+00  7.034437e-01   
   401   4.516172e+00 -1.182062e-02   
   402   3.780569e+00  1.363636e-01   
   403   5.785688e+00  3.496153e-02   
   404   6.831955e+00  4.087307e-01   
   405   4.321557e+00 -1.211387e-02   
   406   5.516764e+00 -3.118984e-02   
   407   3.953543e+00  4.501646e-02   
   408   8.013626e+00  1.318182e+00   
   409   6.164172e+00  9.109383e-02   
   410   7.589914e+00  8.798376e-01   
   411   7.002384e+00  4.528100e-01   
   412   7.846243e+00  1.105437e+00   
   413   4.995577e+00 -1.151364e-01   
   414   4.651175e+00 -1.058047e-01   
   415   7.453605e+00  7.413925e-01   
   416   7.950271e+00  1.190293e+00   
   417   6.361551e+00  1.214054e-01   
   418   5.340312e+00 -1.250185e-01   
   419   7.191768e+00  5.160001e-01   
   420   6.558412e+00  1.549251e-01   
   421   6.766403e+00  2.212745e-01   
   422   6.000023e+00 -6.743182e-02   
   423   4.476765e+00 -1.822132e-01   
   424   3.780109e+00 -4.545455e-02   
   425   4.820601e+00 -2.115668e-01   
   426   7.864178e+00  9.697720e-01   
   427   5.780791e+00 -1.343740e-01   
   428   4.097796e+00 -1.319714e-01   
   429   5.165037e+00 -2.212789e-01   
   430   7.388041e+00  5.525381e-01   
   431   7.985016e+00  1.066055e+00   
   432   8.067463e+00  1.136364e+00   
   433   3.918126e+00 -1.215443e-01   
   434   5.511433e+00 -2.290357e-01   
   435   7.146377e+00  3.346410e-01   
   436   6.990483e+00  2.300490e-01   
   437   7.789885e+00  7.733229e-01   
   438   7.623543e+00  6.290443e-01   
   439   4.990867e+00 -3.148695e-01   
   440   4.643852e+00 -3.045745e-01   
   441   4.294200e+00 -2.664146e-01   
   442   8.091395e+00  1.045455e+00   
   443   6.256258e+00 -1.243376e-01   
   444   5.335928e+00 -3.249386e-01   
   445   6.704408e+00  3.121809e-02   
   446   8.015947e+00  9.408134e-01   
   447   6.518488e+00 -7.895219e-02   
   448   3.781490e+00 -2.272727e-01   
   449   6.899936e+00  7.285567e-02   
   450   5.913493e+00 -2.839813e-01   
   451   5.717643e+00 -3.241224e-01   
   452   6.104234e+00 -2.428889e-01   
   453   4.814870e+00 -4.080740e-01   
   454   7.353901e+00  2.995199e-01   
   455   5.160499e+00 -4.207181e-01   
   456   4.469573e+00 -4.018632e-01   
   457   3.956287e+00 -3.150973e-01   
   458   7.980507e+00  7.621112e-01   
   459   7.853445e+00  6.238731e-01   
   460   5.506728e+00 -4.289784e-01   
   461   4.132008e+00 -3.970828e-01   
   462   7.557359e+00  3.684711e-01   
   463   8.131779e+00  8.636364e-01   
   464   7.223295e+00  1.417922e-01   
   465   6.711745e+00 -1.390595e-01   
   466   7.732555e+00  4.638748e-01   
   467   6.882186e+00 -7.511909e-02   
   468   4.983929e+00 -5.145376e-01   
   469   4.639559e+00 -5.041229e-01   
   470   4.292253e+00 -4.925967e-01   
   471   7.063033e+00 -2.176085e-02   
   472   6.426992e+00 -3.136467e-01   
   473   3.784728e+00 -4.090909e-01   
   474   5.850536e+00 -4.734802e-01   
   475   6.045301e+00 -4.339812e-01   
   476   5.654691e+00 -5.139358e-01   
   477   6.240190e+00 -3.895354e-01   
   478   8.041093e+00  6.304004e-01   
   479   5.333667e+00 -5.769188e-01   
   480   3.960432e+00 -4.951100e-01   
   481   4.808291e+00 -6.113096e-01   
   482   4.463315e+00 -5.951742e-01   
   483   6.629024e+00 -3.058321e-01   
   484   5.153486e+00 -6.205819e-01   
   485   8.165145e+00  6.818182e-01   
   486   7.399563e+00  4.788850e-02   
   487   7.728500e+00  2.659708e-01   
   488   7.566682e+00  1.493065e-01   
   489   6.824621e+00 -2.666124e-01   
   490   4.122664e+00 -5.944669e-01   
   491   7.236577e+00 -6.754078e-02   
   492   7.029270e+00 -1.970265e-01   
   493   7.898062e+00  3.552934e-01   
   494   5.565171e+00 -6.681499e-01   
   495   4.630936e+00 -7.035312e-01   
   496   8.062474e+00  4.578785e-01   
   497   5.985424e+00 -6.194211e-01   
   498   3.789864e+00 -5.909091e-01   
   499   4.288046e+00 -6.903848e-01   
   500   6.181507e+00 -5.802861e-01   
   501   5.793431e+00 -6.718202e-01   
   502   8.186441e+00  5.350321e-01   
   503   6.375707e+00 -5.342875e-01   
   504   3.941108e+00 -6.512866e-01   
   505   6.571715e+00 -4.953054e-01   
   506   5.399790e+00 -7.657934e-01   
   507   6.759109e+00 -4.550383e-01   
   508   4.799520e+00 -8.110918e-01   
   509   5.214070e+00 -8.092715e-01   
   510   7.578160e+00 -3.159394e-02   
   511   7.905035e+00  1.913711e-01   
   512   4.108370e+00 -7.557143e-01   
   513   7.749347e+00  6.912614e-02   
   514   4.443833e+00 -8.149427e-01   
   515   6.960988e+00 -4.120035e-01   
   516   8.200097e+00  4.090909e-01   
   517   5.014782e+00 -8.547409e-01   
   518   8.078571e+00  2.847836e-01   
   519   7.417922e+00 -1.957273e-01   
   520   7.208213e+00 -3.391221e-01   
   521   6.117485e+00 -7.695549e-01   
   522   3.796959e+00 -7.727273e-01   
   523   5.928001e+00 -8.197459e-01   
   524   6.313273e+00 -7.296983e-01   
   525   5.732681e+00 -8.623475e-01   
   526   4.257394e+00 -8.858286e-01   
   527   6.507870e+00 -6.841932e-01   
   528   5.537660e+00 -9.093227e-01   
   529   3.929842e+00 -8.394355e-01   
   530   4.599019e+00 -9.410541e-01   
   531   6.701762e+00 -6.464430e-01   
   532   5.347720e+00 -9.578806e-01   
   533   4.069942e+00 -9.137271e-01   
   534   7.753311e+00 -1.252526e-01   
   535   8.213268e+00  2.272727e-01   
   536   6.895719e+00 -6.008537e-01   
   537   5.152633e+00 -9.994623e-01   
   538   8.077907e+00  9.673511e-02   
   539   4.412169e+00 -1.012284e+00   
   540   7.099493e+00 -5.577856e-01   
   541   4.958815e+00 -1.046613e+00   
   542   7.940906e+00 -6.418257e-02   
   543   7.631544e+00 -3.112716e-01   
   544   3.806102e+00 -9.545455e-01   
   545   7.442747e+00 -4.320399e-01   
   546   6.061577e+00 -9.681233e-01   
   547   6.255796e+00 -9.212212e-01   
   548   5.867462e+00 -1.009992e+00   
   549   4.765030e+00 -1.093260e+00   
   550   7.288199e+00 -5.279772e-01   
   551   6.450368e+00 -8.751075e-01   
   552   5.672982e+00 -1.056277e+00   
   553   3.937495e+00 -1.008264e+00   
   554   6.643955e+00 -8.273718e-01   
   555   5.478821e+00 -1.100230e+00   
   556   8.218942e+00  4.545455e-02   
   557   4.116607e+00 -1.079392e+00   
   558   6.840133e+00 -7.897998e-01   
   559   4.571332e+00 -1.138466e+00   
   560   5.284437e+00 -1.147046e+00   
   561   7.852879e+00 -2.815961e-01   
   562   7.023527e+00 -7.507053e-01   
   563   5.097884e+00 -1.189610e+00   
   564   3.813559e+00 -1.077472e+00   
   565   4.291958e+00 -1.174646e+00   
   566   4.904026e+00 -1.236120e+00   
   567   7.220310e+00 -7.160520e-01   
   568   8.047992e+00 -2.397383e-01   
   569   6.004425e+00 -1.153779e+00   
   570   6.199802e+00 -1.112396e+00   
   571   6.392689e+00 -1.062619e+00   
   572   5.810529e+00 -1.201347e+00   
   573   3.950306e+00 -1.176780e+00   
   574   8.217048e+00 -1.363636e-01   
   575   6.588157e+00 -1.020660e+00   
   576   7.432292e+00 -6.619948e-01   
   577   5.616320e+00 -1.244190e+00   
   578   4.710100e+00 -1.280964e+00   
   579   6.775255e+00 -9.778965e-01   
   580   5.422318e+00 -1.291842e+00   
   581   7.610976e+00 -5.954578e-01   
   582   7.781991e+00 -4.936738e-01   
   583   6.967857e+00 -9.423647e-01   
   584   5.227857e+00 -1.338219e+00   
   585   4.516628e+00 -1.330554e+00   
   586   3.823999e+00 -1.227273e+00   
   587   7.160619e+00 -8.957514e-01   
   588   5.042842e+00 -1.379209e+00   
   589   7.961532e+00 -4.554576e-01   
   590   4.102004e+00 -1.323154e+00   
   591   4.295787e+00 -1.374498e+00   
   592   8.207612e+00 -3.181818e-01   
   593   4.848322e+00 -1.424187e+00   
   594   8.104617e+00 -4.083364e-01   
   595   6.138695e+00 -1.301616e+00   
   596   6.332228e+00 -1.255976e+00   
   597   5.948746e+00 -1.345780e+00   
   598   6.526964e+00 -1.210737e+00   
   599   5.753394e+00 -1.388285e+00   
   600   6.721356e+00 -1.169428e+00   
   601   5.559363e+00 -1.435616e+00   
   602   4.654579e+00 -1.472854e+00   
   603   6.913259e+00 -1.116868e+00   
   604   7.786289e+00 -6.896468e-01   
   605   7.616658e+00 -7.951306e-01   
   606   7.414864e+00 -9.053114e-01   
   607   5.365467e+00 -1.483234e+00   
   608   7.944558e+00 -6.060687e-01   
   609   8.090494e+00 -5.333211e-01   
   610   3.838971e+00 -1.409091e+00   
   611   7.108821e+00 -1.081861e+00   
   612   5.175180e+00 -1.527301e+00   
   613   8.190748e+00 -5.000000e-01   
   614   4.020182e+00 -1.483286e+00   
   615   7.276939e+00 -1.049990e+00   
   616   4.985413e+00 -1.569332e+00   
   617   6.275218e+00 -1.447377e+00   
   618   6.082945e+00 -1.492403e+00   
   619   8.072556e+00 -6.578156e-01   
   620   5.888078e+00 -1.536033e+00   
   621   4.200219e+00 -1.564388e+00   
   622   4.791423e+00 -1.615525e+00   
   623   8.179065e+00 -5.909091e-01   
   624   6.663195e+00 -1.355428e+00   
   625   6.848459e+00 -1.294964e+00   
   626   5.692733e+00 -1.578843e+00   
   627   4.412172e+00 -1.608426e+00   
   628   6.493335e+00 -1.418851e+00   
   629   7.591284e+00 -9.914899e-01   
   630   5.503724e+00 -1.627632e+00   
   631   4.606286e+00 -1.656355e+00   
   632   7.044878e+00 -1.265683e+00   
   633   7.974485e+00 -8.064972e-01   
   634   5.309479e+00 -1.674951e+00   
   635   3.856599e+00 -1.590909e+00   
   636   7.792381e+00 -9.357387e-01   
   637   7.220699e+00 -1.241117e+00   
   638   5.115815e+00 -1.717859e+00   
   639   7.443003e+00 -1.153589e+00   
   640   8.149367e+00 -7.727273e-01   
   641   4.929895e+00 -1.759023e+00   
   642   4.052425e+00 -1.702976e+00   
   643   6.218574e+00 -1.638532e+00   
   644   6.811880e+00 -1.471822e+00   
   645   6.023809e+00 -1.683296e+00   
   646   5.834485e+00 -1.719512e+00   
   647   4.274213e+00 -1.752918e+00   
   648   5.641519e+00 -1.770946e+00   
   649   6.975853e+00 -1.447307e+00   
   650   4.467581e+00 -1.800364e+00   
   651   7.676719e+00 -1.147128e+00   
   652   7.970975e+00 -9.812572e-01   
   653   5.447766e+00 -1.819335e+00   
   654   6.674496e+00 -1.589202e+00   
   655   4.661684e+00 -1.848515e+00   
   656   7.150934e+00 -1.428484e+00   
   657   6.487907e+00 -1.654389e+00   
   658   5.253992e+00 -1.860176e+00   
   659   3.877153e+00 -1.772727e+00   
   660   8.112435e+00 -9.545455e-01   
   661   7.347906e+00 -1.395364e+00   
   662   5.060635e+00 -1.909672e+00   
   663   7.890826e+00 -1.137512e+00   
   664   3.991894e+00 -1.854307e+00   
   665   4.866549e+00 -1.948166e+00   
   666   6.353209e+00 -1.780513e+00   
   667   6.884874e+00 -1.624612e+00   
   668   6.159989e+00 -1.829718e+00   
   669   4.146715e+00 -1.902296e+00   
   670   5.961690e+00 -1.871525e+00   
   671   8.084746e+00 -1.071993e+00   
   672   7.584152e+00 -1.354041e+00   
   673   5.782611e+00 -1.912591e+00   
   674   4.327569e+00 -1.941923e+00   
   675   5.586611e+00 -1.963184e+00   
   676   7.081810e+00 -1.616089e+00   
   677   7.758669e+00 -1.310398e+00   
   678   5.391320e+00 -2.002856e+00   
   679   3.900968e+00 -1.954545e+00   
   680   6.603009e+00 -1.817812e+00   
   681   7.278804e+00 -1.581926e+00   
   682   4.502286e+00 -2.037402e+00   
   683   5.197863e+00 -2.051627e+00   
   684   4.009450e+00 -1.988498e+00   
   685   7.916854e+00 -1.294860e+00   
   686   8.041339e+00 -1.227273e+00   
   687   4.165666e+00 -2.031731e+00   
   688   6.801635e+00 -1.798534e+00   
   689   4.989862e+00 -2.090497e+00   
   690   7.714919e+00 -1.430986e+00   
   691   7.472076e+00 -1.550806e+00   
   692   6.262508e+00 -1.961562e+00   
   693   4.736659e+00 -2.111560e+00   
   694   6.103561e+00 -2.011104e+00   
   695   5.910865e+00 -2.060881e+00   
   696   6.999187e+00 -1.785201e+00   
   697   3.915254e+00 -2.052124e+00   
   698   5.715733e+00 -2.100040e+00   
   699   7.178306e+00 -1.727395e+00   
   700   7.873505e+00 -1.420292e+00   
   701   4.330635e+00 -2.138290e+00   
   702   5.525190e+00 -2.150475e+00   
   703   7.659029e+00 -1.556208e+00   
   704   4.031100e+00 -2.122089e+00   
   705   5.329951e+00 -2.193019e+00   
   706   7.984409e+00 -1.409091e+00   
   707   6.461010e+00 -2.025241e+00   
   708   7.413791e+00 -1.723704e+00   
   709   6.719996e+00 -1.980006e+00   
   710   5.136401e+00 -2.239811e+00   
   711   7.826341e+00 -1.544340e+00   
   712   4.504225e+00 -2.237169e+00   
   713   7.951426e+00 -1.500000e+00   
   714   6.917724e+00 -1.958934e+00   
   715   4.941062e+00 -2.282146e+00   
   716   6.234770e+00 -2.161235e+00   
   717   7.103993e+00 -1.912852e+00   
   718   6.050533e+00 -2.203692e+00   
   719   3.944141e+00 -2.227273e+00   
   720   5.847379e+00 -2.250280e+00   
   721   7.594568e+00 -1.735254e+00   
   722   4.143071e+00 -2.280443e+00   
   723   5.664781e+00 -2.292697e+00   
   724   7.301193e+00 -1.884925e+00   
   725   4.678321e+00 -2.335581e+00   
   726   7.766248e+00 -1.685197e+00   
   727   5.471373e+00 -2.342912e+00   
   728   4.331703e+00 -2.338231e+00   
   729   5.275891e+00 -2.381915e+00   
   730   7.881356e+00 -1.681269e+00   
   731   6.611377e+00 -2.198389e+00   
   732   6.840339e+00 -2.138302e+00   
   733   7.486166e+00 -1.906550e+00   
   734   5.082540e+00 -2.432196e+00   
   735   7.709101e+00 -1.809846e+00   
   736   7.031717e+00 -2.099113e+00   
   737   7.841106e+00 -1.772727e+00   
   738   6.376642e+00 -2.301278e+00   
   739   4.887339e+00 -2.473308e+00   
   740   5.988357e+00 -2.391068e+00   
   741   3.978705e+00 -2.409091e+00   
   742   4.462744e+00 -2.466036e+00   
   743   5.795271e+00 -2.440201e+00   
   744   7.655563e+00 -1.914466e+00   
   745   4.243980e+00 -2.468560e+00   
   746   6.205255e+00 -2.385847e+00   
   747   5.600298e+00 -2.481213e+00   
   748   7.421436e+00 -2.027138e+00   
   749   7.218084e+00 -2.112640e+00   
   750   4.099720e+00 -2.471760e+00   
   751   5.409142e+00 -2.530167e+00   
   752   7.779661e+00 -1.907121e+00   
   753   4.660890e+00 -2.554815e+00   
   754   6.544652e+00 -2.368314e+00   
   755   5.213698e+00 -2.571825e+00   
   756   7.590511e+00 -2.040229e+00   
   757   5.021875e+00 -2.620595e+00   
   758   6.725621e+00 -2.377191e+00   
   759   7.058856e+00 -2.281733e+00   
   760   6.392205e+00 -2.475612e+00   
   761   6.120101e+00 -2.541333e+00   
   762   7.709324e+00 -2.045455e+00   
   763   4.016949e+00 -2.583501e+00   
   764   5.934527e+00 -2.583491e+00   
   765   4.131322e+00 -2.607180e+00   
   766   4.826722e+00 -2.663765e+00   
   767   5.733437e+00 -2.630203e+00   
   768   4.295319e+00 -2.647711e+00   
   769   7.521645e+00 -2.163945e+00   
   770   4.477482e+00 -2.679817e+00   
   771   5.547690e+00 -2.673480e+00   
   772   7.403182e+00 -2.240536e+00   
   773   7.660524e+00 -2.136364e+00   
   774   4.632730e+00 -2.710384e+00   
   775   6.919678e+00 -2.425343e+00   
   776   6.586507e+00 -2.523508e+00   
   777   5.353889e+00 -2.722211e+00   
   778   7.245748e+00 -2.330049e+00   
   779   4.041484e+00 -2.681818e+00   
   780   6.274179e+00 -2.626707e+00   
   781   5.160466e+00 -2.764075e+00   
   782   4.163808e+00 -2.753743e+00   
   783   4.299113e+00 -2.771259e+00   
   784   7.576271e+00 -2.282356e+00   
   785   4.966592e+00 -2.812669e+00   
   786   6.781142e+00 -2.569269e+00   
   787   7.113588e+00 -2.474083e+00   
   788   7.371369e+00 -2.391176e+00   
   789   6.113959e+00 -2.746199e+00   
   790   4.771316e+00 -2.853911e+00   
   791   6.460577e+00 -2.710248e+00   
   792   5.754650e+00 -2.834756e+00   
   793   5.489018e+00 -2.869479e+00   
   794   4.541937e+00 -2.886386e+00   
   795   7.285609e+00 -2.489322e+00   
   796   7.496291e+00 -2.409091e+00   
   797   4.092684e+00 -2.863636e+00   
   798   4.201541e+00 -2.879088e+00   
   799   5.293817e+00 -2.912428e+00   
   800   4.357412e+00 -2.895938e+00   
   801   6.974277e+00 -2.617503e+00   
   802   6.644388e+00 -2.714889e+00   
   803   5.098327e+00 -2.954039e+00   
   804   6.297110e+00 -2.825259e+00   
   805   5.947181e+00 -2.888783e+00   
   806   7.435273e+00 -2.500000e+00   
   807   4.905743e+00 -3.001434e+00   
   808   4.121573e+00 -2.954545e+00   
   809   7.175309e+00 -2.649714e+00   
   810   7.372366e+00 -2.590909e+00   
   811   4.408409e+00 -3.014100e+00   
   812   4.243089e+00 -3.003222e+00   
   813   6.138837e+00 -2.944129e+00   
   814   5.623947e+00 -3.017096e+00   
   815   6.842055e+00 -2.797098e+00   
   816   5.428637e+00 -3.060113e+00   
   817   6.478004e+00 -2.909359e+00   
   818   5.804234e+00 -3.028479e+00   
   819   5.232133e+00 -3.102643e+00   
   820   7.271186e+00 -2.725302e+00   
   821   7.016847e+00 -2.809073e+00   
   822   4.756285e+00 -3.122983e+00   
   823   6.313706e+00 -3.022503e+00   
   824   5.996808e+00 -3.081999e+00   
   825   4.944141e+00 -3.165669e+00   
   826   6.679116e+00 -2.958199e+00   
   827   4.302671e+00 -3.141649e+00   
   828   4.188920e+00 -3.136364e+00   
   829   4.487355e+00 -3.166941e+00   
   830   6.942676e+00 -2.912393e+00   
   831   7.169492e+00 -2.851004e+00   
   832   5.563547e+00 -3.207755e+00   
   833   6.189073e+00 -3.129056e+00   
   834   6.506138e+00 -3.073735e+00   
   835   6.855939e+00 -2.998357e+00   
   836   4.227598e+00 -3.227273e+00   
   837   7.079267e+00 -2.954545e+00   
   838   4.357651e+00 -3.265577e+00   
   839   5.402322e+00 -3.283814e+00   
   840   4.821820e+00 -3.323839e+00   
   841   6.783645e+00 -3.097597e+00   
   842   6.994910e+00 -3.045455e+00   
   843   5.824160e+00 -3.296023e+00   
   844   4.601849e+00 -3.342150e+00   
   845   5.019798e+00 -3.350753e+00   
   846   6.368461e+00 -3.213962e+00   
   847   6.051764e+00 -3.273767e+00   
   848   6.666222e+00 -3.167791e+00   
   849   6.905793e+00 -3.136364e+00   
   850   4.442685e+00 -3.395744e+00   
   851   5.246599e+00 -3.409235e+00   
   852   5.556834e+00 -3.402433e+00   
   853   6.210588e+00 -3.326353e+00   
   854   4.319963e+00 -3.409091e+00   
   855   6.542585e+00 -3.263994e+00   
   856   6.811156e+00 -3.227273e+00   
   857   5.432906e+00 -3.481411e+00   
   858   4.929464e+00 -3.501477e+00   
   859   4.376583e+00 -3.500000e+00   
   860   6.710114e+00 -3.318182e+00   
   861   4.519725e+00 -3.521423e+00   
   862   5.092966e+00 -3.536022e+00   
   863   6.402947e+00 -3.401203e+00   
   864   6.027843e+00 -3.493509e+00   
   865   6.601631e+00 -3.409091e+00   
   866   4.441345e+00 -3.590909e+00   
   867   5.276809e+00 -3.606125e+00   
   868   4.730464e+00 -3.610424e+00   
   869   6.236709e+00 -3.517136e+00   
   870   5.768091e+00 -3.584219e+00   
   871   6.484495e+00 -3.500000e+00   
   872   5.534640e+00 -3.656021e+00   
   873   4.982271e+00 -3.686349e+00   
   874   6.138335e+00 -3.598885e+00   
   875   4.525424e+00 -3.689313e+00   
   876   6.044390e+00 -3.639659e+00   
   877   6.357284e+00 -3.590909e+00   
   878   5.117166e+00 -3.721133e+00   
   879   5.912959e+00 -3.682545e+00   
   880   6.254237e+00 -3.657398e+00   
   881   4.627119e+00 -3.783296e+00   
   882   5.737330e+00 -3.752632e+00   
   883   4.879619e+00 -3.793251e+00   
   884   6.152542e+00 -3.717683e+00   
   885   5.319369e+00 -3.811808e+00   
   886   5.478626e+00 -3.832525e+00   
   887   6.050847e+00 -3.772862e+00   
   888   5.609449e+00 -3.825416e+00   
   889   5.010284e+00 -3.856671e+00   
   890   4.742874e+00 -3.863636e+00   
   891   5.150373e+00 -3.890519e+00   
   892   5.853079e+00 -3.863636e+00   
   893   5.745763e+00 -3.903956e+00   
   894   4.932203e+00 -3.949174e+00   
   895   5.033898e+00 -3.975397e+00   
   896   5.570721e+00 -3.954545e+00   
   897   5.440678e+00 -3.980614e+00   
   898   5.237288e+00 -3.995717e+00   
  END_COORDINATES
  BOUNDARIES, ELEMENT
    1         623     613         1     
    2         152     163         2     
    3         264     280         3     
    4         713     706         4     
    5         442     432         5     
    6         102     114         6     
    7         797     808         7     
    8         408     395         8     
    9         373     363         9     
    10         679     697         10     
    11         828     836         11     
    12         737     730         12     
    13         335     321         13     
    14         763     779         14     
    15         773     762         15     
    16         25     18         16     
    17         894     895         17     
    18         62     73         20     
    19         284     271         23     
    20         31     42         26     
    21         854     859         27     
    22         806     796         32     
    23         810     806         35     
    24         46     36         36     
    25         859     866         37     
    26         55     46         40     
    27         893     892         47     
    28         233     219         48     
    29         219     206         51     
    30         2     5         52     
    31         887     884         55     
    32         206     195         58     
    33         884     880         61     
    34         42     47         62     
    35         671     660         65     
    36         880     877         74     
    37         544     564         75     
    38         842     837         79     
    39         95     84         83     
    40         280     305         84     
    41         244     264         87     
    42         613     592         88     
    43         640     623         91     
    44         163     183         95     
    45         132     152         98     
    46         516     502         99     
    47         849     842         100     
    48         108     95         101     
    49         114     132         106     
    50         88     102         109     
    51         866     875         110     
    52         432     408         111     
    53         463     442         114     
    54         1     2         115     
    55         808     828         117     
    56         779     797         120     
    57         121     108         121     
    58         856     849         122     
    59         8     14         128     
    60         897     896         129     
    61         706     686         130     
    62         730     713         133     
    63         363     335         140     
    64         395     373         143     
    65         134     121         144     
    66         697     719         145     
    67         659     679         149     
    68         836     854         150     
    69         860     856         152     
    70         47     62         156     
    71         837     831         160     
    72         195     180         161     
    73         180     167         162     
    74         752     737         164     
    75         762     752         167     
    76         875     881         168     
    77         321     303         169     
    78         303     284         171     
    79         150     134         175     
    80         741     763         177     
    81         5     8         186     
    82         881     890         187     
    83         865     860         190     
    84         73     88         192     
    85         784     773         195     
    86         796     784         198     
    87         686     671         200     
    88         167     150         210     
    89         18     9         211     
    90         36     25         214     
    91         895     898         215     
    92         890     894         219     
    93         271     254         224     
    94         254     233         227     
    95         21     31         235     
    96         14     21         240     
    97         871     865         241     
    98         877     871         242     
    99         502     485         243     
    100         564     586         250     
    101         586     610         251     
    102         820     810         270     
    103         831     820         271     
    104         896     893         273     
    105         71     55         289     
    106         84     71         290     
    107         892     887         304     
    108         522     544         348     
    109         535     516         365     
    110         305     325         371     
    111         221     244         372     
    112         592     574         373     
    113         660     640         374     
    114         183     202         376     
    115         574     556         378     
    116         556     535         379     
    117         378     402         380     
    118         424     448         381     
    119         351     378         382     
    120         402     424         383     
    121         448     473         384     
    122         325     351         385     
    123         473     498         386     
    124         498     522         387     
    125         485     463         390     
    126         610     635         391     
    127         202     221         392     
    128         635     659         393     
    129         719     741         408     
    130         898     897         418     
    131         3     1         431     
    132         9     3         434     
  END_BOUNDARIES
  MATERIALS, NUMBER= 1, DEFAULT=1
  END_MATERIALS
  SUBDOMAINS
  END_SUBDOMAINS
  CHARACTERISTICS
  END_CHARACTERISTICS
