  NODES_PER_ELEMENT
   1 4
   2 4
   3 4
   4 4
   5 4
   6 4
   7 4
   8 4
   9 4
   10 4
   11 4
   12 4
   13 4
   14 4
   15 4
   16 4
   17 4
   18 4
   19 4
   20 4
   21 4
   22 4
   23 4
   24 4
   25 4
   26 4
   27 4
   28 4
   29 4
   30 4
   31 4
   32 4
   33 4
   34 4
   35 4
   36 4
   37 4
   38 4
   39 4
   40 4
   41 4
   42 4
   43 4
   44 4
   45 4
   46 4
   47 4
   48 4
   49 4
   50 4
   51 4
   52 4
   53 4
   54 4
   55 4
   56 4
   57 4
   58 4
   59 4
   60 4
   61 4
   62 4
   63 4
   64 4
   65 4
   66 4
   67 4
   68 4
   69 4
   70 4
   71 4
   72 4
   73 4
   74 4
   75 4
   76 4
   77 4
   78 4
   79 4
   80 4
   81 4
   82 4
   83 4
   84 4
   85 4
   86 4
   87 4
   88 4
   89 4
   90 4
   91 4
   92 4
   93 4
   94 4
   95 4
   96 4
   97 4
   98 4
   99 4
   100 4
   101 4
   102 4
   103 4
   104 4
   105 4
   106 4
   107 4
   108 4
   109 4
   110 4
   111 4
   112 4
   113 4
   114 4
   115 4
   116 4
   117 4
   118 4
   119 4
   120 4
   121 4
   122 4
   123 4
   124 4
   125 4
   126 4
   127 4
   128 4
   129 4
   130 4
   131 4
   132 4
   133 4
   134 4
   135 4
   136 4
   137 4
   138 4
   139 4
   140 4
   141 4
   142 4
   143 4
   144 4
   145 4
   146 4
   147 4
   148 4
   149 4
   150 4
   151 4
   152 4
   153 4
   154 4
   155 4
   156 4
   157 4
   158 4
   159 4
   160 4
   161 4
   162 4
   163 4
   164 4
   165 4
   166 4
   167 4
   168 4
   169 4
   170 4
   171 4
   172 4
   173 4
   174 4
   175 4
   176 4
   177 4
   178 4
   179 4
   180 4
   181 4
   182 4
   183 4
   184 4
   185 4
   186 4
   187 4
   188 4
   189 4
   190 4
   191 4
   192 4
   193 4
   194 4
   195 4
   196 4
   197 4
   198 4
   199 4
   200 4
   201 4
   202 4
   203 4
   204 4
   205 4
   206 4
   207 4
   208 4
   209 4
   210 4
   211 4
   212 4
   213 4
   214 4
   215 4
   216 4
   217 4
   218 4
   219 4
   220 4
   221 4
   222 4
   223 4
   224 4
   225 4
   226 4
   227 4
   228 4
   229 4
   230 4
   231 4
   232 4
   233 4
   234 4
   235 4
   236 4
   237 4
   238 4
   239 4
   240 4
   241 4
   242 4
   243 4
   244 4
   245 4
   246 4
   247 4
   248 4
   249 4
   250 4
   251 4
   252 4
   253 4
   254 4
   255 4
   256 4
   257 4
   258 4
   259 4
   260 4
   261 4
   262 4
   263 4
   264 4
   265 4
   266 4
   267 4
   268 4
   269 4
   270 4
   271 4
   272 4
   273 4
   274 4
   275 4
   276 4
   277 4
   278 4
   279 4
   280 4
   281 4
   282 4
   283 4
   284 4
   285 4
   286 4
   287 4
   288 4
   289 4
   290 4
   291 4
   292 4
   293 4
   294 4
   295 4
   296 4
   297 4
   298 4
   299 4
   300 4
   301 4
   302 4
   303 4
   304 4
   305 4
   306 4
   307 4
   308 4
   309 4
   310 4
   311 4
   312 4
   313 4
   314 4
   315 4
   316 4
   317 4
   318 4
   319 4
   320 4
   321 4
   322 4
   323 4
   324 4
   325 4
   326 4
   327 4
   328 4
   329 4
   330 4
   331 4
   332 4
   333 4
   334 4
   335 4
   336 4
   337 4
   338 4
   339 4
   340 4
   341 4
   342 4
   343 4
   344 4
   345 4
   346 4
   347 4
   348 4
   349 4
   350 4
   351 4
   352 4
   353 4
   354 4
   355 4
   356 4
   357 4
   358 4
   359 4
   360 4
   361 4
   362 4
   363 4
   364 4
   365 4
   366 4
   367 4
   368 4
   369 4
   370 4
   371 4
   372 4
   373 4
   374 4
   375 4
  END_NODES_PER_ELEMENT
  ELEMENTS
  1 3 4 2 1  
  2 6 8 4 3  
  3 12 13 8 6  
  4 18 20 13 12  
  5 28 29 20 18  
  6 37 39 29 28  
  7 51 52 39 37  
  8 63 65 52 51  
  9 79 82 65 63  
  10 97 98 82 79  
  11 119 120 98 97  
  12 138 139 120 119  
  13 162 163 139 138  
  14 185 186 163 162  
  15 212 215 186 185  
  16 4 7 5 2  
  17 8 9 7 4  
  18 13 15 9 8  
  19 20 22 15 13  
  20 29 30 22 20  
  21 39 42 30 29  
  22 52 54 42 39  
  23 65 69 54 52  
  24 82 84 69 65  
  25 98 103 84 82  
  26 120 122 103 98  
  27 139 144 122 120  
  28 163 164 144 139  
  29 186 191 164 163  
  30 215 216 191 186  
  31 7 11 10 5  
  32 9 14 11 7  
  33 15 19 14 9  
  34 22 26 19 15  
  35 30 35 26 22  
  36 42 45 35 30  
  37 54 60 45 42  
  38 69 73 60 54  
  39 84 88 73 69  
  40 103 107 88 84  
  41 122 124 107 103  
  42 144 146 124 122  
  43 164 169 146 144  
  44 191 194 169 164  
  45 216 218 194 191  
  46 11 17 16 10  
  47 14 21 17 11  
  48 19 25 21 14  
  49 26 31 25 19  
  50 35 40 31 26  
  51 45 50 40 35  
  52 60 62 50 45  
  53 73 77 62 60  
  54 88 93 77 73  
  55 107 109 93 88  
  56 124 130 109 107  
  57 146 150 130 124  
  58 169 173 150 146  
  59 194 200 173 169  
  60 218 226 200 194  
  61 17 24 23 16  
  62 21 27 24 17  
  63 25 33 27 21  
  64 31 38 33 25  
  65 40 48 38 31  
  66 50 59 48 40  
  67 62 71 59 50  
  68 77 85 71 62  
  69 93 100 85 77  
  70 109 116 100 93  
  71 130 136 116 109  
  72 150 158 136 130  
  73 173 181 158 150  
  74 200 203 181 173  
  75 226 232 203 200  
  76 24 34 32 23  
  77 27 36 34 24  
  78 33 41 36 27  
  79 38 47 41 33  
  80 48 56 47 38  
  81 59 66 56 48  
  82 71 78 66 59  
  83 85 92 78 71  
  84 100 108 92 85  
  85 116 125 108 100  
  86 136 145 125 116  
  87 158 167 145 136  
  88 181 189 167 158  
  89 203 214 189 181  
  90 232 237 214 203  
  91 34 44 43 32  
  92 36 46 44 34  
  93 41 49 46 36  
  94 47 57 49 41  
  95 56 64 57 47  
  96 66 75 64 56  
  97 78 89 75 66  
  98 92 104 89 78  
  99 108 118 104 92  
  100 125 134 118 108  
  101 145 153 134 125  
  102 167 176 153 145  
  103 189 199 176 167  
  104 214 223 199 189  
  105 237 247 223 214  
  106 44 55 53 43  
  107 46 58 55 44  
  108 49 61 58 46  
  109 57 70 61 49  
  110 64 76 70 57  
  111 75 87 76 64  
  112 89 99 87 75  
  113 104 112 99 89  
  114 118 129 112 104  
  115 134 147 129 118  
  116 153 165 147 134  
  117 176 184 165 153  
  118 199 209 184 176  
  119 223 234 209 199  
  120 247 253 234 223  
  121 55 68 67 53  
  122 58 72 68 55  
  123 61 74 72 58  
  124 70 81 74 61  
  125 76 91 81 70  
  126 87 101 91 76  
  127 99 111 101 87  
  128 112 126 111 99  
  129 129 142 126 112  
  130 147 159 142 129  
  131 165 180 159 147  
  132 184 201 180 165  
  133 209 221 201 184  
  134 234 243 221 209  
  135 253 263 243 234  
  136 68 83 80 67  
  137 72 86 83 68  
  138 74 90 86 72  
  139 81 94 90 74  
  140 91 105 94 81  
  141 101 114 105 91  
  142 111 127 114 101  
  143 126 140 127 111  
  144 142 155 140 126  
  145 159 172 155 142  
  146 180 193 172 159  
  147 201 213 193 180  
  148 221 235 213 201  
  149 243 254 235 221  
  150 263 274 254 243  
  151 83 96 95 80  
  152 86 102 96 83  
  153 90 106 102 86  
  154 94 110 106 90  
  155 105 121 110 94  
  156 114 131 121 105  
  157 127 143 131 114  
  158 140 156 143 127  
  159 155 170 156 140  
  160 172 188 170 155  
  161 193 208 188 172  
  162 213 229 208 193  
  163 235 249 229 213  
  164 254 266 249 235  
  165 274 281 266 254  
  166 96 115 113 95  
  167 102 117 115 96  
  168 106 123 117 102  
  169 110 128 123 106  
  170 121 137 128 110  
  171 131 148 137 121  
  172 143 160 148 131  
  173 156 171 160 143  
  174 170 187 171 156  
  175 188 205 187 170  
  176 208 225 205 188  
  177 229 242 225 208  
  178 249 260 242 229  
  179 266 278 260 249  
  180 281 295 278 266  
  181 115 133 132 113  
  182 117 135 133 115  
  183 123 141 135 117  
  184 128 149 141 123  
  185 137 154 149 128  
  186 148 166 154 137  
  187 160 178 166 148  
  188 171 192 178 160  
  189 187 206 192 171  
  190 205 224 206 187  
  191 225 239 224 205  
  192 242 257 239 225  
  193 260 273 257 242  
  194 278 290 273 260  
  195 295 307 290 278  
  196 133 152 151 132  
  197 135 157 152 133  
  198 141 161 157 135  
  199 149 168 161 141  
  200 154 177 168 149  
  201 166 183 177 154  
  202 178 197 183 166  
  203 192 210 197 178  
  204 206 228 210 192  
  205 224 240 228 206  
  206 239 256 240 224  
  207 257 271 256 239  
  208 273 286 271 257  
  209 290 300 286 273  
  210 307 318 300 290  
  211 152 175 174 151  
  212 157 179 175 152  
  213 161 182 179 157  
  214 168 190 182 161  
  215 177 195 190 168  
  216 183 207 195 177  
  217 197 217 207 183  
  218 210 233 217 197  
  219 228 245 233 210  
  220 240 258 245 228  
  221 256 272 258 240  
  222 271 284 272 256  
  223 286 298 284 271  
  224 300 315 298 286  
  225 318 331 315 300  
  226 175 198 196 174  
  227 179 202 198 175  
  228 182 204 202 179  
  229 190 211 204 182  
  230 195 219 211 190  
  231 207 231 219 195  
  232 217 238 231 207  
  233 233 251 238 217  
  234 245 262 251 233  
  235 258 275 262 245  
  236 272 288 275 258  
  237 284 299 288 272  
  238 298 313 299 284  
  239 315 327 313 298  
  240 331 342 327 315  
  241 198 222 220 196  
  242 202 227 222 198  
  243 204 230 227 202  
  244 211 236 230 204  
  245 219 241 236 211  
  246 231 250 241 219  
  247 238 259 250 231  
  248 251 268 259 238  
  249 262 279 268 251  
  250 275 292 279 262  
  251 288 301 292 275  
  252 299 314 301 288  
  253 313 326 314 299  
  254 327 340 326 313  
  255 342 354 340 327  
  256 222 246 244 220  
  257 227 248 246 222  
  258 230 252 248 227  
  259 236 255 252 230  
  260 241 261 255 236  
  261 250 269 261 241  
  262 259 277 269 250  
  263 268 285 277 259  
  264 279 296 285 268  
  265 292 308 296 279  
  266 301 317 308 292  
  267 314 330 317 301  
  268 326 341 330 314  
  269 340 353 341 326  
  270 354 366 353 340  
  271 246 265 264 244  
  272 248 267 265 246  
  273 252 270 267 248  
  274 255 276 270 252  
  275 261 280 276 255  
  276 269 289 280 261  
  277 277 294 289 269  
  278 285 302 294 277  
  279 296 312 302 285  
  280 308 321 312 296  
  281 317 333 321 308  
  282 330 344 333 317  
  283 341 355 344 330  
  284 353 367 355 341  
  285 366 381 367 353  
  286 265 283 282 264  
  287 267 287 283 265  
  288 270 291 287 267  
  289 276 293 291 270  
  290 280 297 293 276  
  291 289 305 297 280  
  292 294 310 305 289  
  293 302 319 310 294  
  294 312 328 319 302  
  295 321 336 328 312  
  296 333 349 336 321  
  297 344 359 349 333  
  298 355 371 359 344  
  299 367 382 371 355  
  300 381 391 382 367  
  301 283 304 303 282  
  302 287 306 304 283  
  303 291 309 306 287  
  304 293 311 309 291  
  305 297 316 311 293  
  306 305 323 316 297  
  307 310 329 323 305  
  308 319 335 329 310  
  309 328 346 335 319  
  310 336 352 346 328  
  311 349 364 352 336  
  312 359 372 364 349  
  313 371 384 372 359  
  314 382 393 384 371  
  315 391 399 393 382  
  316 304 322 320 303  
  317 306 324 322 304  
  318 309 325 324 306  
  319 311 332 325 309  
  320 316 334 332 311  
  321 323 337 334 316  
  322 329 347 337 323  
  323 335 351 347 329  
  324 346 361 351 335  
  325 352 369 361 346  
  326 364 378 369 352  
  327 372 388 378 364  
  328 384 395 388 372  
  329 393 402 395 384  
  330 399 406 402 393  
  331 322 339 338 320  
  332 324 343 339 322  
  333 325 345 343 324  
  334 332 348 345 325  
  335 334 350 348 332  
  336 337 356 350 334  
  337 347 363 356 337  
  338 351 370 363 347  
  339 361 376 370 351  
  340 369 385 376 361  
  341 378 392 385 369  
  342 388 398 392 378  
  343 395 403 398 388  
  344 402 407 403 395  
  345 406 411 407 402  
  346 339 358 357 338  
  347 343 360 358 339  
  348 345 362 360 343  
  349 348 365 362 345  
  350 350 368 365 348  
  351 356 373 368 350  
  352 363 380 373 356  
  353 370 386 380 363  
  354 376 390 386 370  
  355 385 396 390 376  
  356 392 401 396 385  
  357 398 405 401 392  
  358 403 409 405 398  
  359 407 412 409 403  
  360 411 414 412 407  
  361 358 375 374 357  
  362 360 377 375 358  
  363 362 379 377 360  
  364 365 383 379 362  
  365 368 387 383 365  
  366 373 389 387 368  
  367 380 394 389 373  
  368 386 397 394 380  
  369 390 400 397 386  
  370 396 404 400 390  
  371 401 408 404 396  
  372 405 410 408 401  
  373 409 413 410 405  
  374 412 415 413 409  
  375 414 416 415 412  
  END_ELEMENTS  
  COORDINATES  
   1   2.000000e+00 -6.000000e+00   
   2   2.000000e+00 -5.520000e+00   
   3   2.533333e+00 -6.000000e+00   
   4   2.533333e+00 -5.520000e+00   
   5   2.000000e+00 -5.040000e+00   
   6   3.066667e+00 -6.000000e+00   
   7   2.533333e+00 -5.040000e+00   
   8   3.066667e+00 -5.520000e+00   
   9   3.066667e+00 -5.040000e+00   
   10   2.000000e+00 -4.560000e+00   
   11   2.533333e+00 -4.560000e+00   
   12   3.600000e+00 -6.000000e+00   
   13   3.600000e+00 -5.520000e+00   
   14   3.066667e+00 -4.560000e+00   
   15   3.600000e+00 -5.040000e+00   
   16   2.000000e+00 -4.080000e+00   
   17   2.533333e+00 -4.080000e+00   
   18   4.133333e+00 -6.000000e+00   
   19   3.600000e+00 -4.560000e+00   
   20   4.133333e+00 -5.520000e+00   
   21   3.066667e+00 -4.080000e+00   
   22   4.133333e+00 -5.040000e+00   
   23   2.000000e+00 -3.600000e+00   
   24   2.533333e+00 -3.600000e+00   
   25   3.600000e+00 -4.080000e+00   
   26   4.133333e+00 -4.560000e+00   
   27   3.066667e+00 -3.600000e+00   
   28   4.666667e+00 -6.000000e+00   
   29   4.666667e+00 -5.520000e+00   
   30   4.666667e+00 -5.040000e+00   
   31   4.133333e+00 -4.080000e+00   
   32   2.000000e+00 -3.120000e+00   
   33   3.600000e+00 -3.600000e+00   
   34   2.533333e+00 -3.120000e+00   
   35   4.666667e+00 -4.560000e+00   
   36   3.066667e+00 -3.120000e+00   
   37   5.200000e+00 -6.000000e+00   
   38   4.133333e+00 -3.600000e+00   
   39   5.200000e+00 -5.520000e+00   
   40   4.666667e+00 -4.080000e+00   
   41   3.600000e+00 -3.120000e+00   
   42   5.200000e+00 -5.040000e+00   
   43   2.000000e+00 -2.640000e+00   
   44   2.533333e+00 -2.640000e+00   
   45   5.200000e+00 -4.560000e+00   
   46   3.066667e+00 -2.640000e+00   
   47   4.133333e+00 -3.120000e+00   
   48   4.666667e+00 -3.600000e+00   
   49   3.600000e+00 -2.640000e+00   
   50   5.200000e+00 -4.080000e+00   
   51   5.733333e+00 -6.000000e+00   
   52   5.733333e+00 -5.520000e+00   
   53   2.000000e+00 -2.160000e+00   
   54   5.733333e+00 -5.040000e+00   
   55   2.533333e+00 -2.160000e+00   
   56   4.666667e+00 -3.120000e+00   
   57   4.133333e+00 -2.640000e+00   
   58   3.066667e+00 -2.160000e+00   
   59   5.200000e+00 -3.600000e+00   
   60   5.733333e+00 -4.560000e+00   
   61   3.600000e+00 -2.160000e+00   
   62   5.733333e+00 -4.080000e+00   
   63   6.266667e+00 -6.000000e+00   
   64   4.666667e+00 -2.640000e+00   
   65   6.266667e+00 -5.520000e+00   
   66   5.200000e+00 -3.120000e+00   
   67   2.000000e+00 -1.680000e+00   
   68   2.533333e+00 -1.680000e+00   
   69   6.266667e+00 -5.040000e+00   
   70   4.133333e+00 -2.160000e+00   
   71   5.733333e+00 -3.600000e+00   
   72   3.066667e+00 -1.680000e+00   
   73   6.266667e+00 -4.560000e+00   
   74   3.600000e+00 -1.680000e+00   
   75   5.200000e+00 -2.640000e+00   
   76   4.666667e+00 -2.160000e+00   
   77   6.266667e+00 -4.080000e+00   
   78   5.733333e+00 -3.120000e+00   
   79   6.800000e+00 -6.000000e+00   
   80   2.000000e+00 -1.200000e+00   
   81   4.133333e+00 -1.680000e+00   
   82   6.800000e+00 -5.520000e+00   
   83   2.533333e+00 -1.200000e+00   
   84   6.800000e+00 -5.040000e+00   
   85   6.266667e+00 -3.600000e+00   
   86   3.066667e+00 -1.200000e+00   
   87   5.200000e+00 -2.160000e+00   
   88   6.800000e+00 -4.560000e+00   
   89   5.733333e+00 -2.640000e+00   
   90   3.600000e+00 -1.200000e+00   
   91   4.666667e+00 -1.680000e+00   
   92   6.266667e+00 -3.120000e+00   
   93   6.800000e+00 -4.080000e+00   
   94   4.133333e+00 -1.200000e+00   
   95   2.000000e+00 -7.200000e-01   
   96   2.533333e+00 -7.200000e-01   
   97   7.333333e+00 -6.000000e+00   
   98   7.333333e+00 -5.520000e+00   
   99   5.733333e+00 -2.160000e+00   
   100   6.800000e+00 -3.600000e+00   
   101   5.200000e+00 -1.680000e+00   
   102   3.066667e+00 -7.200000e-01   
   103   7.333333e+00 -5.040000e+00   
   104   6.266667e+00 -2.640000e+00   
   105   4.666667e+00 -1.200000e+00   
   106   3.600000e+00 -7.200000e-01   
   107   7.333333e+00 -4.560000e+00   
   108   6.800000e+00 -3.120000e+00   
   109   7.333333e+00 -4.080000e+00   
   110   4.133333e+00 -7.200000e-01   
   111   5.733333e+00 -1.680000e+00   
   112   6.266667e+00 -2.160000e+00   
   113   2.000000e+00 -2.400000e-01   
   114   5.200000e+00 -1.200000e+00   
   115   2.533333e+00 -2.400000e-01   
   116   7.333333e+00 -3.600000e+00   
   117   3.066667e+00 -2.400000e-01   
   118   6.800000e+00 -2.640000e+00   
   119   7.866667e+00 -6.000000e+00   
   120   7.866667e+00 -5.520000e+00   
   121   4.666667e+00 -7.200000e-01   
   122   7.866667e+00 -5.040000e+00   
   123   3.600000e+00 -2.400000e-01   
   124   7.866667e+00 -4.560000e+00   
   125   7.333333e+00 -3.120000e+00   
   126   6.266667e+00 -1.680000e+00   
   127   5.733333e+00 -1.200000e+00   
   128   4.133333e+00 -2.400000e-01   
   129   6.800000e+00 -2.160000e+00   
   130   7.866667e+00 -4.080000e+00   
   131   5.200000e+00 -7.200000e-01   
   132   2.000000e+00  2.400000e-01   
   133   2.533333e+00  2.400000e-01   
   134   7.333333e+00 -2.640000e+00   
   135   3.066667e+00  2.400000e-01   
   136   7.866667e+00 -3.600000e+00   
   137   4.666667e+00 -2.400000e-01   
   138   8.400000e+00 -6.000000e+00   
   139   8.400000e+00 -5.520000e+00   
   140   6.266667e+00 -1.200000e+00   
   141   3.600000e+00  2.400000e-01   
   142   6.800000e+00 -1.680000e+00   
   143   5.733333e+00 -7.200000e-01   
   144   8.400000e+00 -5.040000e+00   
   145   7.866667e+00 -3.120000e+00   
   146   8.400000e+00 -4.560000e+00   
   147   7.333333e+00 -2.160000e+00   
   148   5.200000e+00 -2.400000e-01   
   149   4.133333e+00  2.400000e-01   
   150   8.400000e+00 -4.080000e+00   
   151   2.000000e+00  7.200000e-01   
   152   2.533333e+00  7.200000e-01   
   153   7.866667e+00 -2.640000e+00   
   154   4.666667e+00  2.400000e-01   
   155   6.800000e+00 -1.200000e+00   
   156   6.266667e+00 -7.200000e-01   
   157   3.066667e+00  7.200000e-01   
   158   8.400000e+00 -3.600000e+00   
   159   7.333333e+00 -1.680000e+00   
   160   5.733333e+00 -2.400000e-01   
   161   3.600000e+00  7.200000e-01   
   162   8.933333e+00 -6.000000e+00   
   163   8.933333e+00 -5.520000e+00   
   164   8.933333e+00 -5.040000e+00   
   165   7.866667e+00 -2.160000e+00   
   166   5.200000e+00  2.400000e-01   
   167   8.400000e+00 -3.120000e+00   
   168   4.133333e+00  7.200000e-01   
   169   8.933333e+00 -4.560000e+00   
   170   6.800000e+00 -7.200000e-01   
   171   6.266667e+00 -2.400000e-01   
   172   7.333333e+00 -1.200000e+00   
   173   8.933333e+00 -4.080000e+00   
   174   2.000000e+00  1.200000e+00   
   175   2.533333e+00  1.200000e+00   
   176   8.400000e+00 -2.640000e+00   
   177   4.666667e+00  7.200000e-01   
   178   5.733333e+00  2.400000e-01   
   179   3.066667e+00  1.200000e+00   
   180   7.866667e+00 -1.680000e+00   
   181   8.933333e+00 -3.600000e+00   
   182   3.600000e+00  1.200000e+00   
   183   5.200000e+00  7.200000e-01   
   184   8.400000e+00 -2.160000e+00   
   185   9.466667e+00 -6.000000e+00   
   186   9.466667e+00 -5.520000e+00   
   187   6.800000e+00 -2.400000e-01   
   188   7.333333e+00 -7.200000e-01   
   189   8.933333e+00 -3.120000e+00   
   190   4.133333e+00  1.200000e+00   
   191   9.466667e+00 -5.040000e+00   
   192   6.266667e+00  2.400000e-01   
   193   7.866667e+00 -1.200000e+00   
   194   9.466667e+00 -4.560000e+00   
   195   4.666667e+00  1.200000e+00   
   196   2.000000e+00  1.680000e+00   
   197   5.733333e+00  7.200000e-01   
   198   2.533333e+00  1.680000e+00   
   199   8.933333e+00 -2.640000e+00   
   200   9.466667e+00 -4.080000e+00   
   201   8.400000e+00 -1.680000e+00   
   202   3.066667e+00  1.680000e+00   
   203   9.466667e+00 -3.600000e+00   
   204   3.600000e+00  1.680000e+00   
   205   7.333333e+00 -2.400000e-01   
   206   6.800000e+00  2.400000e-01   
   207   5.200000e+00  1.200000e+00   
   208   7.866667e+00 -7.200000e-01   
   209   8.933333e+00 -2.160000e+00   
   210   6.266667e+00  7.200000e-01   
   211   4.133333e+00  1.680000e+00   
   212   1.000000e+01 -6.000000e+00   
   213   8.400000e+00 -1.200000e+00   
   214   9.466667e+00 -3.120000e+00   
   215   1.000000e+01 -5.520000e+00   
   216   1.000000e+01 -5.040000e+00   
   217   5.733333e+00  1.200000e+00   
   218   1.000000e+01 -4.560000e+00   
   219   4.666667e+00  1.680000e+00   
   220   2.000000e+00  2.160000e+00   
   221   8.933333e+00 -1.680000e+00   
   222   2.533333e+00  2.160000e+00   
   223   9.466667e+00 -2.640000e+00   
   224   7.333333e+00  2.400000e-01   
   225   7.866667e+00 -2.400000e-01   
   226   1.000000e+01 -4.080000e+00   
   227   3.066667e+00  2.160000e+00   
   228   6.800000e+00  7.200000e-01   
   229   8.400000e+00 -7.200000e-01   
   230   3.600000e+00  2.160000e+00   
   231   5.200000e+00  1.680000e+00   
   232   1.000000e+01 -3.600000e+00   
   233   6.266667e+00  1.200000e+00   
   234   9.466667e+00 -2.160000e+00   
   235   8.933333e+00 -1.200000e+00   
   236   4.133333e+00  2.160000e+00   
   237   1.000000e+01 -3.120000e+00   
   238   5.733333e+00  1.680000e+00   
   239   7.866667e+00  2.400000e-01   
   240   7.333333e+00  7.200000e-01   
   241   4.666667e+00  2.160000e+00   
   242   8.400000e+00 -2.400000e-01   
   243   9.466667e+00 -1.680000e+00   
   244   2.000000e+00  2.640000e+00   
   245   6.800000e+00  1.200000e+00   
   246   2.533333e+00  2.640000e+00   
   247   1.000000e+01 -2.640000e+00   
   248   3.066667e+00  2.640000e+00   
   249   8.933333e+00 -7.200000e-01   
   250   5.200000e+00  2.160000e+00   
   251   6.266667e+00  1.680000e+00   
   252   3.600000e+00  2.640000e+00   
   253   1.000000e+01 -2.160000e+00   
   254   9.466667e+00 -1.200000e+00   
   255   4.133333e+00  2.640000e+00   
   256   7.866667e+00  7.200000e-01   
   257   8.400000e+00  2.400000e-01   
   258   7.333333e+00  1.200000e+00   
   259   5.733333e+00  2.160000e+00   
   260   8.933333e+00 -2.400000e-01   
   261   4.666667e+00  2.640000e+00   
   262   6.800000e+00  1.680000e+00   
   263   1.000000e+01 -1.680000e+00   
   264   2.000000e+00  3.120000e+00   
   265   2.533333e+00  3.120000e+00   
   266   9.466667e+00 -7.200000e-01   
   267   3.066667e+00  3.120000e+00   
   268   6.266667e+00  2.160000e+00   
   269   5.200000e+00  2.640000e+00   
   270   3.600000e+00  3.120000e+00   
   271   8.400000e+00  7.200000e-01   
   272   7.866667e+00  1.200000e+00   
   273   8.933333e+00  2.400000e-01   
   274   1.000000e+01 -1.200000e+00   
   275   7.333333e+00  1.680000e+00   
   276   4.133333e+00  3.120000e+00   
   277   5.733333e+00  2.640000e+00   
   278   9.466667e+00 -2.400000e-01   
   279   6.800000e+00  2.160000e+00   
   280   4.666667e+00  3.120000e+00   
   281   1.000000e+01 -7.200000e-01   
   282   2.000000e+00  3.600000e+00   
   283   2.533333e+00  3.600000e+00   
   284   8.400000e+00  1.200000e+00   
   285   6.266667e+00  2.640000e+00   
   286   8.933333e+00  7.200000e-01   
   287   3.066667e+00  3.600000e+00   
   288   7.866667e+00  1.680000e+00   
   289   5.200000e+00  3.120000e+00   
   290   9.466667e+00  2.400000e-01   
   291   3.600000e+00  3.600000e+00   
   292   7.333333e+00  2.160000e+00   
   293   4.133333e+00  3.600000e+00   
   294   5.733333e+00  3.120000e+00   
   295   1.000000e+01 -2.400000e-01   
   296   6.800000e+00  2.640000e+00   
   297   4.666667e+00  3.600000e+00   
   298   8.933333e+00  1.200000e+00   
   299   8.400000e+00  1.680000e+00   
   300   9.466667e+00  7.200000e-01   
   301   7.866667e+00  2.160000e+00   
   302   6.266667e+00  3.120000e+00   
   303   2.000000e+00  4.080000e+00   
   304   2.533333e+00  4.080000e+00   
   305   5.200000e+00  3.600000e+00   
   306   3.066667e+00  4.080000e+00   
   307   1.000000e+01  2.400000e-01   
   308   7.333333e+00  2.640000e+00   
   309   3.600000e+00  4.080000e+00   
   310   5.733333e+00  3.600000e+00   
   311   4.133333e+00  4.080000e+00   
   312   6.800000e+00  3.120000e+00   
   313   8.933333e+00  1.680000e+00   
   314   8.400000e+00  2.160000e+00   
   315   9.466667e+00  1.200000e+00   
   316   4.666667e+00  4.080000e+00   
   317   7.866667e+00  2.640000e+00   
   318   1.000000e+01  7.200000e-01   
   319   6.266667e+00  3.600000e+00   
   320   2.000000e+00  4.560000e+00   
   321   7.333333e+00  3.120000e+00   
   322   2.533333e+00  4.560000e+00   
   323   5.200000e+00  4.080000e+00   
   324   3.066667e+00  4.560000e+00   
   325   3.600000e+00  4.560000e+00   
   326   8.933333e+00  2.160000e+00   
   327   9.466667e+00  1.680000e+00   
   328   6.800000e+00  3.600000e+00   
   329   5.733333e+00  4.080000e+00   
   330   8.400000e+00  2.640000e+00   
   331   1.000000e+01  1.200000e+00   
   332   4.133333e+00  4.560000e+00   
   333   7.866667e+00  3.120000e+00   
   334   4.666667e+00  4.560000e+00   
   335   6.266667e+00  4.080000e+00   
   336   7.333333e+00  3.600000e+00   
   337   5.200000e+00  4.560000e+00   
   338   2.000000e+00  5.040000e+00   
   339   2.533333e+00  5.040000e+00   
   340   9.466667e+00  2.160000e+00   
   341   8.933333e+00  2.640000e+00   
   342   1.000000e+01  1.680000e+00   
   343   3.066667e+00  5.040000e+00   
   344   8.400000e+00  3.120000e+00   
   345   3.600000e+00  5.040000e+00   
   346   6.800000e+00  4.080000e+00   
   347   5.733333e+00  4.560000e+00   
   348   4.133333e+00  5.040000e+00   
   349   7.866667e+00  3.600000e+00   
   350   4.666667e+00  5.040000e+00   
   351   6.266667e+00  4.560000e+00   
   352   7.333333e+00  4.080000e+00   
   353   9.466667e+00  2.640000e+00   
   354   1.000000e+01  2.160000e+00   
   355   8.933333e+00  3.120000e+00   
   356   5.200000e+00  5.040000e+00   
   357   2.000000e+00  5.520000e+00   
   358   2.533333e+00  5.520000e+00   
   359   8.400000e+00  3.600000e+00   
   360   3.066667e+00  5.520000e+00   
   361   6.800000e+00  4.560000e+00   
   362   3.600000e+00  5.520000e+00   
   363   5.733333e+00  5.040000e+00   
   364   7.866667e+00  4.080000e+00   
   365   4.133333e+00  5.520000e+00   
   366   1.000000e+01  2.640000e+00   
   367   9.466667e+00  3.120000e+00   
   368   4.666667e+00  5.520000e+00   
   369   7.333333e+00  4.560000e+00   
   370   6.266667e+00  5.040000e+00   
   371   8.933333e+00  3.600000e+00   
   372   8.400000e+00  4.080000e+00   
   373   5.200000e+00  5.520000e+00   
   374   2.000000e+00  6.000000e+00   
   375   2.533333e+00  6.000000e+00   
   376   6.800000e+00  5.040000e+00   
   377   3.066667e+00  6.000000e+00   
   378   7.866667e+00  4.560000e+00   
   379   3.600000e+00  6.000000e+00   
   380   5.733333e+00  5.520000e+00   
   381   1.000000e+01  3.120000e+00   
   382   9.466667e+00  3.600000e+00   
   383   4.133333e+00  6.000000e+00   
   384   8.933333e+00  4.080000e+00   
   385   7.333333e+00  5.040000e+00   
   386   6.266667e+00  5.520000e+00   
   387   4.666667e+00  6.000000e+00   
   388   8.400000e+00  4.560000e+00   
   389   5.200000e+00  6.000000e+00   
   390   6.800000e+00  5.520000e+00   
   391   1.000000e+01  3.600000e+00   
   392   7.866667e+00  5.040000e+00   
   393   9.466667e+00  4.080000e+00   
   394   5.733333e+00  6.000000e+00   
   395   8.933333e+00  4.560000e+00   
   396   7.333333e+00  5.520000e+00   
   397   6.266667e+00  6.000000e+00   
   398   8.400000e+00  5.040000e+00   
   399   1.000000e+01  4.080000e+00   
   400   6.800000e+00  6.000000e+00   
   401   7.866667e+00  5.520000e+00   
   402   9.466667e+00  4.560000e+00   
   403   8.933333e+00  5.040000e+00   
   404   7.333333e+00  6.000000e+00   
   405   8.400000e+00  5.520000e+00   
   406   1.000000e+01  4.560000e+00   
   407   9.466667e+00  5.040000e+00   
   408   7.866667e+00  6.000000e+00   
   409   8.933333e+00  5.520000e+00   
   410   8.400000e+00  6.000000e+00   
   411   1.000000e+01  5.040000e+00   
   412   9.466667e+00  5.520000e+00   
   413   8.933333e+00  6.000000e+00   
   414   1.000000e+01  5.520000e+00   
   415   9.466667e+00  6.000000e+00   
   416   1.000000e+01  6.000000e+00   
  END_COORDINATES
  BOUNDARIES, ELEMENT
    1         1     3         1     
    2         2     1         1     
    3         3     6         2     
    4         6     12         3     
    5         12     18         4     
    6         18     28         5     
    7         28     37         6     
    8         37     51         7     
    9         51     63         8     
    10         63     79         9     
    11         79     97         10     
    12         97     119         11     
    13         119     138         12     
    14         138     162         13     
    15         162     185         14     
    16         185     212         15     
    17         212     215         15     
    18         5     2         16     
    19         215     216         30     
    20         10     5         31     
    21         216     218         45     
    22         16     10         46     
    23         218     226         60     
    24         23     16         61     
    25         226     232         75     
    26         32     23         76     
    27         232     237         90     
    28         43     32         91     
    29         237     247         105     
    30         53     43         106     
    31         247     253         120     
    32         67     53         121     
    33         253     263         135     
    34         80     67         136     
    35         263     274         150     
    36         95     80         151     
    37         274     281         165     
    38         113     95         166     
    39         281     295         180     
    40         132     113         181     
    41         295     307         195     
    42         151     132         196     
    43         307     318         210     
    44         174     151         211     
    45         318     331         225     
    46         196     174         226     
    47         331     342         240     
    48         220     196         241     
    49         342     354         255     
    50         244     220         256     
    51         354     366         270     
    52         264     244         271     
    53         366     381         285     
    54         282     264         286     
    55         381     391         300     
    56         303     282         301     
    57         391     399         315     
    58         320     303         316     
    59         399     406         330     
    60         338     320         331     
    61         406     411         345     
    62         357     338         346     
    63         411     414         360     
    64         375     374         361     
    65         374     357         361     
    66         377     375         362     
    67         379     377         363     
    68         383     379         364     
    69         387     383         365     
    70         389     387         366     
    71         394     389         367     
    72         397     394         368     
    73         400     397         369     
    74         404     400         370     
    75         408     404         371     
    76         410     408         372     
    77         413     410         373     
    78         415     413         374     
    79         414     416         375     
    80         416     415         375     
  END_BOUNDARIES
  MATERIALS
     1     0
     2     0
     3     0
     4     0
     5     0
     6     0
     7     0
     8     0
     9     0
     10     0
     11     0
     12     0
     13     0
     14     0
     15     0
     16     0
     17     0
     18     0
     19     0
     20     0
     21     0
     22     0
     23     0
     24     0
     25     0
     26     0
     27     0
     28     0
     29     0
     30     0
     31     0
     32     0
     33     0
     34     0
     35     0
     36     0
     37     0
     38     0
     39     0
     40     0
     41     0
     42     0
     43     0
     44     0
     45     0
     46     0
     47     0
     48     0
     49     0
     50     0
     51     0
     52     0
     53     0
     54     0
     55     0
     56     0
     57     0
     58     0
     59     0
     60     0
     61     0
     62     0
     63     0
     64     0
     65     0
     66     0
     67     0
     68     0
     69     0
     70     0
     71     0
     72     0
     73     0
     74     0
     75     0
     76     0
     77     0
     78     0
     79     0
     80     0
     81     0
     82     0
     83     0
     84     0
     85     0
     86     0
     87     0
     88     0
     89     0
     90     0
     91     0
     92     0
     93     0
     94     0
     95     0
     96     0
     97     0
     98     0
     99     0
     100     0
     101     0
     102     0
     103     0
     104     0
     105     0
     106     0
     107     0
     108     0
     109     0
     110     0
     111     0
     112     0
     113     0
     114     0
     115     0
     116     0
     117     0
     118     0
     119     0
     120     0
     121     0
     122     0
     123     0
     124     0
     125     0
     126     0
     127     0
     128     0
     129     0
     130     0
     131     0
     132     0
     133     0
     134     0
     135     0
     136     0
     137     0
     138     0
     139     0
     140     0
     141     0
     142     0
     143     0
     144     0
     145     0
     146     0
     147     0
     148     0
     149     0
     150     0
     151     0
     152     0
     153     0
     154     0
     155     0
     156     0
     157     0
     158     0
     159     0
     160     0
     161     0
     162     0
     163     0
     164     0
     165     0
     166     0
     167     0
     168     0
     169     0
     170     0
     171     0
     172     0
     173     0
     174     0
     175     0
     176     0
     177     0
     178     0
     179     0
     180     0
     181     0
     182     0
     183     0
     184     0
     185     0
     186     0
     187     0
     188     0
     189     0
     190     0
     191     0
     192     0
     193     0
     194     0
     195     0
     196     0
     197     0
     198     0
     199     0
     200     0
     201     0
     202     0
     203     0
     204     0
     205     0
     206     0
     207     0
     208     0
     209     0
     210     0
     211     0
     212     0
     213     0
     214     0
     215     0
     216     0
     217     0
     218     0
     219     0
     220     0
     221     0
     222     0
     223     0
     224     0
     225     0
     226     0
     227     0
     228     0
     229     0
     230     0
     231     0
     232     0
     233     0
     234     0
     235     0
     236     0
     237     0
     238     0
     239     0
     240     0
     241     0
     242     0
     243     0
     244     0
     245     0
     246     0
     247     0
     248     0
     249     0
     250     0
     251     0
     252     0
     253     0
     254     0
     255     0
     256     0
     257     0
     258     0
     259     0
     260     0
     261     0
     262     0
     263     0
     264     0
     265     0
     266     0
     267     0
     268     0
     269     0
     270     0
     271     0
     272     0
     273     0
     274     0
     275     0
     276     0
     277     0
     278     0
     279     0
     280     0
     281     0
     282     0
     283     0
     284     0
     285     0
     286     0
     287     0
     288     0
     289     0
     290     0
     291     0
     292     0
     293     0
     294     0
     295     0
     296     0
     297     0
     298     0
     299     0
     300     0
     301     0
     302     0
     303     0
     304     0
     305     0
     306     0
     307     0
     308     0
     309     0
     310     0
     311     0
     312     0
     313     0
     314     0
     315     0
     316     0
     317     0
     318     0
     319     0
     320     0
     321     0
     322     0
     323     0
     324     0
     325     0
     326     0
     327     0
     328     0
     329     0
     330     0
     331     0
     332     0
     333     0
     334     0
     335     0
     336     0
     337     0
     338     0
     339     0
     340     0
     341     0
     342     0
     343     0
     344     0
     345     0
     346     0
     347     0
     348     0
     349     0
     350     0
     351     0
     352     0
     353     0
     354     0
     355     0
     356     0
     357     0
     358     0
     359     0
     360     0
     361     0
     362     0
     363     0
     364     0
     365     0
     366     0
     367     0
     368     0
     369     0
     370     0
     371     0
     372     0
     373     0
     374     0
     375     0
  END_MATERIALS 
  SUBDOMAINS
  END_SUBDOMAINS
  CHARACTERISTICS
  END_CHARACTERISTICS
