  NODES_PER_ELEMENT
   1 4
   2 4
   3 4
   4 4
   5 4
   6 4
   7 4
   8 4
   9 4
   10 4
   11 4
   12 4
   13 4
   14 4
   15 4
   16 4
   17 4
   18 4
   19 4
   20 4
   21 4
   22 4
   23 4
   24 4
   25 4
   26 4
   27 4
   28 4
   29 4
   30 4
   31 4
   32 4
   33 4
   34 4
   35 4
   36 4
   37 4
   38 4
   39 4
   40 4
   41 4
   42 4
   43 4
   44 4
   45 4
   46 4
   47 4
   48 4
   49 4
   50 4
   51 4
   52 4
   53 4
   54 4
   55 4
   56 4
   57 4
   58 4
   59 4
   60 4
   61 4
   62 4
   63 4
   64 4
   65 4
   66 4
   67 4
   68 4
   69 4
   70 4
   71 4
   72 4
   73 4
   74 4
   75 4
   76 4
   77 4
   78 4
   79 4
   80 4
   81 4
   82 4
   83 4
   84 4
   85 4
   86 4
   87 4
   88 4
   89 4
   90 4
   91 4
   92 4
   93 4
   94 4
   95 4
   96 4
   97 4
   98 4
   99 4
   100 4
   101 4
   102 4
   103 4
   104 4
   105 4
   106 4
   107 4
   108 4
   109 4
   110 4
   111 4
   112 4
   113 4
   114 4
   115 4
   116 4
   117 4
   118 4
   119 4
   120 4
   121 4
   122 4
   123 4
   124 4
   125 4
   126 4
   127 4
   128 4
   129 4
   130 4
   131 4
   132 4
   133 4
   134 4
   135 4
   136 4
   137 4
   138 4
   139 4
   140 4
   141 4
   142 4
   143 4
   144 4
   145 4
   146 4
   147 4
   148 4
   149 4
   150 4
   151 4
   152 4
   153 4
   154 4
   155 4
   156 4
   157 4
   158 4
   159 4
   160 4
   161 4
   162 4
   163 4
   164 4
   165 4
   166 4
   167 4
   168 4
   169 4
   170 4
   171 4
   172 4
   173 4
   174 4
   175 4
   176 4
   177 4
   178 4
   179 4
   180 4
   181 4
   182 4
   183 4
   184 4
   185 4
   186 4
   187 4
   188 4
   189 4
   190 4
   191 4
   192 4
   193 4
   194 4
   195 4
   196 4
   197 4
   198 4
   199 4
   200 4
   201 4
   202 4
   203 4
   204 4
   205 4
   206 4
   207 4
   208 4
   209 4
   210 4
   211 4
   212 4
   213 4
   214 4
   215 4
   216 4
   217 4
   218 4
   219 4
   220 4
   221 4
   222 4
   223 4
   224 4
   225 4
   226 4
   227 4
   228 4
   229 4
   230 4
   231 4
   232 4
   233 4
   234 4
   235 4
   236 4
   237 4
   238 4
   239 4
   240 4
   241 4
   242 4
   243 4
   244 4
   245 4
   246 4
   247 4
   248 4
   249 4
   250 4
   251 4
   252 4
   253 4
   254 4
   255 4
   256 4
   257 4
   258 4
   259 4
   260 4
   261 4
   262 4
   263 4
   264 4
   265 4
   266 4
   267 4
   268 4
   269 4
   270 4
   271 4
   272 4
   273 4
   274 4
   275 4
   276 4
   277 4
   278 4
   279 4
   280 4
   281 4
   282 4
   283 4
   284 4
   285 4
   286 4
   287 4
   288 4
   289 4
   290 4
   291 4
   292 4
   293 4
   294 4
   295 4
   296 4
   297 4
   298 4
   299 4
   300 4
   301 4
   302 4
   303 4
   304 4
   305 4
   306 4
   307 4
   308 4
   309 4
   310 4
   311 4
   312 4
   313 4
   314 4
   315 4
   316 4
   317 4
   318 4
   319 4
   320 4
   321 4
   322 4
   323 4
   324 4
   325 4
   326 4
   327 4
   328 4
   329 4
   330 4
   331 4
   332 4
   333 4
   334 4
   335 4
   336 4
   337 4
   338 4
   339 4
   340 4
   341 4
   342 4
   343 4
   344 4
   345 4
   346 4
   347 4
   348 4
   349 4
   350 4
   351 4
   352 4
   353 4
   354 4
   355 4
   356 4
   357 4
   358 4
   359 4
   360 4
   361 4
   362 4
   363 4
   364 4
   365 4
   366 4
   367 4
   368 4
   369 4
   370 4
   371 4
   372 4
   373 4
   374 4
   375 4
   376 4
   377 4
   378 4
   379 4
   380 4
   381 4
   382 4
   383 4
   384 4
   385 4
   386 4
   387 4
   388 4
   389 4
   390 4
   391 4
   392 4
   393 4
   394 4
   395 4
   396 4
   397 4
   398 4
   399 4
   400 4
   401 4
   402 4
   403 4
   404 4
   405 4
   406 4
   407 4
   408 4
   409 4
   410 4
   411 4
   412 4
   413 4
   414 4
   415 4
   416 4
   417 4
   418 4
   419 4
   420 4
   421 4
   422 4
   423 4
   424 4
   425 4
   426 4
   427 4
   428 4
   429 4
   430 4
   431 4
   432 4
   433 4
   434 4
   435 4
   436 4
   437 4
   438 4
   439 4
   440 4
   441 4
   442 4
   443 4
   444 4
   445 4
   446 4
   447 4
   448 4
   449 4
   450 4
   451 4
   452 4
   453 4
   454 4
   455 4
   456 4
   457 4
   458 4
   459 4
   460 4
   461 4
   462 4
   463 4
   464 4
   465 4
   466 4
   467 4
   468 4
   469 4
   470 4
   471 4
   472 4
   473 4
   474 4
   475 4
   476 4
   477 4
   478 4
   479 4
   480 4
   481 4
   482 4
   483 4
   484 4
   485 4
   486 4
   487 4
   488 4
   489 4
   490 4
   491 4
   492 4
   493 4
   494 4
   495 4
   496 4
   497 4
   498 4
   499 4
   500 4
   501 4
   502 4
   503 4
   504 4
   505 4
   506 4
   507 4
   508 4
   509 4
   510 4
   511 4
   512 4
   513 4
   514 4
   515 4
   516 4
   517 4
   518 4
   519 4
   520 4
   521 4
   522 4
   523 4
   524 4
   525 4
   526 4
   527 4
   528 4
   529 4
   530 4
   531 4
   532 4
   533 4
   534 4
   535 4
   536 4
   537 4
   538 4
   539 4
   540 4
   541 4
   542 4
   543 4
   544 4
   545 4
   546 4
   547 4
   548 4
   549 4
   550 4
   551 4
   552 4
   553 4
   554 4
   555 4
   556 4
   557 4
   558 4
   559 4
   560 4
   561 4
   562 4
   563 4
   564 4
   565 4
   566 4
   567 4
   568 4
   569 4
   570 4
   571 4
   572 4
   573 4
   574 4
   575 4
   576 4
   577 4
   578 4
   579 4
   580 4
   581 4
   582 4
   583 4
   584 4
   585 4
   586 4
   587 4
   588 4
   589 4
   590 4
   591 4
   592 4
   593 4
   594 4
   595 4
   596 4
   597 4
   598 4
   599 4
   600 4
   601 4
   602 4
   603 4
   604 4
   605 4
   606 4
   607 4
   608 4
   609 4
   610 4
   611 4
   612 4
   613 4
   614 4
   615 4
   616 4
   617 4
   618 4
   619 4
   620 4
   621 4
   622 4
   623 4
   624 4
   625 4
   626 4
   627 4
   628 4
   629 4
   630 4
   631 4
   632 4
   633 4
   634 4
   635 4
   636 4
   637 4
   638 4
   639 4
   640 4
   641 4
   642 4
   643 4
   644 4
   645 4
   646 4
   647 4
   648 4
   649 4
   650 4
   651 4
   652 4
   653 4
   654 4
   655 4
   656 4
   657 4
   658 4
   659 4
   660 4
   661 4
   662 4
   663 4
   664 4
   665 4
   666 4
   667 4
   668 4
   669 4
   670 4
   671 4
   672 4
   673 4
   674 4
   675 4
   676 4
   677 4
   678 4
   679 4
   680 4
   681 4
   682 4
   683 4
   684 4
   685 4
   686 4
   687 4
   688 4
   689 4
   690 4
   691 4
   692 4
   693 4
   694 4
   695 4
   696 4
   697 4
   698 4
   699 4
   700 4
   701 4
   702 4
   703 4
   704 4
   705 4
   706 4
   707 4
   708 4
   709 4
   710 4
   711 4
   712 4
   713 4
   714 4
   715 4
   716 4
   717 4
   718 4
   719 4
   720 4
   721 4
   722 4
   723 4
   724 4
   725 4
   726 4
   727 4
   728 4
   729 4
   730 4
   731 4
   732 4
   733 4
   734 4
   735 4
   736 4
   737 4
   738 4
   739 4
   740 4
   741 4
   742 4
   743 4
   744 4
   745 4
   746 4
   747 4
   748 4
   749 4
   750 4
   751 4
   752 4
   753 4
   754 4
   755 4
   756 4
   757 4
   758 4
   759 4
   760 4
   761 4
   762 4
   763 4
   764 4
   765 4
   766 4
   767 4
   768 4
   769 4
   770 4
   771 4
   772 4
   773 4
   774 4
   775 4
   776 4
   777 4
   778 4
   779 4
   780 4
   781 4
   782 4
   783 4
   784 4
   785 4
   786 4
   787 4
   788 4
   789 4
   790 4
   791 4
   792 4
   793 4
   794 4
   795 4
   796 4
   797 4
   798 4
   799 4
   800 4
   801 4
   802 4
   803 4
   804 4
   805 4
   806 4
   807 4
   808 4
   809 4
   810 4
   811 4
   812 4
   813 4
   814 4
   815 4
   816 4
   817 4
   818 4
   819 4
   820 4
   821 4
   822 4
   823 4
   824 4
   825 4
   826 4
   827 4
   828 4
   829 4
   830 4
   831 4
   832 4
   833 4
   834 4
   835 4
   836 4
   837 4
   838 4
   839 4
   840 4
   841 4
   842 4
   843 4
   844 4
   845 4
   846 4
   847 4
   848 4
   849 4
   850 4
   851 4
   852 4
   853 4
   854 4
   855 4
   856 4
   857 4
   858 4
   859 4
   860 4
   861 4
   862 4
   863 4
   864 4
   865 4
   866 4
   867 4
   868 4
   869 4
   870 4
   871 4
   872 4
   873 4
   874 4
   875 4
   876 4
   877 4
   878 4
   879 4
   880 4
   881 4
   882 4
   883 4
   884 4
   885 4
   886 4
   887 4
   888 4
   889 4
   890 4
   891 4
   892 4
   893 4
   894 4
   895 4
   896 4
   897 4
   898 4
   899 4
   900 4
   901 4
   902 4
   903 4
   904 4
   905 4
   906 4
   907 4
   908 4
   909 4
   910 4
   911 4
   912 4
   913 4
   914 4
   915 4
   916 4
   917 4
   918 4
   919 4
   920 4
   921 4
   922 4
   923 4
   924 4
   925 4
   926 4
   927 4
   928 4
   929 4
   930 4
   931 4
   932 4
   933 4
   934 4
   935 4
   936 4
   937 4
   938 4
   939 4
   940 4
   941 4
   942 4
   943 4
   944 4
   945 4
   946 4
   947 4
   948 4
   949 4
   950 4
   951 4
   952 4
   953 4
   954 4
   955 4
   956 4
   957 4
   958 4
   959 4
   960 4
   961 4
   962 4
   963 4
   964 4
   965 4
   966 4
   967 4
   968 4
   969 4
   970 4
   971 4
   972 4
   973 4
   974 4
   975 4
   976 4
   977 4
   978 4
   979 4
   980 4
   981 4
   982 4
   983 4
   984 4
   985 4
   986 4
   987 4
   988 4
   989 4
   990 4
   991 4
   992 4
   993 4
   994 4
   995 4
   996 4
   997 4
   998 4
   999 4
   1000 4
  END_NODES_PER_ELEMENT
  ELEMENTS
  1 2 4 3 1  
  2 5 7 4 2  
  3 10 12 7 5  
  4 16 18 12 10  
  5 25 27 18 16  
  6 34 36 27 25  
  7 44 46 36 34  
  8 57 59 46 44  
  9 72 74 59 57  
  10 89 91 74 72  
  11 105 107 91 89  
  12 122 126 107 105  
  13 143 147 126 122  
  14 168 170 147 143  
  15 191 195 170 168  
  16 215 217 195 191  
  17 241 247 217 215  
  18 270 272 247 241  
  19 301 303 272 270  
  20 333 336 303 301  
  21 364 367 336 333  
  22 401 404 367 364  
  23 437 441 404 401  
  24 473 474 441 437  
  25 514 518 474 473  
  26 4 8 6 3  
  27 7 9 8 4  
  28 12 15 9 7  
  29 18 22 15 12  
  30 27 29 22 18  
  31 36 38 29 27  
  32 46 52 38 36  
  33 59 64 52 46  
  34 74 77 64 59  
  35 91 94 77 74  
  36 107 109 94 91  
  37 126 131 109 107  
  38 147 151 131 126  
  39 170 172 151 147  
  40 195 196 172 170  
  41 217 219 196 195  
  42 247 250 219 217  
  43 272 278 250 247  
  44 303 305 278 272  
  45 336 338 305 303  
  46 367 370 338 336  
  47 404 407 370 367  
  48 441 443 407 404  
  49 474 479 443 441  
  50 518 523 479 474  
  51 8 13 11 6  
  52 9 14 13 8  
  53 15 20 14 9  
  54 22 23 20 15  
  55 29 32 23 22  
  56 38 42 32 29  
  57 52 53 42 38  
  58 64 67 53 52  
  59 77 83 67 64  
  60 94 98 83 77  
  61 109 116 98 94  
  62 131 135 116 109  
  63 151 153 135 131  
  64 172 179 153 151  
  65 196 203 179 172  
  66 219 225 203 196  
  67 250 255 225 219  
  68 278 281 255 250  
  69 305 311 281 278  
  70 338 342 311 305  
  71 370 376 342 338  
  72 407 414 376 370  
  73 443 447 414 407  
  74 479 488 447 443  
  75 523 525 488 479  
  76 13 19 17 11  
  77 14 21 19 13  
  78 20 24 21 14  
  79 23 31 24 20  
  80 32 40 31 23  
  81 42 49 40 32  
  82 53 60 49 42  
  83 67 70 60 53  
  84 83 84 70 67  
  85 98 101 84 83  
  86 116 120 101 98  
  87 135 138 120 116  
  88 153 159 138 135  
  89 179 182 159 153  
  90 203 204 182 179  
  91 225 231 204 203  
  92 255 257 231 225  
  93 281 287 257 255  
  94 311 317 287 281  
  95 342 348 317 311  
  96 376 381 348 342  
  97 414 416 381 376  
  98 447 452 416 414  
  99 488 492 452 447  
  100 525 532 492 488  
  101 19 28 26 17  
  102 21 30 28 19  
  103 24 33 30 21  
  104 31 41 33 24  
  105 40 47 41 31  
  106 49 56 47 40  
  107 60 69 56 49  
  108 70 81 69 60  
  109 84 96 81 70  
  110 101 112 96 84  
  111 120 129 112 101  
  112 138 145 129 120  
  113 159 165 145 138  
  114 182 189 165 159  
  115 204 213 189 182  
  116 231 238 213 204  
  117 257 265 238 231  
  118 287 293 265 257  
  119 317 321 293 287  
  120 348 356 321 317  
  121 381 389 356 348  
  122 416 424 389 381  
  123 452 461 424 416  
  124 492 498 461 452  
  125 532 537 498 492  
  126 28 37 35 26  
  127 30 39 37 28  
  128 33 43 39 30  
  129 41 50 43 33  
  130 47 55 50 41  
  131 56 65 55 47  
  132 69 79 65 56  
  133 81 87 79 69  
  134 96 103 87 81  
  135 112 118 103 96  
  136 129 136 118 112  
  137 145 155 136 129  
  138 165 176 155 145  
  139 189 198 176 165  
  140 213 224 198 189  
  141 238 248 224 213  
  142 265 273 248 238  
  143 293 299 273 265  
  144 321 330 299 293  
  145 356 362 330 321  
  146 389 393 362 356  
  147 424 428 393 389  
  148 461 466 428 424  
  149 498 505 466 461  
  150 537 547 505 498  
  151 37 48 45 35  
  152 39 51 48 37  
  153 43 54 51 39  
  154 50 61 54 43  
  155 55 68 61 50  
  156 65 78 68 55  
  157 79 86 78 65  
  158 87 99 86 79  
  159 103 117 99 87  
  160 118 132 117 103  
  161 136 149 132 118  
  162 155 164 149 136  
  163 176 184 164 155  
  164 198 210 184 176  
  165 224 233 210 198  
  166 248 258 233 224  
  167 273 286 258 248  
  168 299 315 286 273  
  169 330 344 315 299  
  170 362 375 344 330  
  171 393 409 375 362  
  172 428 442 409 393  
  173 466 478 442 428  
  174 505 516 478 466  
  175 547 552 516 505  
  176 48 62 58 45  
  177 51 63 62 48  
  178 54 66 63 51  
  179 61 71 66 54  
  180 68 80 71 61  
  181 78 88 80 68  
  182 86 100 88 78  
  183 99 113 100 86  
  184 117 125 113 99  
  185 132 141 125 117  
  186 149 161 141 132  
  187 164 180 161 149  
  188 184 200 180 164  
  189 210 220 200 184  
  190 233 240 220 210  
  191 258 268 240 233  
  192 286 295 268 258  
  193 315 323 295 286  
  194 344 354 323 315  
  195 375 387 354 344  
  196 409 419 387 375  
  197 442 456 419 409  
  198 478 493 456 442  
  199 516 529 493 478  
  200 552 567 529 516  
  201 62 75 73 58  
  202 63 76 75 62  
  203 66 82 76 63  
  204 71 85 82 66  
  205 80 95 85 71  
  206 88 104 95 80  
  207 100 114 104 88  
  208 113 124 114 100  
  209 125 140 124 113  
  210 141 158 140 125  
  211 161 174 158 141  
  212 180 193 174 161  
  213 200 211 193 180  
  214 220 236 211 200  
  215 240 261 236 220  
  216 268 282 261 240  
  217 295 314 282 268  
  218 323 340 314 295  
  219 354 366 340 323  
  220 387 395 366 354  
  221 419 434 395 387  
  222 456 469 434 419  
  223 493 503 469 456  
  224 529 545 503 493  
  225 567 576 545 529  
  226 75 92 90 73  
  227 76 93 92 75  
  228 82 97 93 76  
  229 85 102 97 82  
  230 95 110 102 85  
  231 104 119 110 95  
  232 114 133 119 104  
  233 124 142 133 114  
  234 140 157 142 124  
  235 158 171 157 140  
  236 174 187 171 158  
  237 193 208 187 174  
  238 211 229 208 193  
  239 236 252 229 211  
  240 261 277 252 236  
  241 282 297 277 261  
  242 314 326 297 282  
  243 340 352 326 314  
  244 366 385 352 340  
  245 395 415 385 366  
  246 434 448 415 395  
  247 469 483 448 434  
  248 503 521 483 469  
  249 545 554 521 503  
  250 576 590 554 545  
  251 92 108 106 90  
  252 93 111 108 92  
  253 97 115 111 93  
  254 102 121 115 97  
  255 110 128 121 102  
  256 119 137 128 110  
  257 133 148 137 119  
  258 142 160 148 133  
  259 157 175 160 142  
  260 171 188 175 157  
  261 187 206 188 171  
  262 208 227 206 187  
  263 229 244 227 208  
  264 252 267 244 229  
  265 277 291 267 252  
  266 297 318 291 277  
  267 326 347 318 297  
  268 352 371 347 326  
  269 385 399 371 352  
  270 415 433 399 385  
  271 448 465 433 415  
  272 483 500 465 448  
  273 521 536 500 483  
  274 554 572 536 521  
  275 590 604 572 554  
  276 108 127 123 106  
  277 111 130 127 108  
  278 115 134 130 111  
  279 121 139 134 115  
  280 128 146 139 121  
  281 137 156 146 128  
  282 148 163 156 137  
  283 160 181 163 148  
  284 175 190 181 160  
  285 188 207 190 175  
  286 206 226 207 188  
  287 227 239 226 206  
  288 244 262 239 227  
  289 267 290 262 244  
  290 291 309 290 267  
  291 318 332 309 291  
  292 347 361 332 318  
  293 371 391 361 347  
  294 399 420 391 371  
  295 433 450 420 399  
  296 465 485 450 433  
  297 500 520 485 465  
  298 536 550 520 500  
  299 572 581 550 536  
  300 604 614 581 572  
  301 127 150 144 123  
  302 130 152 150 127  
  303 134 154 152 130  
  304 139 162 154 134  
  305 146 166 162 139  
  306 156 178 166 146  
  307 163 185 178 156  
  308 181 201 185 163  
  309 190 214 201 181  
  310 207 230 214 190  
  311 226 245 230 207  
  312 239 263 245 226  
  313 262 284 263 239  
  314 290 306 284 262  
  315 309 329 306 290  
  316 332 355 329 309  
  317 361 384 355 332  
  318 391 411 384 361  
  319 420 438 411 391  
  320 450 470 438 420  
  321 485 501 470 450  
  322 520 541 501 485  
  323 550 574 541 520  
  324 581 600 574 550  
  325 614 630 600 581  
  326 150 169 167 144  
  327 152 173 169 150  
  328 154 177 173 152  
  329 162 183 177 154  
  330 166 186 183 162  
  331 178 199 186 166  
  332 185 209 199 178  
  333 201 221 209 185  
  334 214 235 221 201  
  335 230 253 235 214  
  336 245 266 253 230  
  337 263 289 266 245  
  338 284 307 289 263  
  339 306 327 307 284  
  340 329 350 327 306  
  341 355 380 350 329  
  342 384 406 380 355  
  343 411 430 406 384  
  344 438 462 430 411  
  345 470 495 462 438  
  346 501 527 495 470  
  347 541 558 527 501  
  348 574 587 558 541  
  349 600 617 587 574  
  350 630 646 617 600  
  351 169 194 192 167  
  352 173 197 194 169  
  353 177 202 197 173  
  354 183 205 202 177  
  355 186 212 205 183  
  356 199 223 212 186  
  357 209 234 223 199  
  358 221 243 234 209  
  359 235 260 243 221  
  360 253 276 260 235  
  361 266 292 276 253  
  362 289 310 292 266  
  363 307 328 310 289  
  364 327 351 328 307  
  365 350 377 351 327  
  366 380 396 377 350  
  367 406 427 396 380  
  368 430 458 427 406  
  369 462 489 458 430  
  370 495 513 489 462  
  371 527 548 513 495  
  372 558 578 548 527  
  373 587 606 578 558  
  374 617 634 606 587  
  375 646 661 634 617  
  376 194 218 216 192  
  377 197 222 218 194  
  378 202 228 222 197  
  379 205 232 228 202  
  380 212 237 232 205  
  381 223 249 237 212  
  382 234 259 249 223  
  383 243 269 259 234  
  384 260 283 269 243  
  385 276 298 283 260  
  386 292 320 298 276  
  387 310 335 320 292  
  388 328 357 335 310  
  389 351 379 357 328  
  390 377 398 379 351  
  391 396 425 398 377  
  392 427 455 425 396  
  393 458 480 455 427  
  394 489 509 480 458  
  395 513 542 509 489  
  396 548 570 542 513  
  397 578 598 570 548  
  398 606 624 598 578  
  399 634 650 624 606  
  400 661 675 650 634  
  401 218 246 242 216  
  402 222 251 246 218  
  403 228 254 251 222  
  404 232 256 254 228  
  405 237 264 256 232  
  406 249 275 264 237  
  407 259 285 275 249  
  408 269 296 285 259  
  409 283 312 296 269  
  410 298 325 312 283  
  411 320 345 325 298  
  412 335 360 345 320  
  413 357 383 360 335  
  414 379 405 383 357  
  415 398 426 405 379  
  416 425 453 426 398  
  417 455 476 453 425  
  418 480 507 476 455  
  419 509 534 507 480  
  420 542 564 534 509  
  421 570 593 564 542  
  422 598 619 593 570  
  423 624 643 619 598  
  424 650 668 643 624  
  425 675 694 668 650  
  426 246 274 271 242  
  427 251 279 274 246  
  428 254 280 279 251  
  429 256 288 280 254  
  430 264 294 288 256  
  431 275 300 294 264  
  432 285 316 300 275  
  433 296 324 316 285  
  434 312 341 324 296  
  435 325 353 341 312  
  436 345 372 353 325  
  437 360 392 372 345  
  438 383 413 392 360  
  439 405 431 413 383  
  440 426 459 431 405  
  441 453 481 459 426  
  442 476 508 481 453  
  443 507 533 508 476  
  444 534 562 533 507  
  445 564 585 562 534  
  446 593 612 585 564  
  447 619 639 612 593  
  448 643 666 639 619  
  449 668 687 666 643  
  450 694 711 687 668  
  451 274 304 302 271  
  452 279 308 304 274  
  453 280 313 308 279  
  454 288 319 313 280  
  455 294 322 319 288  
  456 300 331 322 294  
  457 316 346 331 300  
  458 324 358 346 316  
  459 341 368 358 324  
  460 353 386 368 341  
  461 372 400 386 353  
  462 392 421 400 372  
  463 413 439 421 392  
  464 431 463 439 413  
  465 459 490 463 431  
  466 481 510 490 459  
  467 508 538 510 481  
  468 533 563 538 508  
  469 562 583 563 533  
  470 585 610 583 562  
  471 612 636 610 585  
  472 639 658 636 612  
  473 666 682 658 639  
  474 687 708 682 666  
  475 711 732 708 687  
  476 304 337 334 302  
  477 308 339 337 304  
  478 313 343 339 308  
  479 319 349 343 313  
  480 322 359 349 319  
  481 331 363 359 322  
  482 346 374 363 331  
  483 358 388 374 346  
  484 368 397 388 358  
  485 386 418 397 368  
  486 400 432 418 386  
  487 421 451 432 400  
  488 439 471 451 421  
  489 463 496 471 439  
  490 490 512 496 463  
  491 510 543 512 490  
  492 538 565 543 510  
  493 563 584 565 538  
  494 583 609 584 563  
  495 610 632 609 583  
  496 636 652 632 610  
  497 658 679 652 636  
  498 682 703 679 658  
  499 708 725 703 682  
  500 732 750 725 708  
  501 337 369 365 334  
  502 339 373 369 337  
  503 343 378 373 339  
  504 349 382 378 343  
  505 359 390 382 349  
  506 363 394 390 359  
  507 374 410 394 363  
  508 388 422 410 374  
  509 397 435 422 388  
  510 418 449 435 397  
  511 432 464 449 418  
  512 451 486 464 432  
  513 471 504 486 451  
  514 496 528 504 471  
  515 512 549 528 496  
  516 543 571 549 512  
  517 565 594 571 543  
  518 584 611 594 565  
  519 609 637 611 584  
  520 632 654 637 609  
  521 652 677 654 632  
  522 679 700 677 652  
  523 703 724 700 679  
  524 725 744 724 703  
  525 750 768 744 725  
  526 369 403 402 365  
  527 373 408 403 369  
  528 378 412 408 373  
  529 382 417 412 378  
  530 390 423 417 382  
  531 394 429 423 390  
  532 410 444 429 394  
  533 422 457 444 410  
  534 435 467 457 422  
  535 449 484 467 435  
  536 464 499 484 449  
  537 486 519 499 464  
  538 504 540 519 486  
  539 528 559 540 504  
  540 549 579 559 528  
  541 571 597 579 549  
  542 594 618 597 571  
  543 611 638 618 594  
  544 637 656 638 611  
  545 654 678 656 637  
  546 677 698 678 654  
  547 700 721 698 677  
  548 724 741 721 700  
  549 744 764 741 724  
  550 768 789 764 744  
  551 403 440 436 402  
  552 408 445 440 403  
  553 412 446 445 408  
  554 417 454 446 412  
  555 423 460 454 417  
  556 429 468 460 423  
  557 444 477 468 429  
  558 457 494 477 444  
  559 467 502 494 457  
  560 484 522 502 467  
  561 499 535 522 484  
  562 519 551 535 499  
  563 540 573 551 519  
  564 559 586 573 540  
  565 579 607 586 559  
  566 597 623 607 579  
  567 618 642 623 597  
  568 638 665 642 618  
  569 656 681 665 638  
  570 678 704 681 656  
  571 698 723 704 678  
  572 721 742 723 698  
  573 741 762 742 721  
  574 764 786 762 741  
  575 789 804 786 764  
  576 440 475 472 436  
  577 445 482 475 440  
  578 446 487 482 445  
  579 454 491 487 446  
  580 460 497 491 454  
  581 468 506 497 460  
  582 477 511 506 468  
  583 494 530 511 477  
  584 502 544 530 494  
  585 522 556 544 502  
  586 535 569 556 522  
  587 551 582 569 535  
  588 573 601 582 551  
  589 586 616 601 573  
  590 607 635 616 586  
  591 623 649 635 607  
  592 642 669 649 623  
  593 665 685 669 642  
  594 681 707 685 665  
  595 704 726 707 681  
  596 723 743 726 704  
  597 742 765 743 723  
  598 762 783 765 742  
  599 786 802 783 762  
  600 804 825 802 786  
  601 475 517 515 472  
  602 482 524 517 475  
  603 487 526 524 482  
  604 491 531 526 487  
  605 497 539 531 491  
  606 506 546 539 497  
  607 511 553 546 506  
  608 530 566 553 511  
  609 544 577 566 530  
  610 556 589 577 544  
  611 569 603 589 556  
  612 582 615 603 569  
  613 601 629 615 582  
  614 616 647 629 601  
  615 635 662 647 616  
  616 649 676 662 635  
  617 669 695 676 649  
  618 685 710 695 669  
  619 707 733 710 685  
  620 726 748 733 707  
  621 743 767 748 726  
  622 765 790 767 743  
  623 783 805 790 765  
  624 802 826 805 783  
  625 825 846 826 802  
  626 517 557 555 515  
  627 524 560 557 517  
  628 526 561 560 524  
  629 531 568 561 526  
  630 539 575 568 531  
  631 546 580 575 539  
  632 553 588 580 546  
  633 566 599 588 553  
  634 577 608 599 566  
  635 589 620 608 577  
  636 603 631 620 589  
  637 615 645 631 603  
  638 629 657 645 615  
  639 647 672 657 629  
  640 662 688 672 647  
  641 676 705 688 662  
  642 695 719 705 676  
  643 710 737 719 695  
  644 733 754 737 710  
  645 748 773 754 733  
  646 767 792 773 748  
  647 790 810 792 767  
  648 805 829 810 790  
  649 826 849 829 805  
  650 846 868 849 826  
  651 557 592 591 555  
  652 560 595 592 557  
  653 561 596 595 560  
  654 568 602 596 561  
  655 575 605 602 568  
  656 580 613 605 575  
  657 588 621 613 580  
  658 599 627 621 588  
  659 608 641 627 599  
  660 620 648 641 608  
  661 631 663 648 620  
  662 645 673 663 631  
  663 657 684 673 645  
  664 672 699 684 657  
  665 688 714 699 672  
  666 705 731 714 688  
  667 719 745 731 705  
  668 737 761 745 719  
  669 754 777 761 737  
  670 773 796 777 754  
  671 792 816 796 773  
  672 810 831 816 792  
  673 829 851 831 810  
  674 849 869 851 829  
  675 868 888 869 849  
  676 592 625 622 591  
  677 595 626 625 592  
  678 596 628 626 595  
  679 602 633 628 596  
  680 605 640 633 602  
  681 613 644 640 605  
  682 621 651 644 613  
  683 627 660 651 621  
  684 641 670 660 627  
  685 648 680 670 641  
  686 663 692 680 648  
  687 673 702 692 663  
  688 684 713 702 673  
  689 699 728 713 684  
  690 714 738 728 699  
  691 731 756 738 714  
  692 745 771 756 731  
  693 761 788 771 745  
  694 777 800 788 761  
  695 796 819 800 777  
  696 816 836 819 796  
  697 831 855 836 816  
  698 851 873 855 831  
  699 869 889 873 851  
  700 888 909 889 869  
  701 625 655 653 622  
  702 626 659 655 625  
  703 628 664 659 626  
  704 633 667 664 628  
  705 640 671 667 633  
  706 644 674 671 640  
  707 651 683 674 644  
  708 660 691 683 651  
  709 670 697 691 660  
  710 680 709 697 670  
  711 692 717 709 680  
  712 702 730 717 692  
  713 713 740 730 702  
  714 728 755 740 713  
  715 738 769 755 728  
  716 756 781 769 738  
  717 771 798 781 756  
  718 788 812 798 771  
  719 800 827 812 788  
  720 819 843 827 800  
  721 836 859 843 819  
  722 855 878 859 836  
  723 873 894 878 855  
  724 889 913 894 873  
  725 909 932 913 889  
  726 655 689 686 653  
  727 659 690 689 655  
  728 664 693 690 659  
  729 667 696 693 664  
  730 671 701 696 667  
  731 674 706 701 671  
  732 683 712 706 674  
  733 691 718 712 683  
  734 697 729 718 691  
  735 709 736 729 697  
  736 717 746 736 709  
  737 730 759 746 717  
  738 740 770 759 730  
  739 755 780 770 740  
  740 769 794 780 755  
  741 781 807 794 769  
  742 798 821 807 781  
  743 812 835 821 798  
  744 827 853 835 812  
  745 843 865 853 827  
  746 859 882 865 843  
  747 878 901 882 859  
  748 894 917 901 878  
  749 913 935 917 894  
  750 932 953 935 913  
  751 689 716 715 686  
  752 690 720 716 689  
  753 693 722 720 690  
  754 696 727 722 693  
  755 701 734 727 696  
  756 706 735 734 701  
  757 712 739 735 706  
  758 718 751 739 712  
  759 729 758 751 718  
  760 736 766 758 729  
  761 746 774 766 736  
  762 759 785 774 746  
  763 770 797 785 759  
  764 780 808 797 770  
  765 794 820 808 780  
  766 807 832 820 794  
  767 821 847 832 807  
  768 835 860 847 821  
  769 853 877 860 835  
  770 865 891 877 853  
  771 882 907 891 865  
  772 901 922 907 882  
  773 917 940 922 901  
  774 935 957 940 917  
  775 953 974 957 935  
  776 716 749 747 715  
  777 720 752 749 716  
  778 722 753 752 720  
  779 727 757 753 722  
  780 734 760 757 727  
  781 735 763 760 734  
  782 739 772 763 735  
  783 751 775 772 739  
  784 758 784 775 751  
  785 766 793 784 758  
  786 774 801 793 766  
  787 785 814 801 774  
  788 797 824 814 785  
  789 808 834 824 797  
  790 820 845 834 808  
  791 832 858 845 820  
  792 847 874 858 832  
  793 860 886 874 847  
  794 877 902 886 860  
  795 891 916 902 877  
  796 907 930 916 891  
  797 922 945 930 907  
  798 940 964 945 922  
  799 957 978 964 940  
  800 974 996 978 957  
  801 749 778 776 747  
  802 752 779 778 749  
  803 753 782 779 752  
  804 757 787 782 753  
  805 760 791 787 757  
  806 763 795 791 760  
  807 772 799 795 763  
  808 775 803 799 772  
  809 784 815 803 775  
  810 793 822 815 784  
  811 801 830 822 793  
  812 814 840 830 801  
  813 824 852 840 814  
  814 834 861 852 824  
  815 845 875 861 834  
  816 858 883 875 845  
  817 874 898 883 858  
  818 886 911 898 874  
  819 902 925 911 886  
  820 916 939 925 902  
  821 930 955 939 916  
  822 945 970 955 930  
  823 964 986 970 945  
  824 978 1002 986 964  
  825 996 1013 1002 978  
  826 778 809 806 776  
  827 779 811 809 778  
  828 782 813 811 779  
  829 787 817 813 782  
  830 791 818 817 787  
  831 795 823 818 791  
  832 799 828 823 795  
  833 803 833 828 799  
  834 815 842 833 803  
  835 822 850 842 815  
  836 830 857 850 822  
  837 840 866 857 830  
  838 852 879 866 840  
  839 861 887 879 852  
  840 875 900 887 861  
  841 883 910 900 875  
  842 898 923 910 883  
  843 911 936 923 898  
  844 925 948 936 911  
  845 939 965 948 925  
  846 955 977 965 939  
  847 970 993 977 955  
  848 986 1006 993 970  
  849 1002 1017 1006 986  
  850 1013 1028 1017 1002  
  851 809 838 837 806  
  852 811 839 838 809  
  853 813 841 839 811  
  854 817 844 841 813  
  855 818 848 844 817  
  856 823 854 848 818  
  857 828 856 854 823  
  858 833 862 856 828  
  859 842 871 862 833  
  860 850 880 871 842  
  861 857 885 880 850  
  862 866 893 885 857  
  863 879 904 893 866  
  864 887 915 904 879  
  865 900 926 915 887  
  866 910 938 926 900  
  867 923 947 938 910  
  868 936 962 947 923  
  869 948 973 962 936  
  870 965 990 973 948  
  871 977 1003 990 965  
  872 993 1012 1003 977  
  873 1006 1022 1012 993  
  874 1017 1030 1022 1006  
  875 1028 1038 1030 1017  
  876 838 864 863 837  
  877 839 867 864 838  
  878 841 870 867 839  
  879 844 872 870 841  
  880 848 876 872 844  
  881 854 881 876 848  
  882 856 884 881 854  
  883 862 890 884 856  
  884 871 897 890 862  
  885 880 906 897 871  
  886 885 912 906 880  
  887 893 919 912 885  
  888 904 931 919 893  
  889 915 942 931 904  
  890 926 950 942 915  
  891 938 963 950 926  
  892 947 972 963 938  
  893 962 987 972 947  
  894 973 998 987 962  
  895 990 1009 998 973  
  896 1003 1019 1009 990  
  897 1012 1027 1019 1003  
  898 1022 1034 1027 1012  
  899 1030 1041 1034 1022  
  900 1038 1046 1041 1030  
  901 864 895 892 863  
  902 867 896 895 864  
  903 870 899 896 867  
  904 872 903 899 870  
  905 876 905 903 872  
  906 881 908 905 876  
  907 884 914 908 881  
  908 890 918 914 884  
  909 897 927 918 890  
  910 906 934 927 897  
  911 912 941 934 906  
  912 919 946 941 912  
  913 931 959 946 919  
  914 942 968 959 931  
  915 950 976 968 942  
  916 963 991 976 950  
  917 972 999 991 963  
  918 987 1008 999 972  
  919 998 1016 1008 987  
  920 1009 1025 1016 998  
  921 1019 1032 1025 1009  
  922 1027 1039 1032 1019  
  923 1034 1045 1039 1027  
  924 1041 1050 1045 1034  
  925 1046 1054 1050 1041  
  926 895 921 920 892  
  927 896 924 921 895  
  928 899 928 924 896  
  929 903 929 928 899  
  930 905 933 929 903  
  931 908 937 933 905  
  932 914 943 937 908  
  933 918 944 943 914  
  934 927 952 944 918  
  935 934 960 952 927  
  936 941 967 960 934  
  937 946 975 967 941  
  938 959 984 975 946  
  939 968 994 984 959  
  940 976 1004 994 968  
  941 991 1010 1004 976  
  942 999 1018 1010 991  
  943 1008 1023 1018 999  
  944 1016 1031 1023 1008  
  945 1025 1036 1031 1016  
  946 1032 1043 1036 1025  
  947 1039 1049 1043 1032  
  948 1045 1053 1049 1039  
  949 1050 1057 1053 1045  
  950 1054 1060 1057 1050  
  951 921 951 949 920  
  952 924 954 951 921  
  953 928 956 954 924  
  954 929 958 956 928  
  955 933 961 958 929  
  956 937 966 961 933  
  957 943 969 966 937  
  958 944 971 969 943  
  959 952 981 971 944  
  960 960 988 981 952  
  961 967 995 988 960  
  962 975 1001 995 967  
  963 984 1007 1001 975  
  964 994 1014 1007 984  
  965 1004 1021 1014 994  
  966 1010 1026 1021 1004  
  967 1018 1033 1026 1010  
  968 1023 1037 1033 1018  
  969 1031 1042 1037 1023  
  970 1036 1047 1042 1031  
  971 1043 1052 1047 1036  
  972 1049 1056 1052 1043  
  973 1053 1059 1056 1049  
  974 1057 1062 1059 1053  
  975 1060 1064 1062 1057  
  976 951 980 979 949  
  977 954 982 980 951  
  978 956 983 982 954  
  979 958 985 983 956  
  980 961 989 985 958  
  981 966 992 989 961  
  982 969 997 992 966  
  983 971 1000 997 969  
  984 981 1005 1000 971  
  985 988 1011 1005 981  
  986 995 1015 1011 988  
  987 1001 1020 1015 995  
  988 1007 1024 1020 1001  
  989 1014 1029 1024 1007  
  990 1021 1035 1029 1014  
  991 1026 1040 1035 1021  
  992 1033 1044 1040 1026  
  993 1037 1048 1044 1033  
  994 1042 1051 1048 1037  
  995 1047 1055 1051 1042  
  996 1052 1058 1055 1047  
  997 1056 1061 1058 1052  
  998 1059 1063 1061 1056  
  999 1062 1065 1063 1059  
  1000 1064 1066 1065 1062  
  END_ELEMENTS  
  COORDINATES  
   1   3.500000e+00 -4.000000e+00   
   2   3.700000e+00 -4.000000e+00   
   3   3.500000e+00 -3.800000e+00   
   4   3.700000e+00 -3.800000e+00   
   5   3.900000e+00 -4.000000e+00   
   6   3.500000e+00 -3.600000e+00   
   7   3.900000e+00 -3.800000e+00   
   8   3.700000e+00 -3.600000e+00   
   9   3.900000e+00 -3.600000e+00   
   10   4.100000e+00 -4.000000e+00   
   11   3.500000e+00 -3.400000e+00   
   12   4.100000e+00 -3.800000e+00   
   13   3.700000e+00 -3.400000e+00   
   14   3.900000e+00 -3.400000e+00   
   15   4.100000e+00 -3.600000e+00   
   16   4.300000e+00 -4.000000e+00   
   17   3.500000e+00 -3.200000e+00   
   18   4.300000e+00 -3.800000e+00   
   19   3.700000e+00 -3.200000e+00   
   20   4.100000e+00 -3.400000e+00   
   21   3.900000e+00 -3.200000e+00   
   22   4.300000e+00 -3.600000e+00   
   23   4.300000e+00 -3.400000e+00   
   24   4.100000e+00 -3.200000e+00   
   25   4.500000e+00 -4.000000e+00   
   26   3.500000e+00 -3.000000e+00   
   27   4.500000e+00 -3.800000e+00   
   28   3.700000e+00 -3.000000e+00   
   29   4.500000e+00 -3.600000e+00   
   30   3.900000e+00 -3.000000e+00   
   31   4.300000e+00 -3.200000e+00   
   32   4.500000e+00 -3.400000e+00   
   33   4.100000e+00 -3.000000e+00   
   34   4.700000e+00 -4.000000e+00   
   35   3.500000e+00 -2.800000e+00   
   36   4.700000e+00 -3.800000e+00   
   37   3.700000e+00 -2.800000e+00   
   38   4.700000e+00 -3.600000e+00   
   39   3.900000e+00 -2.800000e+00   
   40   4.500000e+00 -3.200000e+00   
   41   4.300000e+00 -3.000000e+00   
   42   4.700000e+00 -3.400000e+00   
   43   4.100000e+00 -2.800000e+00   
   44   4.900000e+00 -4.000000e+00   
   45   3.500000e+00 -2.600000e+00   
   46   4.900000e+00 -3.800000e+00   
   47   4.500000e+00 -3.000000e+00   
   48   3.700000e+00 -2.600000e+00   
   49   4.700000e+00 -3.200000e+00   
   50   4.300000e+00 -2.800000e+00   
   51   3.900000e+00 -2.600000e+00   
   52   4.900000e+00 -3.600000e+00   
   53   4.900000e+00 -3.400000e+00   
   54   4.100000e+00 -2.600000e+00   
   55   4.500000e+00 -2.800000e+00   
   56   4.700000e+00 -3.000000e+00   
   57   5.100000e+00 -4.000000e+00   
   58   3.500000e+00 -2.400000e+00   
   59   5.100000e+00 -3.800000e+00   
   60   4.900000e+00 -3.200000e+00   
   61   4.300000e+00 -2.600000e+00   
   62   3.700000e+00 -2.400000e+00   
   63   3.900000e+00 -2.400000e+00   
   64   5.100000e+00 -3.600000e+00   
   65   4.700000e+00 -2.800000e+00   
   66   4.100000e+00 -2.400000e+00   
   67   5.100000e+00 -3.400000e+00   
   68   4.500000e+00 -2.600000e+00   
   69   4.900000e+00 -3.000000e+00   
   70   5.100000e+00 -3.200000e+00   
   71   4.300000e+00 -2.400000e+00   
   72   5.300000e+00 -4.000000e+00   
   73   3.500000e+00 -2.200000e+00   
   74   5.300000e+00 -3.800000e+00   
   75   3.700000e+00 -2.200000e+00   
   76   3.900000e+00 -2.200000e+00   
   77   5.300000e+00 -3.600000e+00   
   78   4.700000e+00 -2.600000e+00   
   79   4.900000e+00 -2.800000e+00   
   80   4.500000e+00 -2.400000e+00   
   81   5.100000e+00 -3.000000e+00   
   82   4.100000e+00 -2.200000e+00   
   83   5.300000e+00 -3.400000e+00   
   84   5.300000e+00 -3.200000e+00   
   85   4.300000e+00 -2.200000e+00   
   86   4.900000e+00 -2.600000e+00   
   87   5.100000e+00 -2.800000e+00   
   88   4.700000e+00 -2.400000e+00   
   89   5.500000e+00 -4.000000e+00   
   90   3.500000e+00 -2.000000e+00   
   91   5.500000e+00 -3.800000e+00   
   92   3.700000e+00 -2.000000e+00   
   93   3.900000e+00 -2.000000e+00   
   94   5.500000e+00 -3.600000e+00   
   95   4.500000e+00 -2.200000e+00   
   96   5.300000e+00 -3.000000e+00   
   97   4.100000e+00 -2.000000e+00   
   98   5.500000e+00 -3.400000e+00   
   99   5.100000e+00 -2.600000e+00   
   100   4.900000e+00 -2.400000e+00   
   101   5.500000e+00 -3.200000e+00   
   102   4.300000e+00 -2.000000e+00   
   103   5.300000e+00 -2.800000e+00   
   104   4.700000e+00 -2.200000e+00   
   105   5.700000e+00 -4.000000e+00   
   106   3.500000e+00 -1.800000e+00   
   107   5.700000e+00 -3.800000e+00   
   108   3.700000e+00 -1.800000e+00   
   109   5.700000e+00 -3.600000e+00   
   110   4.500000e+00 -2.000000e+00   
   111   3.900000e+00 -1.800000e+00   
   112   5.500000e+00 -3.000000e+00   
   113   5.100000e+00 -2.400000e+00   
   114   4.900000e+00 -2.200000e+00   
   115   4.100000e+00 -1.800000e+00   
   116   5.700000e+00 -3.400000e+00   
   117   5.300000e+00 -2.600000e+00   
   118   5.500000e+00 -2.800000e+00   
   119   4.700000e+00 -2.000000e+00   
   120   5.700000e+00 -3.200000e+00   
   121   4.300000e+00 -1.800000e+00   
   122   5.900000e+00 -4.000000e+00   
   123   3.500000e+00 -1.600000e+00   
   124   5.100000e+00 -2.200000e+00   
   125   5.300000e+00 -2.400000e+00   
   126   5.900000e+00 -3.800000e+00   
   127   3.700000e+00 -1.600000e+00   
   128   4.500000e+00 -1.800000e+00   
   129   5.700000e+00 -3.000000e+00   
   130   3.900000e+00 -1.600000e+00   
   131   5.900000e+00 -3.600000e+00   
   132   5.500000e+00 -2.600000e+00   
   133   4.900000e+00 -2.000000e+00   
   134   4.100000e+00 -1.600000e+00   
   135   5.900000e+00 -3.400000e+00   
   136   5.700000e+00 -2.800000e+00   
   137   4.700000e+00 -1.800000e+00   
   138   5.900000e+00 -3.200000e+00   
   139   4.300000e+00 -1.600000e+00   
   140   5.300000e+00 -2.200000e+00   
   141   5.500000e+00 -2.400000e+00   
   142   5.100000e+00 -2.000000e+00   
   143   6.100000e+00 -4.000000e+00   
   144   3.500000e+00 -1.400000e+00   
   145   5.900000e+00 -3.000000e+00   
   146   4.500000e+00 -1.600000e+00   
   147   6.100000e+00 -3.800000e+00   
   148   4.900000e+00 -1.800000e+00   
   149   5.700000e+00 -2.600000e+00   
   150   3.700000e+00 -1.400000e+00   
   151   6.100000e+00 -3.600000e+00   
   152   3.900000e+00 -1.400000e+00   
   153   6.100000e+00 -3.400000e+00   
   154   4.100000e+00 -1.400000e+00   
   155   5.900000e+00 -2.800000e+00   
   156   4.700000e+00 -1.600000e+00   
   157   5.300000e+00 -2.000000e+00   
   158   5.500000e+00 -2.200000e+00   
   159   6.100000e+00 -3.200000e+00   
   160   5.100000e+00 -1.800000e+00   
   161   5.700000e+00 -2.400000e+00   
   162   4.300000e+00 -1.400000e+00   
   163   4.900000e+00 -1.600000e+00   
   164   5.900000e+00 -2.600000e+00   
   165   6.100000e+00 -3.000000e+00   
   166   4.500000e+00 -1.400000e+00   
   167   3.500000e+00 -1.200000e+00   
   168   6.300000e+00 -4.000000e+00   
   169   3.700000e+00 -1.200000e+00   
   170   6.300000e+00 -3.800000e+00   
   171   5.500000e+00 -2.000000e+00   
   172   6.300000e+00 -3.600000e+00   
   173   3.900000e+00 -1.200000e+00   
   174   5.700000e+00 -2.200000e+00   
   175   5.300000e+00 -1.800000e+00   
   176   6.100000e+00 -2.800000e+00   
   177   4.100000e+00 -1.200000e+00   
   178   4.700000e+00 -1.400000e+00   
   179   6.300000e+00 -3.400000e+00   
   180   5.900000e+00 -2.400000e+00   
   181   5.100000e+00 -1.600000e+00   
   182   6.300000e+00 -3.200000e+00   
   183   4.300000e+00 -1.200000e+00   
   184   6.100000e+00 -2.600000e+00   
   185   4.900000e+00 -1.400000e+00   
   186   4.500000e+00 -1.200000e+00   
   187   5.700000e+00 -2.000000e+00   
   188   5.500000e+00 -1.800000e+00   
   189   6.300000e+00 -3.000000e+00   
   190   5.300000e+00 -1.600000e+00   
   191   6.500000e+00 -4.000000e+00   
   192   3.500000e+00 -1.000000e+00   
   193   5.900000e+00 -2.200000e+00   
   194   3.700000e+00 -1.000000e+00   
   195   6.500000e+00 -3.800000e+00   
   196   6.500000e+00 -3.600000e+00   
   197   3.900000e+00 -1.000000e+00   
   198   6.300000e+00 -2.800000e+00   
   199   4.700000e+00 -1.200000e+00   
   200   6.100000e+00 -2.400000e+00   
   201   5.100000e+00 -1.400000e+00   
   202   4.100000e+00 -1.000000e+00   
   203   6.500000e+00 -3.400000e+00   
   204   6.500000e+00 -3.200000e+00   
   205   4.300000e+00 -1.000000e+00   
   206   5.700000e+00 -1.800000e+00   
   207   5.500000e+00 -1.600000e+00   
   208   5.900000e+00 -2.000000e+00   
   209   4.900000e+00 -1.200000e+00   
   210   6.300000e+00 -2.600000e+00   
   211   6.100000e+00 -2.200000e+00   
   212   4.500000e+00 -1.000000e+00   
   213   6.500000e+00 -3.000000e+00   
   214   5.300000e+00 -1.400000e+00   
   215   6.700000e+00 -4.000000e+00   
   216   3.500000e+00 -8.000000e-01   
   217   6.700000e+00 -3.800000e+00   
   218   3.700000e+00 -8.000000e-01   
   219   6.700000e+00 -3.600000e+00   
   220   6.300000e+00 -2.400000e+00   
   221   5.100000e+00 -1.200000e+00   
   222   3.900000e+00 -8.000000e-01   
   223   4.700000e+00 -1.000000e+00   
   224   6.500000e+00 -2.800000e+00   
   225   6.700000e+00 -3.400000e+00   
   226   5.700000e+00 -1.600000e+00   
   227   5.900000e+00 -1.800000e+00   
   228   4.100000e+00 -8.000000e-01   
   229   6.100000e+00 -2.000000e+00   
   230   5.500000e+00 -1.400000e+00   
   231   6.700000e+00 -3.200000e+00   
   232   4.300000e+00 -8.000000e-01   
   233   6.500000e+00 -2.600000e+00   
   234   4.900000e+00 -1.000000e+00   
   235   5.300000e+00 -1.200000e+00   
   236   6.300000e+00 -2.200000e+00   
   237   4.500000e+00 -8.000000e-01   
   238   6.700000e+00 -3.000000e+00   
   239   5.900000e+00 -1.600000e+00   
   240   6.500000e+00 -2.400000e+00   
   241   6.900000e+00 -4.000000e+00   
   242   3.500000e+00 -6.000000e-01   
   243   5.100000e+00 -1.000000e+00   
   244   6.100000e+00 -1.800000e+00   
   245   5.700000e+00 -1.400000e+00   
   246   3.700000e+00 -6.000000e-01   
   247   6.900000e+00 -3.800000e+00   
   248   6.700000e+00 -2.800000e+00   
   249   4.700000e+00 -8.000000e-01   
   250   6.900000e+00 -3.600000e+00   
   251   3.900000e+00 -6.000000e-01   
   252   6.300000e+00 -2.000000e+00   
   253   5.500000e+00 -1.200000e+00   
   254   4.100000e+00 -6.000000e-01   
   255   6.900000e+00 -3.400000e+00   
   256   4.300000e+00 -6.000000e-01   
   257   6.900000e+00 -3.200000e+00   
   258   6.700000e+00 -2.600000e+00   
   259   4.900000e+00 -8.000000e-01   
   260   5.300000e+00 -1.000000e+00   
   261   6.500000e+00 -2.200000e+00   
   262   6.100000e+00 -1.600000e+00   
   263   5.900000e+00 -1.400000e+00   
   264   4.500000e+00 -6.000000e-01   
   265   6.900000e+00 -3.000000e+00   
   266   5.700000e+00 -1.200000e+00   
   267   6.300000e+00 -1.800000e+00   
   268   6.700000e+00 -2.400000e+00   
   269   5.100000e+00 -8.000000e-01   
   270   7.100000e+00 -4.000000e+00   
   271   3.500000e+00 -4.000000e-01   
   272   7.100000e+00 -3.800000e+00   
   273   6.900000e+00 -2.800000e+00   
   274   3.700000e+00 -4.000000e-01   
   275   4.700000e+00 -6.000000e-01   
   276   5.500000e+00 -1.000000e+00   
   277   6.500000e+00 -2.000000e+00   
   278   7.100000e+00 -3.600000e+00   
   279   3.900000e+00 -4.000000e-01   
   280   4.100000e+00 -4.000000e-01   
   281   7.100000e+00 -3.400000e+00   
   282   6.700000e+00 -2.200000e+00   
   283   5.300000e+00 -8.000000e-01   
   284   6.100000e+00 -1.400000e+00   
   285   4.900000e+00 -6.000000e-01   
   286   6.900000e+00 -2.600000e+00   
   287   7.100000e+00 -3.200000e+00   
   288   4.300000e+00 -4.000000e-01   
   289   5.900000e+00 -1.200000e+00   
   290   6.300000e+00 -1.600000e+00   
   291   6.500000e+00 -1.800000e+00   
   292   5.700000e+00 -1.000000e+00   
   293   7.100000e+00 -3.000000e+00   
   294   4.500000e+00 -4.000000e-01   
   295   6.900000e+00 -2.400000e+00   
   296   5.100000e+00 -6.000000e-01   
   297   6.700000e+00 -2.000000e+00   
   298   5.500000e+00 -8.000000e-01   
   299   7.100000e+00 -2.800000e+00   
   300   4.700000e+00 -4.000000e-01   
   301   7.300000e+00 -4.000000e+00   
   302   3.500000e+00 -2.000000e-01   
   303   7.300000e+00 -3.800000e+00   
   304   3.700000e+00 -2.000000e-01   
   305   7.300000e+00 -3.600000e+00   
   306   6.300000e+00 -1.400000e+00   
   307   6.100000e+00 -1.200000e+00   
   308   3.900000e+00 -2.000000e-01   
   309   6.500000e+00 -1.600000e+00   
   310   5.900000e+00 -1.000000e+00   
   311   7.300000e+00 -3.400000e+00   
   312   5.300000e+00 -6.000000e-01   
   313   4.100000e+00 -2.000000e-01   
   314   6.900000e+00 -2.200000e+00   
   315   7.100000e+00 -2.600000e+00   
   316   4.900000e+00 -4.000000e-01   
   317   7.300000e+00 -3.200000e+00   
   318   6.700000e+00 -1.800000e+00   
   319   4.300000e+00 -2.000000e-01   
   320   5.700000e+00 -8.000000e-01   
   321   7.300000e+00 -3.000000e+00   
   322   4.500000e+00 -2.000000e-01   
   323   7.100000e+00 -2.400000e+00   
   324   5.100000e+00 -4.000000e-01   
   325   5.500000e+00 -6.000000e-01   
   326   6.900000e+00 -2.000000e+00   
   327   6.300000e+00 -1.200000e+00   
   328   6.100000e+00 -1.000000e+00   
   329   6.500000e+00 -1.400000e+00   
   330   7.300000e+00 -2.800000e+00   
   331   4.700000e+00 -2.000000e-01   
   332   6.700000e+00 -1.600000e+00   
   333   7.500000e+00 -4.000000e+00   
   334   3.500000e+00  0.000000e+00   
   335   5.900000e+00 -8.000000e-01   
   336   7.500000e+00 -3.800000e+00   
   337   3.700000e+00 -4.440892e-16   
   338   7.500000e+00 -3.600000e+00   
   339   3.900000e+00  0.000000e+00   
   340   7.100000e+00 -2.200000e+00   
   341   5.300000e+00 -4.000000e-01   
   342   7.500000e+00 -3.400000e+00   
   343   4.100000e+00  0.000000e+00   
   344   7.300000e+00 -2.600000e+00   
   345   5.700000e+00 -6.000000e-01   
   346   4.900000e+00 -2.000000e-01   
   347   6.900000e+00 -1.800000e+00   
   348   7.500000e+00 -3.200000e+00   
   349   4.300000e+00 -4.440892e-16   
   350   6.500000e+00 -1.200000e+00   
   351   6.300000e+00 -1.000000e+00   
   352   7.100000e+00 -2.000000e+00   
   353   5.500000e+00 -4.000000e-01   
   354   7.300000e+00 -2.400000e+00   
   355   6.700000e+00 -1.400000e+00   
   356   7.500000e+00 -3.000000e+00   
   357   6.100000e+00 -8.000000e-01   
   358   5.100000e+00 -2.000000e-01   
   359   4.500000e+00  0.000000e+00   
   360   5.900000e+00 -6.000000e-01   
   361   6.900000e+00 -1.600000e+00   
   362   7.500000e+00 -2.800000e+00   
   363   4.700000e+00  0.000000e+00   
   364   7.700000e+00 -4.000000e+00   
   365   3.500000e+00  2.000000e-01   
   366   7.300000e+00 -2.200000e+00   
   367   7.700000e+00 -3.800000e+00   
   368   5.300000e+00 -2.000000e-01   
   369   3.700000e+00  2.000000e-01   
   370   7.700000e+00 -3.600000e+00   
   371   7.100000e+00 -1.800000e+00   
   372   5.700000e+00 -4.000000e-01   
   373   3.900000e+00  2.000000e-01   
   374   4.900000e+00 -4.440892e-16   
   375   7.500000e+00 -2.600000e+00   
   376   7.700000e+00 -3.400000e+00   
   377   6.500000e+00 -1.000000e+00   
   378   4.100000e+00  2.000000e-01   
   379   6.300000e+00 -8.000000e-01   
   380   6.700000e+00 -1.200000e+00   
   381   7.700000e+00 -3.200000e+00   
   382   4.300000e+00  2.000000e-01   
   383   6.100000e+00 -6.000000e-01   
   384   6.900000e+00 -1.400000e+00   
   385   7.300000e+00 -2.000000e+00   
   386   5.500000e+00 -2.000000e-01   
   387   7.500000e+00 -2.400000e+00   
   388   5.100000e+00  0.000000e+00   
   389   7.700000e+00 -3.000000e+00   
   390   4.500000e+00  2.000000e-01   
   391   7.100000e+00 -1.600000e+00   
   392   5.900000e+00 -4.000000e-01   
   393   7.700000e+00 -2.800000e+00   
   394   4.700000e+00  2.000000e-01   
   395   7.500000e+00 -2.200000e+00   
   396   6.700000e+00 -1.000000e+00   
   397   5.300000e+00  0.000000e+00   
   398   6.500000e+00 -8.000000e-01   
   399   7.300000e+00 -1.800000e+00   
   400   5.700000e+00 -2.000000e-01   
   401   7.900000e+00 -4.000000e+00   
   402   3.500000e+00  4.000000e-01   
   403   3.700000e+00  4.000000e-01   
   404   7.900000e+00 -3.800000e+00   
   405   6.300000e+00 -6.000000e-01   
   406   6.900000e+00 -1.200000e+00   
   407   7.900000e+00 -3.600000e+00   
   408   3.900000e+00  4.000000e-01   
   409   7.700000e+00 -2.600000e+00   
   410   4.900000e+00  2.000000e-01   
   411   7.100000e+00 -1.400000e+00   
   412   4.100000e+00  4.000000e-01   
   413   6.100000e+00 -4.000000e-01   
   414   7.900000e+00 -3.400000e+00   
   415   7.500000e+00 -2.000000e+00   
   416   7.900000e+00 -3.200000e+00   
   417   4.300000e+00  4.000000e-01   
   418   5.500000e+00  0.000000e+00   
   419   7.700000e+00 -2.400000e+00   
   420   7.300000e+00 -1.600000e+00   
   421   5.900000e+00 -2.000000e-01   
   422   5.100000e+00  2.000000e-01   
   423   4.500000e+00  4.000000e-01   
   424   7.900000e+00 -3.000000e+00   
   425   6.700000e+00 -8.000000e-01   
   426   6.500000e+00 -6.000000e-01   
   427   6.900000e+00 -1.000000e+00   
   428   7.900000e+00 -2.800000e+00   
   429   4.700000e+00  4.000000e-01   
   430   7.100000e+00 -1.200000e+00   
   431   6.300000e+00 -4.000000e-01   
   432   5.700000e+00  0.000000e+00   
   433   7.500000e+00 -1.800000e+00   
   434   7.700000e+00 -2.200000e+00   
   435   5.300000e+00  2.000000e-01   
   436   3.500000e+00  6.000000e-01   
   437   8.100000e+00 -4.000000e+00   
   438   7.300000e+00 -1.400000e+00   
   439   6.100000e+00 -2.000000e-01   
   440   3.700000e+00  6.000000e-01   
   441   8.100000e+00 -3.800000e+00   
   442   7.900000e+00 -2.600000e+00   
   443   8.100000e+00 -3.600000e+00   
   444   4.900000e+00  4.000000e-01   
   445   3.900000e+00  6.000000e-01   
   446   4.100000e+00  6.000000e-01   
   447   8.100000e+00 -3.400000e+00   
   448   7.700000e+00 -2.000000e+00   
   449   5.500000e+00  2.000000e-01   
   450   7.500000e+00 -1.600000e+00   
   451   5.900000e+00  0.000000e+00   
   452   8.100000e+00 -3.200000e+00   
   453   6.700000e+00 -6.000000e-01   
   454   4.300000e+00  6.000000e-01   
   455   6.900000e+00 -8.000000e-01   
   456   7.900000e+00 -2.400000e+00   
   457   5.100000e+00  4.000000e-01   
   458   7.100000e+00 -1.000000e+00   
   459   6.500000e+00 -4.000000e-01   
   460   4.500000e+00  6.000000e-01   
   461   8.100000e+00 -3.000000e+00   
   462   7.300000e+00 -1.200000e+00   
   463   6.300000e+00 -2.000000e-01   
   464   5.700000e+00  2.000000e-01   
   465   7.700000e+00 -1.800000e+00   
   466   8.100000e+00 -2.800000e+00   
   467   5.300000e+00  4.000000e-01   
   468   4.700000e+00  6.000000e-01   
   469   7.900000e+00 -2.200000e+00   
   470   7.500000e+00 -1.400000e+00   
   471   6.100000e+00  0.000000e+00   
   472   3.500000e+00  8.000000e-01   
   473   8.300000e+00 -4.000000e+00   
   474   8.300000e+00 -3.800000e+00   
   475   3.700000e+00  8.000000e-01   
   476   6.900000e+00 -6.000000e-01   
   477   4.900000e+00  6.000000e-01   
   478   8.100000e+00 -2.600000e+00   
   479   8.300000e+00 -3.600000e+00   
   480   7.100000e+00 -8.000000e-01   
   481   6.700000e+00 -4.000000e-01   
   482   3.900000e+00  8.000000e-01   
   483   7.900000e+00 -2.000000e+00   
   484   5.500000e+00  4.000000e-01   
   485   7.700000e+00 -1.600000e+00   
   486   5.900000e+00  2.000000e-01   
   487   4.100000e+00  8.000000e-01   
   488   8.300000e+00 -3.400000e+00   
   489   7.300000e+00 -1.000000e+00   
   490   6.500000e+00 -2.000000e-01   
   491   4.300000e+00  8.000000e-01   
   492   8.300000e+00 -3.200000e+00   
   493   8.100000e+00 -2.400000e+00   
   494   5.100000e+00  6.000000e-01   
   495   7.500000e+00 -1.200000e+00   
   496   6.300000e+00  0.000000e+00   
   497   4.500000e+00  8.000000e-01   
   498   8.300000e+00 -3.000000e+00   
   499   5.700000e+00  4.000000e-01   
   500   7.900000e+00 -1.800000e+00   
   501   7.700000e+00 -1.400000e+00   
   502   5.300000e+00  6.000000e-01   
   503   8.100000e+00 -2.200000e+00   
   504   6.100000e+00  2.000000e-01   
   505   8.300000e+00 -2.800000e+00   
   506   4.700000e+00  8.000000e-01   
   507   7.100000e+00 -6.000000e-01   
   508   6.900000e+00 -4.000000e-01   
   509   7.300000e+00 -8.000000e-01   
   510   6.700000e+00 -2.000000e-01   
   511   4.900000e+00  8.000000e-01   
   512   6.500000e+00  0.000000e+00   
   513   7.500000e+00 -1.000000e+00   
   514   8.500000e+00 -4.000000e+00   
   515   3.500000e+00  1.000000e+00   
   516   8.300000e+00 -2.600000e+00   
   517   3.700000e+00  1.000000e+00   
   518   8.500000e+00 -3.800000e+00   
   519   5.900000e+00  4.000000e-01   
   520   7.900000e+00 -1.600000e+00   
   521   8.100000e+00 -2.000000e+00   
   522   5.500000e+00  6.000000e-01   
   523   8.500000e+00 -3.600000e+00   
   524   3.900000e+00  1.000000e+00   
   525   8.500000e+00 -3.400000e+00   
   526   4.100000e+00  1.000000e+00   
   527   7.700000e+00 -1.200000e+00   
   528   6.300000e+00  2.000000e-01   
   529   8.300000e+00 -2.400000e+00   
   530   5.100000e+00  8.000000e-01   
   531   4.300000e+00  1.000000e+00   
   532   8.500000e+00 -3.200000e+00   
   533   7.100000e+00 -4.000000e-01   
   534   7.300000e+00 -6.000000e-01   
   535   5.700000e+00  6.000000e-01   
   536   8.100000e+00 -1.800000e+00   
   537   8.500000e+00 -3.000000e+00   
   538   6.900000e+00 -2.000000e-01   
   539   4.500000e+00  1.000000e+00   
   540   6.100000e+00  4.000000e-01   
   541   7.900000e+00 -1.400000e+00   
   542   7.500000e+00 -8.000000e-01   
   543   6.700000e+00  0.000000e+00   
   544   5.300000e+00  8.000000e-01   
   545   8.300000e+00 -2.200000e+00   
   546   4.700000e+00  1.000000e+00   
   547   8.500000e+00 -2.800000e+00   
   548   7.700000e+00 -1.000000e+00   
   549   6.500000e+00  2.000000e-01   
   550   8.100000e+00 -1.600000e+00   
   551   5.900000e+00  6.000000e-01   
   552   8.500000e+00 -2.600000e+00   
   553   4.900000e+00  1.000000e+00   
   554   8.300000e+00 -2.000000e+00   
   555   3.500000e+00  1.200000e+00   
   556   5.500000e+00  8.000000e-01   
   557   3.700000e+00  1.200000e+00   
   558   7.900000e+00 -1.200000e+00   
   559   6.300000e+00  4.000000e-01   
   560   3.900000e+00  1.200000e+00   
   561   4.100000e+00  1.200000e+00   
   562   7.300000e+00 -4.000000e-01   
   563   7.100000e+00 -2.000000e-01   
   564   7.500000e+00 -6.000000e-01   
   565   6.900000e+00  0.000000e+00   
   566   5.100000e+00  1.000000e+00   
   567   8.500000e+00 -2.400000e+00   
   568   4.300000e+00  1.200000e+00   
   569   5.700000e+00  8.000000e-01   
   570   7.700000e+00 -8.000000e-01   
   571   6.700000e+00  2.000000e-01   
   572   8.300000e+00 -1.800000e+00   
   573   6.100000e+00  6.000000e-01   
   574   8.100000e+00 -1.400000e+00   
   575   4.500000e+00  1.200000e+00   
   576   8.500000e+00 -2.200000e+00   
   577   5.300000e+00  1.000000e+00   
   578   7.900000e+00 -1.000000e+00   
   579   6.500000e+00  4.000000e-01   
   580   4.700000e+00  1.200000e+00   
   581   8.300000e+00 -1.600000e+00   
   582   5.900000e+00  8.000000e-01   
   583   7.300000e+00 -2.000000e-01   
   584   7.100000e+00  0.000000e+00   
   585   7.500000e+00 -4.000000e-01   
   586   6.300000e+00  6.000000e-01   
   587   8.100000e+00 -1.200000e+00   
   588   4.900000e+00  1.200000e+00   
   589   5.500000e+00  1.000000e+00   
   590   8.500000e+00 -2.000000e+00   
   591   3.500000e+00  1.400000e+00   
   592   3.700000e+00  1.400000e+00   
   593   7.700000e+00 -6.000000e-01   
   594   6.900000e+00  2.000000e-01   
   595   3.900000e+00  1.400000e+00   
   596   4.100000e+00  1.400000e+00   
   597   6.700000e+00  4.000000e-01   
   598   7.900000e+00 -8.000000e-01   
   599   5.100000e+00  1.200000e+00   
   600   8.300000e+00 -1.400000e+00   
   601   6.100000e+00  8.000000e-01   
   602   4.300000e+00  1.400000e+00   
   603   5.700000e+00  1.000000e+00   
   604   8.500000e+00 -1.800000e+00   
   605   4.500000e+00  1.400000e+00   
   606   8.100000e+00 -1.000000e+00   
   607   6.500000e+00  6.000000e-01   
   608   5.300000e+00  1.200000e+00   
   609   7.300000e+00  0.000000e+00   
   610   7.500000e+00 -2.000000e-01   
   611   7.100000e+00  2.000000e-01   
   612   7.700000e+00 -4.000000e-01   
   613   4.700000e+00  1.400000e+00   
   614   8.500000e+00 -1.600000e+00   
   615   5.900000e+00  1.000000e+00   
   616   6.300000e+00  8.000000e-01   
   617   8.300000e+00 -1.200000e+00   
   618   6.900000e+00  4.000000e-01   
   619   7.900000e+00 -6.000000e-01   
   620   5.500000e+00  1.200000e+00   
   621   4.900000e+00  1.400000e+00   
   622   3.500000e+00  1.600000e+00   
   623   6.700000e+00  6.000000e-01   
   624   8.100000e+00 -8.000000e-01   
   625   3.700000e+00  1.600000e+00   
   626   3.900000e+00  1.600000e+00   
   627   5.100000e+00  1.400000e+00   
   628   4.100000e+00  1.600000e+00   
   629   6.100000e+00  1.000000e+00   
   630   8.500000e+00 -1.400000e+00   
   631   5.700000e+00  1.200000e+00   
   632   7.500000e+00 -4.440892e-16   
   633   4.300000e+00  1.600000e+00   
   634   8.300000e+00 -1.000000e+00   
   635   6.500000e+00  8.000000e-01   
   636   7.700000e+00 -2.000000e-01   
   637   7.300000e+00  2.000000e-01   
   638   7.100000e+00  4.000000e-01   
   639   7.900000e+00 -4.000000e-01   
   640   4.500000e+00  1.600000e+00   
   641   5.300000e+00  1.400000e+00   
   642   6.900000e+00  6.000000e-01   
   643   8.100000e+00 -6.000000e-01   
   644   4.700000e+00  1.600000e+00   
   645   5.900000e+00  1.200000e+00   
   646   8.500000e+00 -1.200000e+00   
   647   6.300000e+00  1.000000e+00   
   648   5.500000e+00  1.400000e+00   
   649   6.700000e+00  8.000000e-01   
   650   8.300000e+00 -8.000000e-01   
   651   4.900000e+00  1.600000e+00   
   652   7.700000e+00  0.000000e+00   
   653   3.500000e+00  1.800000e+00   
   654   7.500000e+00  2.000000e-01   
   655   3.700000e+00  1.800000e+00   
   656   7.300000e+00  4.000000e-01   
   657   6.100000e+00  1.200000e+00   
   658   7.900000e+00 -2.000000e-01   
   659   3.900000e+00  1.800000e+00   
   660   5.100000e+00  1.600000e+00   
   661   8.500000e+00 -1.000000e+00   
   662   6.500000e+00  1.000000e+00   
   663   5.700000e+00  1.400000e+00   
   664   4.100000e+00  1.800000e+00   
   665   7.100000e+00  6.000000e-01   
   666   8.100000e+00 -4.000000e-01   
   667   4.300000e+00  1.800000e+00   
   668   8.300000e+00 -6.000000e-01   
   669   6.900000e+00  8.000000e-01   
   670   5.300000e+00  1.600000e+00   
   671   4.500000e+00  1.800000e+00   
   672   6.300000e+00  1.200000e+00   
   673   5.900000e+00  1.400000e+00   
   674   4.700000e+00  1.800000e+00   
   675   8.500000e+00 -8.000000e-01   
   676   6.700000e+00  1.000000e+00   
   677   7.700000e+00  2.000000e-01   
   678   7.500000e+00  4.000000e-01   
   679   7.900000e+00  0.000000e+00   
   680   5.500000e+00  1.600000e+00   
   681   7.300000e+00  6.000000e-01   
   682   8.100000e+00 -2.000000e-01   
   683   4.900000e+00  1.800000e+00   
   684   6.100000e+00  1.400000e+00   
   685   7.100000e+00  8.000000e-01   
   686   3.500000e+00  2.000000e+00   
   687   8.300000e+00 -4.000000e-01   
   688   6.500000e+00  1.200000e+00   
   689   3.700000e+00  2.000000e+00   
   690   3.900000e+00  2.000000e+00   
   691   5.100000e+00  1.800000e+00   
   692   5.700000e+00  1.600000e+00   
   693   4.100000e+00  2.000000e+00   
   694   8.500000e+00 -6.000000e-01   
   695   6.900000e+00  1.000000e+00   
   696   4.300000e+00  2.000000e+00   
   697   5.300000e+00  1.800000e+00   
   698   7.700000e+00  4.000000e-01   
   699   6.300000e+00  1.400000e+00   
   700   7.900000e+00  2.000000e-01   
   701   4.500000e+00  2.000000e+00   
   702   5.900000e+00  1.600000e+00   
   703   8.100000e+00  0.000000e+00   
   704   7.500000e+00  6.000000e-01   
   705   6.700000e+00  1.200000e+00   
   706   4.700000e+00  2.000000e+00   
   707   7.300000e+00  8.000000e-01   
   708   8.300000e+00 -2.000000e-01   
   709   5.500000e+00  1.800000e+00   
   710   7.100000e+00  1.000000e+00   
   711   8.500000e+00 -4.000000e-01   
   712   4.900000e+00  2.000000e+00   
   713   6.100000e+00  1.600000e+00   
   714   6.500000e+00  1.400000e+00   
   715   3.500000e+00  2.200000e+00   
   716   3.700000e+00  2.200000e+00   
   717   5.700000e+00  1.800000e+00   
   718   5.100000e+00  2.000000e+00   
   719   6.900000e+00  1.200000e+00   
   720   3.900000e+00  2.200000e+00   
   721   7.900000e+00  4.000000e-01   
   722   4.100000e+00  2.200000e+00   
   723   7.700000e+00  6.000000e-01   
   724   8.100000e+00  2.000000e-01   
   725   8.300000e+00 -4.440892e-16   
   726   7.500000e+00  8.000000e-01   
   727   4.300000e+00  2.200000e+00   
   728   6.300000e+00  1.600000e+00   
   729   5.300000e+00  2.000000e+00   
   730   5.900000e+00  1.800000e+00   
   731   6.700000e+00  1.400000e+00   
   732   8.500000e+00 -2.000000e-01   
   733   7.300000e+00  1.000000e+00   
   734   4.500000e+00  2.200000e+00   
   735   4.700000e+00  2.200000e+00   
   736   5.500000e+00  2.000000e+00   
   737   7.100000e+00  1.200000e+00   
   738   6.500000e+00  1.600000e+00   
   739   4.900000e+00  2.200000e+00   
   740   6.100000e+00  1.800000e+00   
   741   8.100000e+00  4.000000e-01   
   742   7.900000e+00  6.000000e-01   
   743   7.700000e+00  8.000000e-01   
   744   8.300000e+00  2.000000e-01   
   745   6.900000e+00  1.400000e+00   
   746   5.700000e+00  2.000000e+00   
   747   3.500000e+00  2.400000e+00   
   748   7.500000e+00  1.000000e+00   
   749   3.700000e+00  2.400000e+00   
   750   8.500000e+00  0.000000e+00   
   751   5.100000e+00  2.200000e+00   
   752   3.900000e+00  2.400000e+00   
   753   4.100000e+00  2.400000e+00   
   754   7.300000e+00  1.200000e+00   
   755   6.300000e+00  1.800000e+00   
   756   6.700000e+00  1.600000e+00   
   757   4.300000e+00  2.400000e+00   
   758   5.300000e+00  2.200000e+00   
   759   5.900000e+00  2.000000e+00   
   760   4.500000e+00  2.400000e+00   
   761   7.100000e+00  1.400000e+00   
   762   8.100000e+00  6.000000e-01   
   763   4.700000e+00  2.400000e+00   
   764   8.300000e+00  4.000000e-01   
   765   7.900000e+00  8.000000e-01   
   766   5.500000e+00  2.200000e+00   
   767   7.700000e+00  1.000000e+00   
   768   8.500000e+00  2.000000e-01   
   769   6.500000e+00  1.800000e+00   
   770   6.100000e+00  2.000000e+00   
   771   6.900000e+00  1.600000e+00   
   772   4.900000e+00  2.400000e+00   
   773   7.500000e+00  1.200000e+00   
   774   5.700000e+00  2.200000e+00   
   775   5.100000e+00  2.400000e+00   
   776   3.500000e+00  2.600000e+00   
   777   7.300000e+00  1.400000e+00   
   778   3.700000e+00  2.600000e+00   
   779   3.900000e+00  2.600000e+00   
   780   6.300000e+00  2.000000e+00   
   781   6.700000e+00  1.800000e+00   
   782   4.100000e+00  2.600000e+00   
   783   8.100000e+00  8.000000e-01   
   784   5.300000e+00  2.400000e+00   
   785   5.900000e+00  2.200000e+00   
   786   8.300000e+00  6.000000e-01   
   787   4.300000e+00  2.600000e+00   
   788   7.100000e+00  1.600000e+00   
   789   8.500000e+00  4.000000e-01   
   790   7.900000e+00  1.000000e+00   
   791   4.500000e+00  2.600000e+00   
   792   7.700000e+00  1.200000e+00   
   793   5.500000e+00  2.400000e+00   
   794   6.500000e+00  2.000000e+00   
   795   4.700000e+00  2.600000e+00   
   796   7.500000e+00  1.400000e+00   
   797   6.100000e+00  2.200000e+00   
   798   6.900000e+00  1.800000e+00   
   799   4.900000e+00  2.600000e+00   
   800   7.300000e+00  1.600000e+00   
   801   5.700000e+00  2.400000e+00   
   802   8.300000e+00  8.000000e-01   
   803   5.100000e+00  2.600000e+00   
   804   8.500000e+00  6.000000e-01   
   805   8.100000e+00  1.000000e+00   
   806   3.500000e+00  2.800000e+00   
   807   6.700000e+00  2.000000e+00   
   808   6.300000e+00  2.200000e+00   
   809   3.700000e+00  2.800000e+00   
   810   7.900000e+00  1.200000e+00   
   811   3.900000e+00  2.800000e+00   
   812   7.100000e+00  1.800000e+00   
   813   4.100000e+00  2.800000e+00   
   814   5.900000e+00  2.400000e+00   
   815   5.300000e+00  2.600000e+00   
   816   7.700000e+00  1.400000e+00   
   817   4.300000e+00  2.800000e+00   
   818   4.500000e+00  2.800000e+00   
   819   7.500000e+00  1.600000e+00   
   820   6.500000e+00  2.200000e+00   
   821   6.900000e+00  2.000000e+00   
   822   5.500000e+00  2.600000e+00   
   823   4.700000e+00  2.800000e+00   
   824   6.100000e+00  2.400000e+00   
   825   8.500000e+00  8.000000e-01   
   826   8.300000e+00  1.000000e+00   
   827   7.300000e+00  1.800000e+00   
   828   4.900000e+00  2.800000e+00   
   829   8.100000e+00  1.200000e+00   
   830   5.700000e+00  2.600000e+00   
   831   7.900000e+00  1.400000e+00   
   832   6.700000e+00  2.200000e+00   
   833   5.100000e+00  2.800000e+00   
   834   6.300000e+00  2.400000e+00   
   835   7.100000e+00  2.000000e+00   
   836   7.700000e+00  1.600000e+00   
   837   3.500000e+00  3.000000e+00   
   838   3.700000e+00  3.000000e+00   
   839   3.900000e+00  3.000000e+00   
   840   5.900000e+00  2.600000e+00   
   841   4.100000e+00  3.000000e+00   
   842   5.300000e+00  2.800000e+00   
   843   7.500000e+00  1.800000e+00   
   844   4.300000e+00  3.000000e+00   
   845   6.500000e+00  2.400000e+00   
   846   8.500000e+00  1.000000e+00   
   847   6.900000e+00  2.200000e+00   
   848   4.500000e+00  3.000000e+00   
   849   8.300000e+00  1.200000e+00   
   850   5.500000e+00  2.800000e+00   
   851   8.100000e+00  1.400000e+00   
   852   6.100000e+00  2.600000e+00   
   853   7.300000e+00  2.000000e+00   
   854   4.700000e+00  3.000000e+00   
   855   7.900000e+00  1.600000e+00   
   856   4.900000e+00  3.000000e+00   
   857   5.700000e+00  2.800000e+00   
   858   6.700000e+00  2.400000e+00   
   859   7.700000e+00  1.800000e+00   
   860   7.100000e+00  2.200000e+00   
   861   6.300000e+00  2.600000e+00   
   862   5.100000e+00  3.000000e+00   
   863   3.500000e+00  3.200000e+00   
   864   3.700000e+00  3.200000e+00   
   865   7.500000e+00  2.000000e+00   
   866   5.900000e+00  2.800000e+00   
   867   3.900000e+00  3.200000e+00   
   868   8.500000e+00  1.200000e+00   
   869   8.300000e+00  1.400000e+00   
   870   4.100000e+00  3.200000e+00   
   871   5.300000e+00  3.000000e+00   
   872   4.300000e+00  3.200000e+00   
   873   8.100000e+00  1.600000e+00   
   874   6.900000e+00  2.400000e+00   
   875   6.500000e+00  2.600000e+00   
   876   4.500000e+00  3.200000e+00   
   877   7.300000e+00  2.200000e+00   
   878   7.900000e+00  1.800000e+00   
   879   6.100000e+00  2.800000e+00   
   880   5.500000e+00  3.000000e+00   
   881   4.700000e+00  3.200000e+00   
   882   7.700000e+00  2.000000e+00   
   883   6.700000e+00  2.600000e+00   
   884   4.900000e+00  3.200000e+00   
   885   5.700000e+00  3.000000e+00   
   886   7.100000e+00  2.400000e+00   
   887   6.300000e+00  2.800000e+00   
   888   8.500000e+00  1.400000e+00   
   889   8.300000e+00  1.600000e+00   
   890   5.100000e+00  3.200000e+00   
   891   7.500000e+00  2.200000e+00   
   892   3.500000e+00  3.400000e+00   
   893   5.900000e+00  3.000000e+00   
   894   8.100000e+00  1.800000e+00   
   895   3.700000e+00  3.400000e+00   
   896   3.900000e+00  3.400000e+00   
   897   5.300000e+00  3.200000e+00   
   898   6.900000e+00  2.600000e+00   
   899   4.100000e+00  3.400000e+00   
   900   6.500000e+00  2.800000e+00   
   901   7.900000e+00  2.000000e+00   
   902   7.300000e+00  2.400000e+00   
   903   4.300000e+00  3.400000e+00   
   904   6.100000e+00  3.000000e+00   
   905   4.500000e+00  3.400000e+00   
   906   5.500000e+00  3.200000e+00   
   907   7.700000e+00  2.200000e+00   
   908   4.700000e+00  3.400000e+00   
   909   8.500000e+00  1.600000e+00   
   910   6.700000e+00  2.800000e+00   
   911   7.100000e+00  2.600000e+00   
   912   5.700000e+00  3.200000e+00   
   913   8.300000e+00  1.800000e+00   
   914   4.900000e+00  3.400000e+00   
   915   6.300000e+00  3.000000e+00   
   916   7.500000e+00  2.400000e+00   
   917   8.100000e+00  2.000000e+00   
   918   5.100000e+00  3.400000e+00   
   919   5.900000e+00  3.200000e+00   
   920   3.500000e+00  3.600000e+00   
   921   3.700000e+00  3.600000e+00   
   922   7.900000e+00  2.200000e+00   
   923   6.900000e+00  2.800000e+00   
   924   3.900000e+00  3.600000e+00   
   925   7.300000e+00  2.600000e+00   
   926   6.500000e+00  3.000000e+00   
   927   5.300000e+00  3.400000e+00   
   928   4.100000e+00  3.600000e+00   
   929   4.300000e+00  3.600000e+00   
   930   7.700000e+00  2.400000e+00   
   931   6.100000e+00  3.200000e+00   
   932   8.500000e+00  1.800000e+00   
   933   4.500000e+00  3.600000e+00   
   934   5.500000e+00  3.400000e+00   
   935   8.300000e+00  2.000000e+00   
   936   7.100000e+00  2.800000e+00   
   937   4.700000e+00  3.600000e+00   
   938   6.700000e+00  3.000000e+00   
   939   7.500000e+00  2.600000e+00   
   940   8.100000e+00  2.200000e+00   
   941   5.700000e+00  3.400000e+00   
   942   6.300000e+00  3.200000e+00   
   943   4.900000e+00  3.600000e+00   
   944   5.100000e+00  3.600000e+00   
   945   7.900000e+00  2.400000e+00   
   946   5.900000e+00  3.400000e+00   
   947   6.900000e+00  3.000000e+00   
   948   7.300000e+00  2.800000e+00   
   949   3.500000e+00  3.800000e+00   
   950   6.500000e+00  3.200000e+00   
   951   3.700000e+00  3.800000e+00   
   952   5.300000e+00  3.600000e+00   
   953   8.500000e+00  2.000000e+00   
   954   3.900000e+00  3.800000e+00   
   955   7.700000e+00  2.600000e+00   
   956   4.100000e+00  3.800000e+00   
   957   8.300000e+00  2.200000e+00   
   958   4.300000e+00  3.800000e+00   
   959   6.100000e+00  3.400000e+00   
   960   5.500000e+00  3.600000e+00   
   961   4.500000e+00  3.800000e+00   
   962   7.100000e+00  3.000000e+00   
   963   6.700000e+00  3.200000e+00   
   964   8.100000e+00  2.400000e+00   
   965   7.500000e+00  2.800000e+00   
   966   4.700000e+00  3.800000e+00   
   967   5.700000e+00  3.600000e+00   
   968   6.300000e+00  3.400000e+00   
   969   4.900000e+00  3.800000e+00   
   970   7.900000e+00  2.600000e+00   
   971   5.100000e+00  3.800000e+00   
   972   6.900000e+00  3.200000e+00   
   973   7.300000e+00  3.000000e+00   
   974   8.500000e+00  2.200000e+00   
   975   5.900000e+00  3.600000e+00   
   976   6.500000e+00  3.400000e+00   
   977   7.700000e+00  2.800000e+00   
   978   8.300000e+00  2.400000e+00   
   979   3.500000e+00  4.000000e+00   
   980   3.700000e+00  4.000000e+00   
   981   5.300000e+00  3.800000e+00   
   982   3.900000e+00  4.000000e+00   
   983   4.100000e+00  4.000000e+00   
   984   6.100000e+00  3.600000e+00   
   985   4.300000e+00  4.000000e+00   
   986   8.100000e+00  2.600000e+00   
   987   7.100000e+00  3.200000e+00   
   988   5.500000e+00  3.800000e+00   
   989   4.500000e+00  4.000000e+00   
   990   7.500000e+00  3.000000e+00   
   991   6.700000e+00  3.400000e+00   
   992   4.700000e+00  4.000000e+00   
   993   7.900000e+00  2.800000e+00   
   994   6.300000e+00  3.600000e+00   
   995   5.700000e+00  3.800000e+00   
   996   8.500000e+00  2.400000e+00   
   997   4.900000e+00  4.000000e+00   
   998   7.300000e+00  3.200000e+00   
   999   6.900000e+00  3.400000e+00   
   1000   5.100000e+00  4.000000e+00   
   1001   5.900000e+00  3.800000e+00   
   1002   8.300000e+00  2.600000e+00   
   1003   7.700000e+00  3.000000e+00   
   1004   6.500000e+00  3.600000e+00   
   1005   5.300000e+00  4.000000e+00   
   1006   8.100000e+00  2.800000e+00   
   1007   6.100000e+00  3.800000e+00   
   1008   7.100000e+00  3.400000e+00   
   1009   7.500000e+00  3.200000e+00   
   1010   6.700000e+00  3.600000e+00   
   1011   5.500000e+00  4.000000e+00   
   1012   7.900000e+00  3.000000e+00   
   1013   8.500000e+00  2.600000e+00   
   1014   6.300000e+00  3.800000e+00   
   1015   5.700000e+00  4.000000e+00   
   1016   7.300000e+00  3.400000e+00   
   1017   8.300000e+00  2.800000e+00   
   1018   6.900000e+00  3.600000e+00   
   1019   7.700000e+00  3.200000e+00   
   1020   5.900000e+00  4.000000e+00   
   1021   6.500000e+00  3.800000e+00   
   1022   8.100000e+00  3.000000e+00   
   1023   7.100000e+00  3.600000e+00   
   1024   6.100000e+00  4.000000e+00   
   1025   7.500000e+00  3.400000e+00   
   1026   6.700000e+00  3.800000e+00   
   1027   7.900000e+00  3.200000e+00   
   1028   8.500000e+00  2.800000e+00   
   1029   6.300000e+00  4.000000e+00   
   1030   8.300000e+00  3.000000e+00   
   1031   7.300000e+00  3.600000e+00   
   1032   7.700000e+00  3.400000e+00   
   1033   6.900000e+00  3.800000e+00   
   1034   8.100000e+00  3.200000e+00   
   1035   6.500000e+00  4.000000e+00   
   1036   7.500000e+00  3.600000e+00   
   1037   7.100000e+00  3.800000e+00   
   1038   8.500000e+00  3.000000e+00   
   1039   7.900000e+00  3.400000e+00   
   1040   6.700000e+00  4.000000e+00   
   1041   8.300000e+00  3.200000e+00   
   1042   7.300000e+00  3.800000e+00   
   1043   7.700000e+00  3.600000e+00   
   1044   6.900000e+00  4.000000e+00   
   1045   8.100000e+00  3.400000e+00   
   1046   8.500000e+00  3.200000e+00   
   1047   7.500000e+00  3.800000e+00   
   1048   7.100000e+00  4.000000e+00   
   1049   7.900000e+00  3.600000e+00   
   1050   8.300000e+00  3.400000e+00   
   1051   7.300000e+00  4.000000e+00   
   1052   7.700000e+00  3.800000e+00   
   1053   8.100000e+00  3.600000e+00   
   1054   8.500000e+00  3.400000e+00   
   1055   7.500000e+00  4.000000e+00   
   1056   7.900000e+00  3.800000e+00   
   1057   8.300000e+00  3.600000e+00   
   1058   7.700000e+00  4.000000e+00   
   1059   8.100000e+00  3.800000e+00   
   1060   8.500000e+00  3.600000e+00   
   1061   7.900000e+00  4.000000e+00   
   1062   8.300000e+00  3.800000e+00   
   1063   8.100000e+00  4.000000e+00   
   1064   8.500000e+00  3.800000e+00   
   1065   8.300000e+00  4.000000e+00   
   1066   8.500000e+00  4.000000e+00   
  END_COORDINATES
  BOUNDARIES, ELEMENT
    1         1     2         1     
    2         3     1         1     
    3         2     5         2     
    4         5     10         3     
    5         10     16         4     
    6         16     25         5     
    7         25     34         6     
    8         34     44         7     
    9         44     57         8     
    10         57     72         9     
    11         72     89         10     
    12         89     105         11     
    13         105     122         12     
    14         122     143         13     
    15         143     168         14     
    16         168     191         15     
    17         191     215         16     
    18         215     241         17     
    19         241     270         18     
    20         270     301         19     
    21         301     333         20     
    22         333     364         21     
    23         364     401         22     
    24         401     437         23     
    25         437     473         24     
    26         473     514         25     
    27         514     518         25     
    28         6     3         26     
    29         518     523         50     
    30         11     6         51     
    31         523     525         75     
    32         17     11         76     
    33         525     532         100     
    34         26     17         101     
    35         532     537         125     
    36         35     26         126     
    37         537     547         150     
    38         45     35         151     
    39         547     552         175     
    40         58     45         176     
    41         552     567         200     
    42         73     58         201     
    43         567     576         225     
    44         90     73         226     
    45         576     590         250     
    46         106     90         251     
    47         590     604         275     
    48         123     106         276     
    49         604     614         300     
    50         144     123         301     
    51         614     630         325     
    52         167     144         326     
    53         630     646         350     
    54         192     167         351     
    55         646     661         375     
    56         216     192         376     
    57         661     675         400     
    58         242     216         401     
    59         675     694         425     
    60         271     242         426     
    61         694     711         450     
    62         302     271         451     
    63         711     732         475     
    64         334     302         476     
    65         732     750         500     
    66         365     334         501     
    67         750     768         525     
    68         402     365         526     
    69         768     789         550     
    70         436     402         551     
    71         789     804         575     
    72         472     436         576     
    73         804     825         600     
    74         515     472         601     
    75         825     846         625     
    76         555     515         626     
    77         846     868         650     
    78         591     555         651     
    79         868     888         675     
    80         622     591         676     
    81         888     909         700     
    82         653     622         701     
    83         909     932         725     
    84         686     653         726     
    85         932     953         750     
    86         715     686         751     
    87         953     974         775     
    88         747     715         776     
    89         974     996         800     
    90         776     747         801     
    91         996     1013         825     
    92         806     776         826     
    93         1013     1028         850     
    94         837     806         851     
    95         1028     1038         875     
    96         863     837         876     
    97         1038     1046         900     
    98         892     863         901     
    99         1046     1054         925     
    100         920     892         926     
    101         1054     1060         950     
    102         949     920         951     
    103         1060     1064         975     
    104         980     979         976     
    105         979     949         976     
    106         982     980         977     
    107         983     982         978     
    108         985     983         979     
    109         989     985         980     
    110         992     989         981     
    111         997     992         982     
    112         1000     997         983     
    113         1005     1000         984     
    114         1011     1005         985     
    115         1015     1011         986     
    116         1020     1015         987     
    117         1024     1020         988     
    118         1029     1024         989     
    119         1035     1029         990     
    120         1040     1035         991     
    121         1044     1040         992     
    122         1048     1044         993     
    123         1051     1048         994     
    124         1055     1051         995     
    125         1058     1055         996     
    126         1061     1058         997     
    127         1063     1061         998     
    128         1065     1063         999     
    129         1064     1066         1000     
    130         1066     1065         1000     
  END_BOUNDARIES
  MATERIALS, NUMBER= 1, DEFAULT=1
  END_MATERIALS
  SUBDOMAINS
  END_SUBDOMAINS
  CHARACTERISTICS
  END_CHARACTERISTICS
