  NODES_PER_ELEMENT
   1 3
   2 3
   3 3
   4 3
   5 3
   6 3
   7 3
   8 3
   9 3
   10 3
   11 3
   12 3
   13 3
   14 3
   15 3
   16 3
   17 3
   18 3
   19 3
   20 3
   21 3
   22 3
   23 3
   24 3
   25 3
   26 3
   27 3
   28 3
   29 3
   30 3
   31 3
   32 3
   33 3
   34 3
   35 3
   36 3
   37 3
   38 3
   39 3
   40 3
   41 3
   42 3
   43 3
   44 3
   45 3
   46 3
   47 3
   48 3
   49 3
   50 3
   51 3
   52 3
   53 3
   54 3
   55 3
   56 3
   57 3
   58 3
   59 3
   60 3
   61 3
   62 3
   63 3
   64 3
   65 3
   66 3
   67 3
   68 3
   69 3
   70 3
   71 3
   72 3
   73 3
   74 3
   75 3
   76 3
   77 3
   78 3
   79 3
   80 3
   81 3
   82 3
   83 3
   84 3
   85 3
   86 3
   87 3
   88 3
   89 3
   90 3
   91 3
   92 3
   93 3
   94 3
   95 3
   96 3
   97 3
   98 3
   99 3
   100 3
   101 3
   102 3
   103 3
   104 3
   105 3
   106 3
   107 3
   108 3
   109 3
   110 3
   111 3
   112 3
   113 3
   114 3
   115 3
   116 3
   117 3
   118 3
   119 3
   120 3
   121 3
   122 3
   123 3
   124 3
   125 3
   126 3
   127 3
   128 3
   129 3
   130 3
   131 3
   132 3
   133 3
   134 3
   135 3
   136 3
   137 3
   138 3
   139 3
   140 3
   141 3
   142 3
   143 3
   144 3
   145 3
   146 3
   147 3
   148 3
   149 3
   150 3
   151 3
   152 3
   153 3
   154 3
   155 3
   156 3
   157 3
   158 3
   159 3
   160 3
   161 3
   162 3
   163 3
   164 3
   165 3
   166 3
   167 3
   168 3
   169 3
   170 3
   171 3
   172 3
   173 3
   174 3
   175 3
   176 3
   177 3
   178 3
   179 3
   180 3
   181 3
   182 3
   183 3
   184 3
   185 3
   186 3
   187 3
   188 3
   189 3
   190 3
   191 3
   192 3
   193 3
   194 3
   195 3
   196 3
   197 3
   198 3
   199 3
   200 3
   201 3
   202 3
   203 3
   204 3
   205 3
   206 3
   207 3
   208 3
   209 3
   210 3
   211 3
   212 3
   213 3
   214 3
   215 3
   216 3
   217 3
   218 3
   219 3
   220 3
   221 3
   222 3
   223 3
   224 3
   225 3
   226 3
   227 3
   228 3
   229 3
   230 3
   231 3
   232 3
   233 3
   234 3
   235 3
   236 3
   237 3
   238 3
   239 3
   240 3
   241 3
   242 3
   243 3
   244 3
   245 3
   246 3
   247 3
   248 3
   249 3
   250 3
   251 3
   252 3
   253 3
   254 3
   255 3
   256 3
   257 3
   258 3
   259 3
   260 3
   261 3
   262 3
   263 3
   264 3
   265 3
   266 3
   267 3
   268 3
   269 3
   270 3
   271 3
   272 3
   273 3
   274 3
   275 3
   276 3
   277 3
   278 3
   279 3
   280 3
   281 3
   282 3
   283 3
   284 3
   285 3
   286 3
   287 3
   288 3
   289 3
   290 3
   291 3
   292 3
   293 3
   294 3
   295 3
   296 3
   297 3
   298 3
   299 3
   300 3
   301 3
   302 3
   303 3
   304 3
   305 3
   306 3
   307 3
   308 3
   309 3
   310 3
   311 3
   312 3
   313 3
   314 3
   315 3
   316 3
   317 3
   318 3
   319 3
   320 3
   321 3
   322 3
   323 3
   324 3
   325 3
   326 3
   327 3
   328 3
   329 3
   330 3
   331 3
   332 3
   333 3
   334 3
   335 3
   336 3
   337 3
   338 3
   339 3
   340 3
   341 3
   342 3
   343 3
   344 3
   345 3
   346 3
   347 3
   348 3
   349 3
   350 3
   351 3
   352 3
   353 3
   354 3
   355 3
   356 3
   357 3
   358 3
   359 3
   360 3
   361 3
   362 3
   363 3
   364 3
   365 3
   366 3
   367 3
   368 3
   369 3
   370 3
   371 3
   372 3
   373 3
   374 3
   375 3
   376 3
   377 3
   378 3
   379 3
   380 3
   381 3
   382 3
   383 3
   384 3
   385 3
   386 3
   387 3
   388 3
   389 3
   390 3
   391 3
   392 3
   393 3
   394 3
   395 3
   396 3
   397 3
   398 3
   399 3
   400 3
   401 3
   402 3
   403 3
   404 3
   405 3
   406 3
   407 3
   408 3
   409 3
   410 3
   411 3
   412 3
   413 3
   414 3
   415 3
   416 3
   417 3
   418 3
   419 3
   420 3
   421 3
   422 3
   423 3
   424 3
   425 3
   426 3
   427 3
   428 3
   429 3
   430 3
   431 3
   432 3
   433 3
   434 3
   435 3
   436 3
   437 3
   438 3
   439 3
   440 3
   441 3
   442 3
   443 3
   444 3
   445 3
   446 3
   447 3
   448 3
   449 3
   450 3
   451 3
   452 3
   453 3
   454 3
   455 3
   456 3
   457 3
   458 3
   459 3
   460 3
   461 3
   462 3
   463 3
   464 3
   465 3
   466 3
   467 3
   468 3
   469 3
   470 3
   471 3
   472 3
   473 3
   474 3
   475 3
   476 3
   477 3
   478 3
   479 3
   480 3
   481 3
   482 3
   483 3
   484 3
   485 3
   486 3
   487 3
   488 3
   489 3
   490 3
   491 3
   492 3
   493 3
   494 3
   495 3
   496 3
   497 3
   498 3
   499 3
   500 3
   501 3
   502 3
   503 3
   504 3
   505 3
   506 3
   507 3
   508 3
   509 3
   510 3
   511 3
   512 3
   513 3
   514 3
   515 3
   516 3
   517 3
   518 3
   519 3
   520 3
   521 3
   522 3
   523 3
   524 3
   525 3
   526 3
   527 3
   528 3
   529 3
   530 3
   531 3
   532 3
   533 3
   534 3
   535 3
   536 3
   537 3
   538 3
   539 3
   540 3
   541 3
   542 3
   543 3
   544 3
   545 3
   546 3
   547 3
   548 3
   549 3
   550 3
   551 3
   552 3
   553 3
   554 3
   555 3
   556 3
   557 3
   558 3
   559 3
   560 3
   561 3
   562 3
   563 3
   564 3
   565 3
   566 3
   567 3
   568 3
   569 3
   570 3
   571 3
   572 3
   573 3
   574 3
   575 3
   576 3
   577 3
   578 3
   579 3
   580 3
   581 3
   582 3
   583 3
   584 3
   585 3
   586 3
   587 3
   588 3
   589 3
   590 3
   591 3
   592 3
   593 3
   594 3
   595 3
   596 3
   597 3
   598 3
   599 3
   600 3
   601 3
   602 3
   603 3
   604 3
   605 3
   606 3
   607 3
   608 3
   609 3
   610 3
   611 3
   612 3
   613 3
   614 3
   615 3
   616 3
   617 3
   618 3
   619 3
   620 3
   621 3
   622 3
   623 3
   624 3
   625 3
   626 3
   627 3
   628 3
   629 3
   630 3
   631 3
   632 3
   633 3
   634 3
   635 3
   636 3
   637 3
   638 3
   639 3
   640 3
   641 3
   642 3
   643 3
   644 3
   645 3
   646 3
   647 3
   648 3
   649 3
   650 3
   651 3
   652 3
   653 3
   654 3
   655 3
   656 3
   657 3
   658 3
   659 3
   660 3
   661 3
   662 3
   663 3
   664 3
   665 3
   666 3
   667 3
   668 3
   669 3
   670 3
   671 3
   672 3
   673 3
   674 3
   675 3
   676 3
   677 3
   678 3
   679 3
   680 3
   681 3
   682 3
   683 3
   684 3
   685 3
   686 3
   687 3
   688 3
   689 3
   690 3
   691 3
   692 3
   693 3
   694 3
   695 3
   696 3
   697 3
   698 3
   699 3
   700 3
   701 3
   702 3
   703 3
   704 3
   705 3
   706 3
   707 3
   708 3
   709 3
   710 3
   711 3
   712 3
   713 3
   714 3
   715 3
   716 3
   717 3
   718 3
   719 3
   720 3
   721 3
   722 3
   723 3
   724 3
   725 3
   726 3
   727 3
   728 3
   729 3
   730 3
   731 3
   732 3
   733 3
   734 3
   735 3
   736 3
   737 3
   738 3
   739 3
   740 3
   741 3
   742 3
   743 3
   744 3
   745 3
   746 3
   747 3
   748 3
   749 3
   750 3
   751 3
   752 3
   753 3
   754 3
   755 3
   756 3
   757 3
   758 3
   759 3
   760 3
   761 3
   762 3
   763 3
   764 3
   765 3
   766 3
   767 3
   768 3
   769 3
   770 3
   771 3
   772 3
   773 3
   774 3
   775 3
   776 3
   777 3
   778 3
   779 3
   780 3
   781 3
   782 3
   783 3
   784 3
   785 3
   786 3
   787 3
   788 3
   789 3
   790 3
   791 3
   792 3
   793 3
   794 3
   795 3
   796 3
   797 3
   798 3
   799 3
   800 3
   801 3
   802 3
   803 3
   804 3
   805 3
   806 3
   807 3
   808 3
   809 3
   810 3
   811 3
   812 3
   813 3
   814 3
   815 3
   816 3
   817 3
   818 3
   819 3
   820 3
   821 3
   822 3
   823 3
   824 3
   825 3
   826 3
   827 3
   828 3
   829 3
   830 3
   831 3
   832 3
   833 3
   834 3
   835 3
   836 3
   837 3
   838 3
   839 3
   840 3
   841 3
   842 3
   843 3
   844 3
   845 3
   846 3
   847 3
   848 3
   849 3
   850 3
   851 3
   852 3
   853 3
   854 3
   855 3
   856 3
   857 3
   858 3
   859 3
   860 3
   861 3
   862 3
   863 3
   864 3
   865 3
   866 3
   867 3
   868 3
   869 3
   870 3
   871 3
   872 3
   873 3
   874 3
   875 3
   876 3
   877 3
   878 3
   879 3
   880 3
   881 3
   882 3
   883 3
   884 3
   885 3
   886 3
   887 3
   888 3
   889 3
   890 3
   891 3
   892 3
   893 3
   894 3
   895 3
   896 3
   897 3
   898 3
   899 3
   900 3
   901 3
   902 3
   903 3
   904 3
   905 3
   906 3
   907 3
   908 3
   909 3
   910 3
   911 3
   912 3
   913 3
   914 3
   915 3
   916 3
   917 3
   918 3
   919 3
   920 3
   921 3
   922 3
   923 3
   924 3
   925 3
   926 3
   927 3
   928 3
   929 3
   930 3
   931 3
   932 3
   933 3
   934 3
   935 3
   936 3
   937 3
   938 3
   939 3
   940 3
   941 3
   942 3
   943 3
   944 3
   945 3
   946 3
   947 3
   948 3
   949 3
   950 3
   951 3
   952 3
   953 3
   954 3
   955 3
   956 3
   957 3
   958 3
   959 3
   960 3
   961 3
   962 3
   963 3
   964 3
   965 3
   966 3
   967 3
   968 3
   969 3
   970 3
   971 3
   972 3
   973 3
   974 3
   975 3
   976 3
   977 3
   978 3
   979 3
   980 3
   981 3
   982 3
   983 3
   984 3
   985 3
   986 3
   987 3
   988 3
   989 3
   990 3
   991 3
   992 3
   993 3
   994 3
   995 3
   996 3
   997 3
   998 3
   999 3
   1000 3
   1001 3
   1002 3
   1003 3
   1004 3
   1005 3
   1006 3
   1007 3
   1008 3
   1009 3
   1010 3
   1011 3
   1012 3
   1013 3
   1014 3
  END_NODES_PER_ELEMENT
  ELEMENTS
  1 552 551 550  
  2 506 505 483  
  3 209 236 224  
  4 531 526 514  
  5 48 65 57  
  6 544 542 536  
  7 515 511 494  
  8 11 18 16  
  9 117 136 129  
  10 549 548 543  
  11 523 519 502  
  12 2 6 4  
  13 82 99 86  
  14 537 534 525  
  15 510 507 489  
  16 26 35 33  
  17 159 184 174  
  18 551 549 547  
  19 1 2 3  
  20 236 263 264  
  21 526 523 509  
  22 65 82 71  
  23 542 537 532  
  24 511 510 491  
  25 18 26 24  
  26 136 159 152  
  27 548 544 540  
  28 519 515 497  
  29 6 11 9  
  30 99 117 109  
  31 534 531 521  
  32 507 506 486  
  33 35 48 44  
  34 184 209 197  
  35 118 100 111  
  36 288 294 265  
  37 503 520 500  
  38 323 296 311  
  39 12 7 10  
  40 377 392 369  
  41 418 395 405  
  42 51 36 45  
  43 327 337 313  
  44 546 550 545  
  45 213 189 200  
  46 264 267 243  
  47 437 454 433  
  48 462 439 448  
  49 83 68 72  
  50 306 315 289  
  51 533 539 530  
  52 269 240 255  
  53 409 421 400  
  54 372 349 359  
  55 27 19 25  
  56 352 364 341  
  57 161 138 155  
  58 275 281 252  
  59 470 487 466  
  60 483 462 469  
  61 100 83 91  
  62 294 306 279  
  63 520 533 518  
  64 296 269 285  
  65 7 3 5  
  66 392 409 385  
  67 395 372 383  
  68 36 27 34  
  69 337 352 328  
  70 189 161 176  
  71 267 275 238  
  72 454 470 449  
  73 439 418 428  
  74 68 51 58  
  75 315 327 302  
  76 539 546 538  
  77 240 213 226  
  78 421 437 417  
  79 349 323 335  
  80 19 12 17  
  81 364 377 355  
  82 138 118 132  
  83 281 288 256  
  84 487 503 484  
  85 224 236 264  
  86 502 519 497  
  87 502 497 481  
  88 509 523 502  
  89 509 502 488  
  90 9 11 16  
  91 9 16 13  
  92 481 497 476  
  93 502 481 488  
  94 488 481 465  
  95 509 488 493  
  96 9 13 8  
  97 465 481 460  
  98 494 511 491  
  99 494 491 475  
  100 475 491 472  
  101 494 475 476  
  102 476 475 455  
  103 494 476 497  
  104 494 497 515  
  105 455 475 453  
  106 476 455 460  
  107 460 455 440  
  108 440 455 435  
  109 460 440 444  
  110 476 460 481  
  111 489 507 486  
  112 489 486 468  
  113 468 486 469  
  114 469 486 483  
  115 489 468 472  
  116 472 468 450  
  117 489 472 491  
  118 489 491 510  
  119 450 468 448  
  120 472 450 453  
  121 453 450 432  
  122 472 453 475  
  123 432 450 424  
  124 453 432 435  
  125 435 432 413  
  126 453 435 455  
  127 413 432 411  
  128 435 413 419  
  129 24 26 33  
  130 24 33 30  
  131 30 33 42  
  132 24 30 21  
  133 44 48 57  
  134 44 57 54  
  135 54 57 69  
  136 44 54 42  
  137 42 54 50  
  138 44 42 33  
  139 44 33 35  
  140 50 54 64  
  141 42 50 38  
  142 57 65 71  
  143 57 71 69  
  144 69 71 84  
  145 84 71 86  
  146 84 86 101  
  147 86 71 82  
  148 101 86 109  
  149 101 109 119  
  150 109 86 99  
  151 84 101 97  
  152 119 109 129  
  153 119 129 139  
  154 129 109 117  
  155 139 129 152  
  156 139 152 165  
  157 119 139 134  
  158 152 129 136  
  159 165 152 174  
  160 165 174 190  
  161 139 165 156  
  162 174 152 159  
  163 190 174 197  
  164 190 197 214  
  165 165 190 179  
  166 197 174 184  
  167 214 197 224  
  168 214 224 243  
  169 243 224 264  
  170 190 214 203  
  171 224 197 209  
  172 101 119 115  
  173 69 84 80  
  174 203 214 238  
  175 190 203 179  
  176 179 203 195  
  177 195 203 223  
  178 179 195 173  
  179 532 537 525  
  180 532 525 516  
  181 516 525 508  
  182 532 516 524  
  183 521 531 514  
  184 521 514 499  
  185 499 514 493  
  186 499 493 477  
  187 493 514 509  
  188 509 514 526  
  189 477 493 473  
  190 499 477 485  
  191 521 499 508  
  192 508 499 485  
  193 521 508 525  
  194 508 485 495  
  195 521 525 534  
  196 495 485 474  
  197 508 495 516  
  198 516 495 504  
  199 504 495 482  
  200 516 504 524  
  201 524 504 512  
  202 512 504 492  
  203 524 512 529  
  204 540 544 536  
  205 540 536 529  
  206 540 529 535  
  207 529 536 524  
  208 524 536 532  
  209 532 536 542  
  210 535 529 522  
  211 540 535 543  
  212 543 535 541  
  213 540 543 548  
  214 541 535 527  
  215 543 541 547  
  216 547 541 545  
  217 547 545 550  
  218 543 547 549  
  219 4 6 9  
  220 4 9 8  
  221 4 8 5  
  222 4 5 3  
  223 16 18 24  
  224 16 24 21  
  225 16 21 13  
  226 13 21 20  
  227 20 21 28  
  228 13 20 15  
  229 486 506 483  
  230 488 465 473  
  231 473 465 451  
  232 488 473 493  
  233 451 465 444  
  234 444 465 460  
  235 451 444 429  
  236 473 451 457  
  237 2 4 3  
  238 551 547 550  
  239 156 165 179  
  240 156 179 173  
  241 156 173 151  
  242 151 173 169  
  243 156 151 134  
  244 134 151 130  
  245 156 134 139  
  246 130 151 146  
  247 134 130 115  
  248 115 130 110  
  249 134 115 119  
  250 110 130 125  
  251 115 110 97  
  252 97 110 92  
  253 92 110 106  
  254 97 92 80  
  255 80 92 76  
  256 76 92 88  
  257 80 76 64  
  258 64 76 59  
  259 115 97 101  
  260 97 80 84  
  261 59 76 73  
  262 64 59 50  
  263 50 59 46  
  264 46 59 61  
  265 50 46 38  
  266 429 444 422  
  267 451 429 434  
  268 106 110 125  
  269 106 125 121  
  270 121 125 141  
  271 106 121 103  
  272 92 106 88  
  273 88 106 103  
  274 88 103 87  
  275 87 103 105  
  276 88 87 73  
  277 73 87 75  
  278 88 73 76  
  279 75 87 93  
  280 73 75 61  
  281 61 75 63  
  282 73 61 59  
  283 63 75 79  
  284 61 63 49  
  285 482 495 474  
  286 482 474 458  
  287 458 474 452  
  288 482 458 471  
  289 527 535 522  
  290 527 522 513  
  291 38 46 37  
  292 522 529 512  
  293 522 512 501  
  294 501 512 492  
  295 522 501 513  
  296 513 501 490  
  297 501 492 478  
  298 490 501 478  
  299 490 478 467  
  300 513 490 498  
  301 467 478 456  
  302 490 467 479  
  303 125 130 146  
  304 125 146 141  
  305 141 146 163  
  306 163 146 169  
  307 163 169 187  
  308 141 163 160  
  309 169 146 151  
  310 187 169 186  
  311 163 187 181  
  312 504 482 492  
  313 492 482 471  
  314 492 471 478  
  315 478 471 456  
  316 456 471 447  
  317 541 528 538  
  318 111 100 91  
  319 111 91 102  
  320 530 539 538  
  321 530 538 528  
  322 383 372 359  
  323 383 359 374  
  324 256 288 265  
  325 256 265 237  
  326 111 102 120  
  327 530 528 517  
  328 383 374 397  
  329 256 237 223  
  330 313 337 328  
  331 313 328 303  
  332 303 328 317  
  333 313 303 286  
  334 466 487 484  
  335 466 484 463  
  336 463 484 480  
  337 466 463 445  
  338 302 327 313  
  339 302 313 286  
  340 302 286 273  
  341 273 286 257  
  342 302 273 289  
  343 289 273 259  
  344 302 289 315  
  345 259 273 244  
  346 289 259 279  
  347 279 259 248  
  348 289 279 306  
  349 248 259 230  
  350 279 248 265  
  351 265 248 237  
  352 237 248 220  
  353 279 265 294  
  354 220 248 230  
  355 220 230 202  
  356 237 220 211  
  357 202 230 216  
  358 220 202 187  
  359 187 202 181  
  360 181 202 216  
  361 216 230 244  
  362 216 244 228  
  363 244 230 259  
  364 228 244 257  
  365 228 257 246  
  366 216 228 201  
  367 246 257 276  
  368 228 246 217  
  369 257 244 273  
  370 276 257 286  
  371 276 286 303  
  372 276 303 290  
  373 290 303 317  
  374 276 290 260  
  375 246 276 260  
  376 246 260 232  
  377 232 260 250  
  378 246 232 217  
  379 217 232 204  
  380 204 232 222  
  381 217 204 193  
  382 250 260 280  
  383 232 250 222  
  384 222 250 241  
  385 10 7 5  
  386 10 5 8  
  387 25 19 17  
  388 25 17 23  
  389 23 17 14  
  390 25 23 32  
  391 238 275 252  
  392 238 252 223  
  393 433 454 449  
  394 433 449 427  
  395 427 449 445  
  396 427 445 423  
  397 445 449 466  
  398 466 449 470  
  399 423 445 442  
  400 427 423 406  
  401 433 427 410  
  402 518 533 530  
  403 518 530 517  
  404 518 517 496  
  405 496 517 498  
  406 498 517 513  
  407 496 498 479  
  408 518 496 500  
  409 500 496 480  
  410 480 496 479  
  411 518 500 520  
  412 500 480 484  
  413 500 484 503  
  414 335 323 311  
  415 335 311 326  
  416 326 311 301  
  417 335 326 351  
  418 400 421 417  
  419 400 417 396  
  420 396 417 410  
  421 396 410 388  
  422 410 417 433  
  423 433 417 437  
  424 388 410 406  
  425 388 406 387  
  426 396 388 373  
  427 406 410 427  
  428 387 406 404  
  429 388 387 367  
  430 400 396 376  
  431 328 352 341  
  432 328 341 317  
  433 317 341 331  
  434 331 341 355  
  435 331 355 347  
  436 355 341 364  
  437 347 355 369  
  438 347 369 361  
  439 369 355 377  
  440 361 369 385  
  441 361 385 376  
  442 361 376 356  
  443 385 369 392  
  444 376 385 400  
  445 356 376 373  
  446 356 373 350  
  447 361 356 339  
  448 400 385 409  
  449 347 361 339  
  450 347 339 322  
  451 322 339 314  
  452 347 322 331  
  453 331 322 307  
  454 307 322 297  
  455 331 307 317  
  456 317 307 290  
  457 290 307 280  
  458 290 280 260  
  459 373 376 396  
  460 350 373 367  
  461 350 367 344  
  462 367 373 388  
  463 356 350 333  
  464 297 322 314  
  465 297 314 292  
  466 292 314 310  
  467 297 292 270  
  468 307 297 280  
  469 339 356 333  
  470 314 339 333  
  471 314 333 310  
  472 310 333 329  
  473 329 333 350  
  474 329 350 344  
  475 329 344 321  
  476 310 329 304  
  477 321 344 342  
  478 329 321 304  
  479 304 321 298  
  480 298 321 319  
  481 304 298 278  
  482 310 304 283  
  483 319 321 342  
  484 319 342 338  
  485 338 342 366  
  486 319 338 318  
  487 298 319 295  
  488 278 298 272  
  489 304 278 283  
  490 283 278 254  
  491 254 278 249  
  492 283 254 262  
  493 200 189 176  
  494 200 176 192  
  495 192 176 167  
  496 200 192 215  
  497 91 83 72  
  498 91 72 85  
  499 85 72 70  
  500 91 85 102  
  501 102 85 98  
  502 98 85 81  
  503 102 98 116  
  504 226 213 200  
  505 226 200 215  
  506 226 215 245  
  507 245 215 233  
  508 226 245 255  
  509 255 245 274  
  510 226 255 240  
  511 274 245 261  
  512 255 274 285  
  513 285 274 301  
  514 301 274 291  
  515 255 285 269  
  516 285 301 311  
  517 291 274 261  
  518 291 261 282  
  519 301 291 316  
  520 285 311 296  
  521 282 261 251  
  522 291 282 308  
  523 316 291 308  
  524 316 308 332  
  525 332 308 324  
  526 316 332 340  
  527 301 316 326  
  528 326 316 340  
  529 326 340 351  
  530 351 340 362  
  531 362 340 354  
  532 351 362 374  
  533 374 362 389  
  534 351 374 359  
  535 351 359 335  
  536 335 359 349  
  537 389 362 378  
  538 374 389 397  
  539 397 389 411  
  540 397 411 424  
  541 424 411 432  
  542 405 395 383  
  543 405 383 397  
  544 405 397 424  
  545 155 138 132  
  546 155 132 142  
  547 142 132 120  
  548 142 120 135  
  549 120 132 111  
  550 111 132 118  
  551 135 120 116  
  552 135 116 133  
  553 142 135 157  
  554 133 116 113  
  555 135 133 154  
  556 155 142 167  
  557 167 142 157  
  558 167 157 180  
  559 155 167 176  
  560 155 176 161  
  561 180 157 175  
  562 167 180 192  
  563 192 180 205  
  564 205 180 198  
  565 192 205 215  
  566 215 205 233  
  567 233 205 225  
  568 225 205 198  
  569 225 198 218  
  570 218 198 194  
  571 225 218 242  
  572 233 225 251  
  573 233 251 261  
  574 251 225 242  
  575 233 261 245  
  576 116 120 102  
  577 428 418 405  
  578 428 405 424  
  579 72 68 58  
  580 72 58 70  
  581 70 58 55  
  582 55 58 45  
  583 55 45 41  
  584 45 58 51  
  585 41 45 34  
  586 41 34 32  
  587 41 32 39  
  588 34 45 36  
  589 32 34 25  
  590 39 32 29  
  591 41 39 52  
  592 25 34 27  
  593 55 41 52  
  594 55 52 66  
  595 66 52 62  
  596 55 66 70  
  597 70 66 81  
  598 81 66 78  
  599 78 66 62  
  600 78 62 74  
  601 81 78 95  
  602 74 62 60  
  603 78 74 89  
  604 60 62 47  
  605 74 60 77  
  606 89 74 90  
  607 78 89 95  
  608 95 89 108  
  609 108 89 104  
  610 95 108 113  
  611 29 32 23  
  612 29 23 22  
  613 22 23 14  
  614 22 14 15  
  615 15 14 8  
  616 22 15 20  
  617 15 8 13  
  618 29 22 31  
  619 70 81 85  
  620 52 39 47  
  621 47 39 40  
  622 52 47 62  
  623 40 39 29  
  624 47 40 53  
  625 40 29 31  
  626 53 40 43  
  627 47 53 60  
  628 60 53 67  
  629 67 53 56  
  630 60 67 77  
  631 77 67 79  
  632 56 53 43  
  633 56 43 49  
  634 56 49 63  
  635 56 63 67  
  636 80 64 69  
  637 69 64 54  
  638 469 462 448  
  639 469 448 468  
  640 538 546 545  
  641 538 545 541  
  642 448 439 428  
  643 448 428 424  
  644 17 12 10  
  645 17 10 14  
  646 14 10 8  
  647 243 267 238  
  648 243 238 214  
  649 252 281 256  
  650 252 256 223  
  651 228 217 201  
  652 201 217 193  
  653 201 193 177  
  654 177 193 168  
  655 201 177 181  
  656 528 541 527  
  657 528 527 513  
  658 93 87 105  
  659 93 105 112  
  660 112 105 126  
  661 93 112 96  
  662 79 75 93  
  663 79 93 96  
  664 79 94 77  
  665 308 282 300  
  666 61 49 46  
  667 46 49 37  
  668 37 49 43  
  669 282 251 277  
  670 63 79 67  
  671 216 201 181  
  672 452 474 464  
  673 186 169 173  
  674 186 173 195  
  675 186 195 211  
  676 186 211 187  
  677 237 211 223  
  678 471 458 447  
  679 447 458 438  
  680 438 458 452  
  681 438 452 431  
  682 447 438 426  
  683 431 452 443  
  684 438 431 416  
  685 426 438 416  
  686 426 416 402  
  687 447 426 436  
  688 443 452 464  
  689 443 464 457  
  690 443 457 434  
  691 443 434 420  
  692 457 464 477  
  693 457 477 473  
  694 477 464 485  
  695 485 464 474  
  696 420 434 412  
  697 443 420 431  
  698 431 420 408  
  699 408 420 399  
  700 431 408 416  
  701 416 408 393  
  702 393 408 384  
  703 416 393 402  
  704 402 393 380  
  705 380 393 371  
  706 402 380 391  
  707 399 420 412  
  708 399 412 390  
  709 390 412 407  
  710 399 390 375  
  711 408 399 384  
  712 384 399 375  
  713 384 375 360  
  714 360 375 353  
  715 384 360 371  
  716 371 360 345  
  717 345 360 336  
  718 371 345 358  
  719 407 412 429  
  720 407 429 422  
  721 390 407 386  
  722 375 390 368  
  723 353 375 368  
  724 353 368 346  
  725 346 368 365  
  726 353 346 330  
  727 360 353 336  
  728 336 353 330  
  729 336 330 312  
  730 312 330 305  
  731 336 312 325  
  732 345 336 325  
  733 345 325 334  
  734 334 325 309  
  735 345 334 358  
  736 358 334 343  
  737 343 334 320  
  738 358 343 370  
  739 309 325 299  
  740 334 309 320  
  741 371 358 380  
  742 380 358 370  
  743 380 370 391  
  744 391 370 381  
  745 381 370 357  
  746 391 381 403  
  747 312 305 287  
  748 357 370 343  
  749 357 343 338  
  750 381 357 366  
  751 391 403 414  
  752 305 330 324  
  753 325 312 299  
  754 299 312 287  
  755 299 287 271  
  756 271 287 258  
  757 299 271 284  
  758 403 381 394  
  759 393 384 371  
  760 365 368 386  
  761 365 386 379  
  762 346 348 324  
  763 330 346 324  
  764 426 402 414  
  765 426 414 436  
  766 414 402 391  
  767 436 414 425  
  768 425 414 403  
  769 425 403 415  
  770 415 403 394  
  771 415 394 404  
  772 425 415 441  
  773 436 425 446  
  774 193 204 178  
  775 163 181 160  
  776 160 181 177  
  777 160 177 149  
  778 204 222 196  
  779 211 220 187  
  780 424 450 448  
  781 344 367 363  
  782 254 249 227  
  783 419 413 398  
  784 108 104 124  
  785 425 441 446  
  786 446 441 459  
  787 459 441 461  
  788 446 459 467  
  789 467 459 479  
  790 446 467 456  
  791 479 461 480  
  792 446 456 436  
  793 436 456 447  
  794 28 21 30  
  795 28 30 38  
  796 28 38 37  
  797 28 37 31  
  798 38 30 42  
  799 283 262 292  
  800 292 262 270  
  801 270 262 241  
  802 283 292 310  
  803 241 262 234  
  804 234 262 254  
  805 234 254 227  
  806 234 227 210  
  807 210 227 199  
  808 234 210 219  
  809 241 234 219  
  810 241 219 222  
  811 222 219 196  
  812 199 227 221  
  813 210 199 182  
  814 219 210 196  
  815 104 89 90  
  816 104 90 107  
  817 107 90 94  
  818 104 107 123  
  819 168 193 178  
  820 168 178 153  
  821 153 178 172  
  822 168 153 140  
  823 441 415 430  
  824 198 180 175  
  825 198 175 194  
  826 194 175 170  
  827 170 175 154  
  828 170 154 148  
  829 194 170 188  
  830 148 154 133  
  831 148 133 128  
  832 170 148 166  
  833 128 133 113  
  834 148 128 144  
  835 128 113 108  
  836 128 108 124  
  837 166 148 144  
  838 166 144 164  
  839 170 166 188  
  840 188 166 185  
  841 185 166 164  
  842 185 164 183  
  843 188 185 208  
  844 183 164 162  
  845 185 183 206  
  846 194 188 212  
  847 435 419 440  
  848 440 419 422  
  849 422 419 401  
  850 440 422 444  
  851 401 419 398  
  852 401 398 379  
  853 422 401 407  
  854 343 320 318  
  855 413 411 389  
  856 20 28 31  
  857 81 95 98  
  858 249 278 272  
  859 249 272 247  
  860 247 272 268  
  861 249 247 221  
  862 338 366 357  
  863 183 162 191  
  864 247 268 239  
  865 479 498 490  
  866 362 354 378  
  867 457 451 434  
  868 319 318 295  
  869 295 318 293  
  870 293 318 320  
  871 295 293 268  
  872 185 206 208  
  873 208 206 229  
  874 229 206 239  
  875 208 229 235  
  876 342 344 363  
  877 188 208 212  
  878 212 208 235  
  879 212 235 231  
  880 231 235 258  
  881 231 258 242  
  882 231 242 218  
  883 231 218 212  
  884 212 218 194  
  885 144 128 124  
  886 206 183 207  
  887 268 272 295  
  888 318 338 343  
  889 366 342 363  
  890 354 340 332  
  891 354 332 348  
  892 348 332 324  
  893 348 346 365  
  894 348 365 379  
  895 354 348 379  
  896 164 144 143  
  897 162 164 143  
  898 162 143 145  
  899 145 143 123  
  900 162 145 171  
  901 284 271 253  
  902 94 90 77  
  903 107 94 114  
  904 258 287 277  
  905 271 258 235  
  906 104 123 124  
  907 124 123 143  
  908 124 143 144  
  909 105 103 122  
  910 297 270 280  
  911 299 284 309  
  912 309 284 293  
  913 123 107 127  
  914 103 121 122  
  915 122 121 149  
  916 404 406 423  
  917 404 423 430  
  918 389 378 398  
  919 398 378 379  
  920 379 378 354  
  921 182 199 171  
  922 141 160 149  
  923 367 387 363  
  924 363 387 382  
  925 382 387 404  
  926 363 382 366  
  927 324 308 300  
  928 324 300 305  
  929 126 105 122  
  930 126 122 140  
  931 140 122 149  
  932 140 149 168  
  933 126 140 153  
  934 96 112 114  
  935 96 114 94  
  936 96 94 79  
  937 423 442 430  
  938 430 442 441  
  939 135 154 157  
  940 157 154 175  
  941 121 141 149  
  942 112 126 131  
  943 210 182 196  
  944 442 445 463  
  945 442 463 461  
  946 461 463 480  
  947 461 479 459  
  948 461 441 442  
  949 113 116 98  
  950 113 98 95  
  951 221 227 249  
  952 199 221 191  
  953 43 40 31  
  954 390 386 368  
  955 195 223 211  
  956 412 434 429  
  957 379 386 401  
  958 171 145 147  
  959 250 280 270  
  960 250 270 241  
  961 162 171 191  
  962 191 171 199  
  963 223 203 238  
  964 386 407 401  
  965 74 77 90  
  966 517 528 513  
  967 235 229 253  
  968 253 229 239  
  969 298 295 272  
  970 287 305 277  
  971 394 381 366  
  972 31 22 20  
  973 300 282 277  
  974 153 172 150  
  975 183 191 207  
  976 277 251 242  
  977 277 242 258  
  978 178 204 196  
  979 398 413 389  
  980 247 239 207  
  981 172 178 196  
  982 430 415 404  
  983 239 268 266  
  984 206 207 239  
  985 253 271 235  
  986 131 126 153  
  987 171 158 182  
  988 127 107 114  
  989 112 131 114  
  990 284 253 266  
  991 266 253 239  
  992 123 127 145  
  993 147 145 127  
  994 150 172 158  
  995 153 150 131  
  996 131 150 137  
  997 137 150 158  
  998 131 137 114  
  999 266 268 293  
  1000 266 293 284  
  1001 158 172 182  
  1002 158 171 147  
  1003 320 309 293  
  1004 149 177 168  
  1005 382 404 394  
  1006 382 394 366  
  1007 207 191 221  
  1008 172 196 182  
  1009 127 114 137  
  1010 147 127 137  
  1011 147 137 158  
  1012 221 247 207  
  1013 300 277 305  
  1014 43 31 37  
  END_ELEMENTS  
  COORDINATES  
   1   8.500000e+00  4.000000e+00   
   2   8.205882e+00  4.000000e+00   
   3   8.500000e+00  3.703704e+00   
   4   8.058824e+00  3.740192e+00   
   5   8.243259e+00  3.518574e+00   
   6   7.911765e+00  4.000000e+00   
   7   8.500000e+00  3.407407e+00   
   8   7.917277e+00  3.482309e+00   
   9   7.764706e+00  3.740192e+00   
   10   8.240192e+00  3.259259e+00   
   11   7.617647e+00  4.000000e+00   
   12   8.500000e+00  3.111111e+00   
   13   7.617647e+00  3.480385e+00   
   14   7.981593e+00  3.114582e+00   
   15   7.748295e+00  3.250981e+00   
   16   7.470588e+00  3.740192e+00   
   17   8.240192e+00  2.962963e+00   
   18   7.323529e+00  4.000000e+00   
   19   8.500000e+00  2.814815e+00   
   20   7.502119e+00  3.211219e+00   
   21   7.329041e+00  3.482309e+00   
   22   7.722839e+00  2.966408e+00   
   23   7.980385e+00  2.814815e+00   
   24   7.176471e+00  3.740192e+00   
   25   8.240192e+00  2.666667e+00   
   26   7.029412e+00  4.000000e+00   
   27   8.500000e+00  2.518519e+00   
   28   7.172366e+00  3.227292e+00   
   29   7.724339e+00  2.667563e+00   
   30   7.029412e+00  3.480385e+00   
   31   7.399914e+00  2.887621e+00   
   32   7.981593e+00  2.515047e+00   
   33   6.882353e+00  3.740192e+00   
   34   8.240192e+00  2.370370e+00   
   35   6.735294e+00  4.000000e+00   
   36   8.500000e+00  2.222222e+00   
   37   7.039993e+00  2.969844e+00   
   38   6.886457e+00  3.227292e+00   
   39   7.724133e+00  2.368497e+00   
   40   7.468519e+00  2.514131e+00   
   41   7.986219e+00  2.230390e+00   
   42   6.729782e+00  3.482309e+00   
   43   7.199733e+00  2.646563e+00   
   44   6.588235e+00  3.740192e+00   
   45   8.240192e+00  2.074074e+00   
   46   6.740258e+00  2.966453e+00   
   47   7.490949e+00  2.220797e+00   
   48   6.441176e+00  4.000000e+00   
   49   6.887139e+00  2.718164e+00   
   50   6.587212e+00  3.221545e+00   
   51   8.500000e+00  1.925926e+00   
   52   7.734057e+00  2.069595e+00   
   53   7.220682e+00  2.347656e+00   
   54   6.441176e+00  3.480385e+00   
   55   7.984042e+00  1.932175e+00   
   56   6.971536e+00  2.510808e+00   
   57   6.294118e+00  3.740192e+00   
   58   8.240192e+00  1.777778e+00   
   59   6.442802e+00  2.970296e+00   
   60   7.223836e+00  2.084843e+00   
   61   6.588173e+00  2.708589e+00   
   62   7.474168e+00  1.921546e+00   
   63   6.743253e+00  2.455926e+00   
   64   6.287916e+00  3.223301e+00   
   65   6.147059e+00  4.000000e+00   
   66   7.733893e+00  1.773210e+00   
   67   6.962470e+00  2.213133e+00   
   68   8.500000e+00  1.629630e+00   
   69   6.141547e+00  3.482309e+00   
   70   7.981593e+00  1.633101e+00   
   71   6.000000e+00  3.740192e+00   
   72   8.240192e+00  1.481481e+00   
   73   6.290833e+00  2.712604e+00   
   74   7.211464e+00  1.786215e+00   
   75   6.446828e+00  2.460446e+00   
   76   6.146182e+00  2.974474e+00   
   77   6.958065e+00  1.946283e+00   
   78   7.468261e+00  1.639985e+00   
   79   6.650108e+00  2.145212e+00   
   80   5.988861e+00  3.224490e+00   
   81   7.721786e+00  1.484953e+00   
   82   5.852941e+00  4.000000e+00   
   83   8.500000e+00  1.333333e+00   
   84   5.843018e+00  3.486241e+00   
   85   7.980385e+00  1.333333e+00   
   86   5.705882e+00  3.740192e+00   
   87   6.150337e+00  2.463741e+00   
   88   5.994011e+00  2.717262e+00   
   89   7.211300e+00  1.487330e+00   
   90   6.951574e+00  1.636914e+00   
   91   8.240192e+00  1.185185e+00   
   92   5.850833e+00  2.979586e+00   
   93   6.295695e+00  2.202302e+00   
   94   6.696811e+00  1.794291e+00   
   95   7.459483e+00  1.340818e+00   
   96   6.447635e+00  1.944101e+00   
   97   5.691348e+00  3.228215e+00   
   98   7.720577e+00  1.185185e+00   
   99   5.558824e+00  4.000000e+00   
   100   8.500000e+00  1.037037e+00   
   101   5.545845e+00  3.489768e+00   
   102   7.980385e+00  1.037037e+00   
   103   5.852496e+00  2.462673e+00   
   104   6.947594e+00  1.345820e+00   
   105   6.002347e+00  2.203401e+00   
   106   5.700878e+00  2.721078e+00   
   107   6.689801e+00  1.494920e+00   
   108   7.203314e+00  1.190343e+00   
   109   5.411765e+00  3.740192e+00   
   110   5.555460e+00  2.982166e+00   
   111   8.240192e+00  8.888889e-01   
   112   6.148048e+00  1.943046e+00   
   113   7.464424e+00  1.038791e+00   
   114   6.357435e+00  1.660367e+00   
   115   5.395539e+00  3.231260e+00   
   116   7.721786e+00  8.854178e-01   
   117   5.264706e+00  4.000000e+00   
   118   8.500000e+00  7.407407e-01   
   119   5.249761e+00  3.492347e+00   
   120   7.981593e+00  7.372696e-01   
   121   5.552895e+00  2.461953e+00   
   122   5.702482e+00  2.203029e+00   
   123   6.688622e+00  1.195469e+00   
   124   6.940481e+00  1.046086e+00   
   125   5.407317e+00  2.722437e+00   
   126   5.848477e+00  1.946346e+00   
   127   6.429406e+00  1.346218e+00   
   128   7.206330e+00  8.919847e-01   
   129   5.117647e+00  3.740192e+00   
   130   5.259450e+00  2.982324e+00   
   131   5.995400e+00  1.684904e+00   
   132   8.240192e+00  5.925926e-01   
   133   7.461677e+00  7.392064e-01   
   134   5.100593e+00  3.233399e+00   
   135   7.721184e+00  5.919292e-01   
   136   4.970588e+00  4.000000e+00   
   137   6.094943e+00  1.415089e+00   
   138   8.500000e+00  4.444444e-01   
   139   4.954435e+00  3.494058e+00   
   140   5.552094e+00  1.952887e+00   
   141   5.253313e+00  2.465447e+00   
   142   7.980385e+00  4.444444e-01   
   143   6.687389e+00  8.872054e-01   
   144   6.948502e+00  7.397992e-01   
   145   6.429781e+00  1.038100e+00   
   146   5.112540e+00  2.721582e+00   
   147   6.188092e+00  1.186735e+00   
   148   7.210244e+00  5.944480e-01   
   149   5.354633e+00  2.153410e+00   
   150   5.822961e+00  1.508549e+00   
   151   4.962345e+00  2.980445e+00   
   152   4.823529e+00  3.740192e+00   
   153   5.626581e+00  1.677183e+00   
   154   7.463195e+00  4.396130e-01   
   155   8.240192e+00  2.962963e-01   
   156   4.806073e+00  3.234787e+00   
   157   7.722298e+00  2.923745e-01   
   158   5.903975e+00  1.227951e+00   
   159   4.676471e+00  4.000000e+00   
   160   5.090606e+00  2.256593e+00   
   161   8.500000e+00  1.481481e-01   
   162   6.432973e+00  7.395689e-01   
   163   4.955241e+00  2.468377e+00   
   164   6.690816e+00  5.873773e-01   
   165   4.659599e+00  3.495129e+00   
   166   6.952693e+00  4.422740e-01   
   167   7.981593e+00  1.516193e-01   
   168   5.296957e+00  1.795447e+00   
   169   4.815689e+00  2.719161e+00   
   170   7.214698e+00  2.979044e-01   
   171   6.082357e+00  9.063177e-01   
   172   5.566223e+00  1.353450e+00   
   173   4.663846e+00  2.977466e+00   
   174   4.529412e+00  3.740192e+00   
   175   7.465387e+00  1.380622e-01   
   176   8.240192e+00 -1.776357e-15   
   177   5.034086e+00  1.938518e+00   
   178   5.303952e+00  1.498694e+00   
   179   4.511763e+00  3.235644e+00   
   180   7.727997e+00 -6.337883e-03   
   181   4.807663e+00  2.208101e+00   
   182   5.688513e+00  9.983457e-01   
   183   6.432150e+00  4.401621e-01   
   184   4.382353e+00  4.000000e+00   
   185   6.693083e+00  2.970048e-01   
   186   4.556249e+00  2.761540e+00   
   187   4.658440e+00  2.467438e+00   
   188   6.953088e+00  1.524443e-01   
   189   8.500000e+00 -1.481481e-01   
   190   4.365064e+00  3.495773e+00   
   191   6.121593e+00  5.660687e-01   
   192   7.980385e+00 -1.481481e-01   
   193   5.040328e+00  1.641461e+00   
   194   7.211054e+00  6.151555e-04   
   195   4.364207e+00  2.976092e+00   
   196   5.353123e+00  1.115800e+00   
   197   4.235294e+00  3.740192e+00   
   198   7.467655e+00 -1.541053e-01   
   199   5.796188e+00  6.815854e-01   
   200   8.240192e+00 -2.962963e-01   
   201   4.785336e+00  1.776021e+00   
   202   4.534008e+00  2.223705e+00   
   203   4.217553e+00  3.236154e+00   
   204   5.048137e+00  1.342365e+00   
   205   7.726925e+00 -3.037455e-01   
   206   6.437649e+00  1.408048e-01   
   207   6.175136e+00  2.857115e-01   
   208   6.696836e+00 -2.346206e-03   
   209   4.088235e+00  4.000000e+00   
   210   5.482206e+00  7.787983e-01   
   211   4.279066e+00  2.667543e+00   
   212   6.950289e+00 -1.473753e-01   
   213   8.500000e+00 -4.444444e-01   
   214   4.070708e+00  3.496150e+00   
   215   7.981593e+00 -4.479156e-01   
   216   4.525772e+00  1.924785e+00   
   217   4.786678e+00  1.482777e+00   
   218   7.206622e+00 -2.989890e-01   
   219   5.234950e+00  8.688878e-01   
   220   4.275630e+00  2.368359e+00   
   221   5.810754e+00  3.430665e-01   
   222   5.047291e+00  1.043169e+00   
   223   4.064576e+00  2.978505e+00   
   224   3.941176e+00  3.740192e+00   
   225   7.465187e+00 -4.482328e-01   
   226   8.240192e+00 -5.925926e-01   
   227   5.540544e+00  4.724044e-01   
   228   4.525286e+00  1.628108e+00   
   229   6.441634e+00 -1.581964e-01   
   230   4.272796e+00  2.084234e+00   
   231   6.980841e+00 -3.947818e-01   
   232   4.790016e+00  1.195907e+00   
   233   7.723019e+00 -5.995802e-01   
   234   5.289939e+00  5.757265e-01   
   235   6.687327e+00 -3.392548e-01   
   236   3.794118e+00  4.000000e+00   
   237   4.019615e+00  2.518519e+00   
   238   3.838140e+00  3.244805e+00   
   239   6.161904e+00 -1.093746e-01   
   240   8.500000e+00 -7.407407e-01   
   241   5.043811e+00  7.434881e-01   
   242   7.177751e+00 -5.669131e-01   
   243   3.754338e+00  3.521343e+00   
   244   4.274670e+00  1.786882e+00   
   245   7.984042e+00 -7.469896e-01   
   246   4.528485e+00  1.331834e+00   
   247   5.811615e+00  3.606893e-02   
   248   4.012203e+00  2.231620e+00   
   249   5.547122e+00  1.726538e-01   
   250   4.786549e+00  8.972325e-01   
   251   7.471036e+00 -7.405213e-01   
   252   3.759808e+00  2.962963e+00   
   253   6.367337e+00 -3.992028e-01   
   254   5.284561e+00  3.163077e-01   
   255   8.240192e+00 -8.888889e-01   
   256   3.767301e+00  2.693948e+00   
   257   4.276981e+00  1.488469e+00   
   258   6.836623e+00 -6.269177e-01   
   259   4.013781e+00  1.934094e+00   
   260   4.531973e+00  1.053469e+00   
   261   7.725330e+00 -8.979936e-01   
   262   5.018428e+00  4.532322e-01   
   263   3.500000e+00  4.000000e+00   
   264   3.500000e+00  3.703704e+00   
   265   3.759808e+00  2.370370e+00   
   266   6.081477e+00 -4.075346e-01   
   267   3.500000e+00  3.407407e+00   
   268   5.818481e+00 -2.632736e-01   
   269   8.500000e+00 -1.037037e+00   
   270   4.781239e+00  5.983878e-01   
   271   6.537731e+00 -6.459632e-01   
   272   5.556781e+00 -1.177871e-01   
   273   4.015958e+00  1.635878e+00   
   274   7.986219e+00 -1.045205e+00   
   275   3.500000e+00  3.111111e+00   
   276   4.265386e+00  1.189617e+00   
   277   7.106195e+00 -8.920360e-01   
   278   5.290160e+00  1.920874e-02   
   279   3.759808e+00  2.074074e+00   
   280   4.523365e+00  7.539185e-01   
   281   3.500000e+00  2.814815e+00   
   282   7.464926e+00 -1.039563e+00   
   283   5.035377e+00  1.544221e-01   
   284   6.239226e+00 -6.703343e-01   
   285   8.240192e+00 -1.185185e+00   
   286   4.018407e+00  1.336804e+00   
   287   6.702110e+00 -8.945096e-01   
   288   3.500000e+00  2.518519e+00   
   289   3.759808e+00  1.777778e+00   
   290   4.279534e+00  8.925971e-01   
   291   7.724133e+00 -1.183312e+00   
   292   4.782721e+00  2.988981e-01   
   293   5.885681e+00 -6.163850e-01   
   294   3.500000e+00  2.222222e+00   
   295   5.565995e+00 -4.258013e-01   
   296   8.500000e+00 -1.333333e+00   
   297   4.523506e+00  4.458422e-01   
   298   5.304374e+00 -2.794825e-01   
   299   6.411016e+00 -9.156653e-01   
   300   7.206937e+00 -1.192231e+00   
   301   7.981593e+00 -1.329862e+00   
   302   3.759808e+00  1.481481e+00   
   303   4.019615e+00  1.037037e+00   
   304   5.040436e+00 -1.452792e-01   
   305   6.898474e+00 -1.166727e+00   
   306   3.500000e+00  1.925926e+00   
   307   4.265432e+00  5.966095e-01   
   308   7.468526e+00 -1.338645e+00   
   309   6.111347e+00 -9.136188e-01   
   310   4.778816e+00 -5.697611e-04   
   311   8.240192e+00 -1.481481e+00   
   312   6.556854e+00 -1.156683e+00   
   313   3.759808e+00  1.185185e+00   
   314   4.522326e+00  1.540563e-01   
   315   3.500000e+00  1.629630e+00   
   316   7.724339e+00 -1.482378e+00   
   317   4.018407e+00  7.372696e-01   
   318   5.586409e+00 -7.530123e-01   
   319   5.308039e+00 -5.784893e-01   
   320   5.810284e+00 -9.162245e-01   
   321   5.048929e+00 -4.292225e-01   
   322   4.262000e+00  3.011088e-01   
   323   8.500000e+00 -1.629630e+00   
   324   7.121012e+00 -1.460028e+00   
   325   6.258440e+00 -1.173592e+00   
   326   7.980385e+00 -1.629630e+00   
   327   3.500000e+00  1.333333e+00   
   328   3.759808e+00  8.888889e-01   
   329   4.782480e+00 -2.964241e-01   
   330   6.707077e+00 -1.411202e+00   
   331   4.015958e+00  4.381956e-01   
   332   7.469168e+00 -1.637014e+00   
   333   4.531882e+00 -1.391220e-01   
   334   5.963671e+00 -1.173261e+00   
   335   8.240192e+00 -1.777778e+00   
   336   6.425503e+00 -1.421436e+00   
   337   3.500000e+00  1.037037e+00   
   338   5.318590e+00 -8.757584e-01   
   339   4.263039e+00  5.179499e-03   
   340   7.731404e+00 -1.781888e+00   
   341   3.759808e+00  5.925926e-01   
   342   5.060177e+00 -7.284401e-01   
   343   5.629863e+00 -1.105415e+00   
   344   4.796356e+00 -5.868206e-01   
   345   6.126611e+00 -1.418902e+00   
   346   6.888005e+00 -1.694372e+00   
   347   4.013781e+00  1.399804e-01   
   348   7.208896e+00 -1.780007e+00   
   349   8.500000e+00 -1.925926e+00   
   350   4.536174e+00 -4.387879e-01   
   351   7.981593e+00 -1.929397e+00   
   352   3.500000e+00  7.407407e-01   
   353   6.569351e+00 -1.676673e+00   
   354   7.468236e+00 -1.924682e+00   
   355   3.759808e+00  2.962963e-01   
   356   4.275051e+00 -2.935743e-01   
   357   5.386709e+00 -1.181783e+00   
   358   5.827857e+00 -1.428361e+00   
   359   8.240192e+00 -2.074074e+00   
   360   6.270583e+00 -1.677059e+00   
   361   4.012203e+00 -1.575456e-01   
   362   7.724546e+00 -2.079447e+00   
   363   4.796258e+00 -8.866573e-01   
   364   3.500000e+00  4.444444e-01   
   365   6.972822e+00 -1.952081e+00   
   366   5.075204e+00 -1.106216e+00   
   367   4.536924e+00 -7.361646e-01   
   368   6.715990e+00 -1.920779e+00   
   369   3.759808e+00  8.881784e-16   
   370   5.528974e+00 -1.444611e+00   
   371   5.988658e+00 -1.680325e+00   
   372   8.500000e+00 -2.222222e+00   
   373   4.277702e+00 -5.886708e-01   
   374   7.980385e+00 -2.222222e+00   
   375   6.416594e+00 -1.933436e+00   
   376   4.018407e+00 -4.409733e-01   
   377   3.500000e+00  1.481481e-01   
   378   7.465396e+00 -2.229718e+00   
   379   7.175345e+00 -2.177070e+00   
   380   5.689277e+00 -1.681417e+00   
   381   5.233619e+00 -1.438457e+00   
   382   4.797070e+00 -1.186192e+00   
   383   8.240192e+00 -2.370370e+00   
   384   6.137042e+00 -1.940146e+00   
   385   3.759808e+00 -2.962963e-01   
   386   6.875873e+00 -2.188179e+00   
   387   4.538065e+00 -1.035732e+00   
   388   4.278816e+00 -8.882255e-01   
   389   7.669766e+00 -2.415762e+00   
   390   6.576219e+00 -2.185849e+00   
   391   5.389992e+00 -1.689096e+00   
   392   3.500000e+00 -1.481481e-01   
   393   5.838058e+00 -1.939072e+00   
   394   4.934004e+00 -1.446226e+00   
   395   8.500000e+00 -2.518519e+00   
   396   4.019615e+00 -7.407407e-01   
   397   7.981593e+00 -2.521990e+00   
   398   7.318887e+00 -2.447011e+00   
   399   6.281994e+00 -2.200036e+00   
   400   3.759808e+00 -5.925926e-01   
   401   7.030611e+00 -2.449848e+00   
   402   5.548108e+00 -1.943320e+00   
   403   5.091380e+00 -1.701299e+00   
   404   4.587752e+00 -1.392126e+00   
   405   8.240192e+00 -2.666667e+00   
   406   4.277702e+00 -1.181263e+00   
   407   6.723022e+00 -2.445929e+00   
   408   5.983578e+00 -2.196743e+00   
   409   3.500000e+00 -4.444444e-01   
   410   4.018407e+00 -1.033566e+00   
   411   7.743947e+00 -2.706117e+00   
   412   6.424468e+00 -2.438320e+00   
   413   7.473609e+00 -2.703829e+00   
   414   5.251294e+00 -1.954789e+00   
   415   4.794141e+00 -1.702552e+00   
   416   5.700272e+00 -2.200960e+00   
   417   3.759808e+00 -8.888889e-01   
   418   8.500000e+00 -2.814815e+00   
   419   7.174372e+00 -2.709708e+00   
   420   6.125253e+00 -2.453994e+00   
   421   3.500000e+00 -7.407407e-01   
   422   6.886664e+00 -2.709604e+00   
   423   4.278816e+00 -1.480818e+00   
   424   7.963637e+00 -2.897130e+00   
   425   4.952139e+00 -1.954324e+00   
   426   5.403439e+00 -2.205242e+00   
   427   4.019615e+00 -1.333333e+00   
   428   8.240192e+00 -2.962963e+00   
   429   6.586983e+00 -2.705608e+00   
   430   4.494465e+00 -1.712098e+00   
   431   5.851437e+00 -2.459019e+00   
   432   7.619681e+00 -2.962620e+00   
   433   3.759808e+00 -1.185185e+00   
   434   6.287277e+00 -2.704691e+00   
   435   7.331174e+00 -2.964640e+00   
   436   5.103853e+00 -2.212155e+00   
   437   3.500000e+00 -1.037037e+00   
   438   5.555180e+00 -2.462481e+00   
   439   8.500000e+00 -3.111111e+00   
   440   7.031822e+00 -2.962217e+00   
   441   4.586086e+00 -1.952705e+00   
   442   4.275230e+00 -1.780353e+00   
   443   5.993846e+00 -2.722010e+00   
   444   6.732491e+00 -2.966617e+00   
   445   4.018407e+00 -1.626159e+00   
   446   4.804078e+00 -2.214999e+00   
   447   5.260624e+00 -2.467542e+00   
   448   8.154120e+00 -3.238006e+00   
   449   3.759808e+00 -1.481481e+00   
   450   7.765729e+00 -3.221545e+00   
   451   6.437215e+00 -2.964196e+00   
   452   5.694989e+00 -2.710622e+00   
   453   7.476790e+00 -3.223301e+00   
   454   3.500000e+00 -1.333333e+00   
   455   7.177494e+00 -3.221545e+00   
   456   4.961525e+00 -2.452655e+00   
   457   6.137998e+00 -2.974383e+00   
   458   5.395761e+00 -2.710219e+00   
   459   4.506556e+00 -2.225702e+00   
   460   6.887865e+00 -3.222502e+00   
   461   4.275995e+00 -2.078903e+00   
   462   8.500000e+00 -3.407407e+00   
   463   4.019615e+00 -1.925926e+00   
   464   5.842499e+00 -2.971630e+00   
   465   6.588235e+00 -3.220577e+00   
   466   3.759808e+00 -1.777778e+00   
   467   4.661900e+00 -2.451501e+00   
   468   7.934782e+00 -3.490072e+00   
   469   8.242156e+00 -3.518190e+00   
   470   3.500000e+00 -1.629630e+00   
   471   5.096636e+00 -2.718120e+00   
   472   7.623159e+00 -3.482309e+00   
   473   6.298222e+00 -3.227292e+00   
   474   5.542711e+00 -2.968206e+00   
   475   7.323529e+00 -3.480385e+00   
   476   7.034924e+00 -3.482309e+00   
   477   5.998976e+00 -3.221545e+00   
   478   4.809596e+00 -2.710907e+00   
   479   4.362286e+00 -2.454290e+00   
   480   4.018407e+00 -2.225693e+00   
   481   6.735294e+00 -3.480385e+00   
   482   5.255321e+00 -2.971807e+00   
   483   8.500000e+00 -3.703704e+00   
   484   3.759808e+00 -2.074074e+00   
   485   5.699681e+00 -3.223301e+00   
   486   8.058824e+00 -3.740192e+00   
   487   3.500000e+00 -1.925926e+00   
   488   6.441176e+00 -3.480385e+00   
   489   7.764706e+00 -3.740192e+00   
   490   4.515623e+00 -2.711709e+00   
   491   7.470588e+00 -3.740192e+00   
   492   4.958237e+00 -2.970393e+00   
   493   6.141547e+00 -3.482309e+00   
   494   7.176471e+00 -3.740192e+00   
   495   5.401743e+00 -3.232480e+00   
   496   4.015958e+00 -2.512270e+00   
   497   6.882353e+00 -3.740192e+00   
   498   4.256631e+00 -2.692322e+00   
   499   5.852941e+00 -3.480385e+00   
   500   3.759808e+00 -2.370370e+00   
   501   4.662080e+00 -2.971034e+00   
   502   6.588235e+00 -3.740192e+00   
   503   3.500000e+00 -2.222222e+00   
   504   5.105845e+00 -3.230741e+00   
   505   8.500000e+00 -4.000000e+00   
   506   8.205882e+00 -4.000000e+00   
   507   7.911765e+00 -4.000000e+00   
   508   5.564335e+00 -3.482309e+00   
   509   6.294118e+00 -3.740192e+00   
   510   7.617647e+00 -4.000000e+00   
   511   7.323529e+00 -4.000000e+00   
   512   4.808734e+00 -3.229658e+00   
   513   4.323276e+00 -2.969873e+00   
   514   6.000000e+00 -3.740192e+00   
   515   7.029412e+00 -4.000000e+00   
   516   5.264706e+00 -3.480385e+00   
   517   4.018407e+00 -2.811344e+00   
   518   3.759808e+00 -2.666667e+00   
   519   6.735294e+00 -4.000000e+00   
   520   3.500000e+00 -2.518519e+00   
   521   5.705882e+00 -3.740192e+00   
   522   4.519650e+00 -3.232008e+00   
   523   6.441176e+00 -4.000000e+00   
   524   4.965076e+00 -3.482309e+00   
   525   5.411765e+00 -3.740192e+00   
   526   6.147059e+00 -4.000000e+00   
   527   4.270928e+00 -3.259586e+00   
   528   4.019615e+00 -3.111111e+00   
   529   4.665976e+00 -3.492695e+00   
   530   3.759808e+00 -2.962963e+00   
   531   5.852941e+00 -4.000000e+00   
   532   5.117647e+00 -3.740192e+00   
   533   3.500000e+00 -2.814815e+00   
   534   5.558824e+00 -4.000000e+00   
   535   4.370218e+00 -3.490927e+00   
   536   4.823529e+00 -3.740192e+00   
   537   5.264706e+00 -4.000000e+00   
   538   3.759808e+00 -3.259259e+00   
   539   3.500000e+00 -3.111111e+00   
   540   4.529412e+00 -3.740192e+00   
   541   4.074273e+00 -3.491885e+00   
   542   4.970588e+00 -4.000000e+00   
   543   4.235294e+00 -3.740192e+00   
   544   4.676471e+00 -4.000000e+00   
   545   3.755051e+00 -3.520490e+00   
   546   3.500000e+00 -3.407407e+00   
   547   3.941176e+00 -3.740192e+00   
   548   4.382353e+00 -4.000000e+00   
   549   4.088235e+00 -4.000000e+00   
   550   3.500000e+00 -3.703704e+00   
   551   3.794118e+00 -4.000000e+00   
   552   3.500000e+00 -4.000000e+00   
  END_COORDINATES
  BOUNDARIES, ELEMENT
    1         552     551         1     
    2         550     552         1     
    3         506     505         2     
    4         505     483         2     
    5         209     236         3     
    6         531     526         4     
    7         48     65         5     
    8         544     542         6     
    9         515     511         7     
    10         11     18         8     
    11         117     136         9     
    12         549     548         10     
    13         523     519         11     
    14         2     6         12     
    15         82     99         13     
    16         537     534         14     
    17         510     507         15     
    18         26     35         16     
    19         159     184         17     
    20         551     549         18     
    21         3     1         19     
    22         1     2         19     
    23         236     263         20     
    24         263     264         20     
    25         526     523         21     
    26         65     82         22     
    27         542     537         23     
    28         511     510         24     
    29         18     26         25     
    30         136     159         26     
    31         548     544         27     
    32         519     515         28     
    33         6     11         29     
    34         99     117         30     
    35         534     531         31     
    36         507     506         32     
    37         35     48         33     
    38         184     209         34     
    39         118     100         35     
    40         288     294         36     
    41         503     520         37     
    42         323     296         38     
    43         12     7         39     
    44         377     392         40     
    45         418     395         41     
    46         51     36         42     
    47         327     337         43     
    48         546     550         44     
    49         213     189         45     
    50         264     267         46     
    51         437     454         47     
    52         462     439         48     
    53         83     68         49     
    54         306     315         50     
    55         533     539         51     
    56         269     240         52     
    57         409     421         53     
    58         372     349         54     
    59         27     19         55     
    60         352     364         56     
    61         161     138         57     
    62         275     281         58     
    63         470     487         59     
    64         483     462         60     
    65         100     83         61     
    66         294     306         62     
    67         520     533         63     
    68         296     269         64     
    69         7     3         65     
    70         392     409         66     
    71         395     372         67     
    72         36     27         68     
    73         337     352         69     
    74         189     161         70     
    75         267     275         71     
    76         454     470         72     
    77         439     418         73     
    78         68     51         74     
    79         315     327         75     
    80         539     546         76     
    81         240     213         77     
    82         421     437         78     
    83         349     323         79     
    84         19     12         80     
    85         364     377         81     
    86         138     118         82     
    87         281     288         83     
    88         487     503         84     
  END_BOUNDARIES
  MATERIALS, NUMBER= 1, DEFAULT=1
  END_MATERIALS
  SUBDOMAINS
  END_SUBDOMAINS
  CHARACTERISTICS
  END_CHARACTERISTICS
