  NODES_PER_ELEMENT
   1 3
   2 3
   3 3
   4 3
   5 3
   6 3
   7 3
   8 3
   9 3
   10 3
   11 3
   12 3
   13 3
   14 3
   15 3
   16 3
   17 3
   18 3
   19 3
   20 3
   21 3
   22 3
   23 3
   24 3
   25 3
   26 3
   27 3
   28 3
   29 3
   30 3
   31 3
   32 3
   33 3
   34 3
   35 3
   36 3
   37 3
   38 3
   39 3
   40 3
   41 3
   42 3
   43 3
   44 3
   45 3
   46 3
   47 3
   48 3
   49 3
   50 3
   51 3
   52 3
   53 3
   54 3
   55 3
   56 3
   57 3
   58 3
   59 3
   60 3
   61 3
   62 3
   63 3
   64 3
   65 3
   66 3
   67 3
   68 3
   69 3
   70 3
   71 3
   72 3
   73 3
   74 3
   75 3
   76 3
   77 3
   78 3
   79 3
   80 3
   81 3
   82 3
   83 3
   84 3
   85 3
   86 3
   87 3
   88 3
   89 3
   90 3
   91 3
   92 3
   93 3
   94 3
   95 3
   96 3
   97 3
   98 3
   99 3
   100 3
   101 3
   102 3
   103 3
   104 3
   105 3
   106 3
   107 3
   108 3
   109 3
   110 3
   111 3
   112 3
   113 3
   114 3
   115 3
   116 3
   117 3
   118 3
   119 3
   120 3
   121 3
   122 3
   123 3
   124 3
   125 3
   126 3
   127 3
   128 3
   129 3
   130 3
   131 3
   132 3
   133 3
   134 3
   135 3
   136 3
   137 3
   138 3
   139 3
   140 3
   141 3
   142 3
   143 3
   144 3
   145 3
   146 3
   147 3
   148 3
   149 3
   150 3
   151 3
   152 3
   153 3
   154 3
   155 3
   156 3
   157 3
   158 3
   159 3
   160 3
   161 3
   162 3
   163 3
   164 3
   165 3
   166 3
   167 3
   168 3
   169 3
   170 3
   171 3
   172 3
   173 3
   174 3
   175 3
   176 3
   177 3
   178 3
   179 3
   180 3
   181 3
   182 3
   183 3
   184 3
   185 3
   186 3
   187 3
   188 3
   189 3
   190 3
   191 3
   192 3
   193 3
   194 3
   195 3
   196 3
   197 3
   198 3
   199 3
   200 3
   201 3
   202 3
   203 3
   204 3
   205 3
   206 3
   207 3
   208 3
   209 3
   210 3
   211 3
   212 3
   213 3
   214 3
   215 3
   216 3
   217 3
   218 3
   219 3
   220 3
   221 3
   222 3
   223 3
   224 3
   225 3
   226 3
   227 3
   228 3
   229 3
   230 3
   231 3
   232 3
   233 3
   234 3
   235 3
   236 3
   237 3
   238 3
   239 3
   240 3
   241 3
   242 3
   243 3
   244 3
   245 3
   246 3
   247 3
   248 3
   249 3
   250 3
   251 3
   252 3
   253 3
   254 3
   255 3
   256 3
   257 3
   258 3
   259 3
   260 3
   261 3
   262 3
   263 3
   264 3
   265 3
   266 3
   267 3
   268 3
   269 3
   270 3
   271 3
   272 3
   273 3
   274 3
   275 3
   276 3
   277 3
   278 3
   279 3
   280 3
   281 3
   282 3
   283 3
   284 3
   285 3
   286 3
   287 3
   288 3
   289 3
   290 3
   291 3
   292 3
   293 3
   294 3
   295 3
   296 3
   297 3
   298 3
   299 3
   300 3
   301 3
   302 3
   303 3
   304 3
   305 3
   306 3
   307 3
   308 3
   309 3
   310 3
   311 3
   312 3
   313 3
   314 3
   315 3
   316 3
   317 3
   318 3
   319 3
   320 3
   321 3
   322 3
   323 3
   324 3
   325 3
   326 3
   327 3
   328 3
   329 3
   330 3
   331 3
   332 3
   333 3
   334 3
   335 3
   336 3
   337 3
   338 3
   339 3
   340 3
   341 3
   342 3
   343 3
   344 3
   345 3
   346 3
   347 3
   348 3
   349 3
   350 3
   351 3
   352 3
   353 3
   354 3
   355 3
   356 3
   357 3
   358 3
   359 3
   360 3
   361 3
   362 3
   363 3
   364 3
   365 3
   366 3
   367 3
   368 3
   369 3
   370 3
   371 3
   372 3
   373 3
   374 3
   375 3
   376 3
   377 3
   378 3
   379 3
   380 3
   381 3
   382 3
   383 3
   384 3
   385 3
   386 3
   387 3
   388 3
   389 3
   390 3
   391 3
   392 3
   393 3
   394 3
   395 3
   396 3
   397 3
   398 3
   399 3
   400 3
   401 3
   402 3
   403 3
   404 3
   405 3
   406 3
   407 3
   408 3
   409 3
   410 3
   411 3
   412 3
   413 3
   414 3
   415 3
   416 3
   417 3
   418 3
   419 3
   420 3
   421 3
   422 3
   423 3
   424 3
   425 3
   426 3
   427 3
   428 3
   429 3
   430 3
   431 3
   432 3
   433 3
   434 3
   435 3
   436 3
   437 3
   438 3
   439 3
   440 3
   441 3
   442 3
   443 3
   444 3
   445 3
   446 3
   447 3
   448 3
   449 3
   450 3
   451 3
   452 3
   453 3
   454 3
   455 3
   456 3
   457 3
   458 3
   459 3
   460 3
   461 3
   462 3
   463 3
   464 3
   465 3
   466 3
   467 3
   468 3
   469 3
   470 3
   471 3
   472 3
   473 3
   474 3
   475 3
   476 3
   477 3
   478 3
   479 3
   480 3
   481 3
   482 3
   483 3
   484 3
   485 3
   486 3
   487 3
   488 3
   489 3
   490 3
   491 3
   492 3
   493 3
   494 3
   495 3
   496 3
   497 3
   498 3
   499 3
   500 3
   501 3
   502 3
   503 3
   504 3
   505 3
   506 3
   507 3
   508 3
   509 3
   510 3
   511 3
   512 3
   513 3
   514 3
   515 3
   516 3
   517 3
   518 3
   519 3
   520 3
   521 3
   522 3
   523 3
   524 3
   525 3
   526 3
   527 3
   528 3
   529 3
   530 3
   531 3
   532 3
   533 3
   534 3
   535 3
   536 3
   537 3
   538 3
   539 3
   540 3
   541 3
   542 3
   543 3
   544 3
   545 3
   546 3
   547 3
   548 3
   549 3
   550 3
   551 3
   552 3
   553 3
   554 3
   555 3
   556 3
   557 3
   558 3
   559 3
   560 3
   561 3
   562 3
   563 3
   564 3
   565 3
   566 3
   567 3
   568 3
   569 3
   570 3
   571 3
   572 3
   573 3
   574 3
   575 3
   576 3
   577 3
   578 3
   579 3
   580 3
   581 3
   582 3
   583 3
   584 3
   585 3
   586 3
   587 3
   588 3
   589 3
   590 3
   591 3
   592 3
   593 3
   594 3
   595 3
   596 3
   597 3
   598 3
   599 3
   600 3
   601 3
   602 3
   603 3
   604 3
   605 3
   606 3
   607 3
   608 3
   609 3
   610 3
   611 3
   612 3
   613 3
   614 3
   615 3
   616 3
   617 3
   618 3
   619 3
   620 3
   621 3
   622 3
   623 3
   624 3
   625 3
   626 3
   627 3
   628 3
   629 3
   630 3
   631 3
   632 3
   633 3
   634 3
   635 3
   636 3
   637 3
   638 3
   639 3
   640 3
   641 3
   642 3
   643 3
   644 3
   645 3
   646 3
   647 3
   648 3
   649 3
   650 3
   651 3
   652 3
   653 3
   654 3
   655 3
   656 3
   657 3
   658 3
   659 3
   660 3
   661 3
   662 3
   663 3
   664 3
   665 3
   666 3
   667 3
   668 3
   669 3
   670 3
   671 3
   672 3
   673 3
   674 3
   675 3
   676 3
   677 3
   678 3
   679 3
   680 3
   681 3
   682 3
   683 3
   684 3
   685 3
   686 3
   687 3
   688 3
   689 3
   690 3
   691 3
   692 3
   693 3
   694 3
   695 3
   696 3
   697 3
   698 3
   699 3
   700 3
   701 3
   702 3
   703 3
   704 3
   705 3
   706 3
   707 3
   708 3
   709 3
   710 3
   711 3
   712 3
   713 3
   714 3
   715 3
   716 3
   717 3
   718 3
   719 3
   720 3
   721 3
   722 3
   723 3
   724 3
   725 3
   726 3
   727 3
   728 3
   729 3
   730 3
   731 3
   732 3
   733 3
   734 3
   735 3
   736 3
   737 3
   738 3
   739 3
   740 3
   741 3
   742 3
   743 3
   744 3
   745 3
   746 3
   747 3
   748 3
   749 3
   750 3
   751 3
   752 3
   753 3
   754 3
   755 3
   756 3
   757 3
   758 3
   759 3
   760 3
   761 3
   762 3
   763 3
   764 3
   765 3
   766 3
   767 3
   768 3
   769 3
   770 3
   771 3
   772 3
   773 3
   774 3
   775 3
   776 3
   777 3
   778 3
   779 3
   780 3
   781 3
   782 3
   783 3
   784 3
   785 3
   786 3
   787 3
   788 3
   789 3
   790 3
   791 3
   792 3
   793 3
   794 3
   795 3
   796 3
   797 3
   798 3
   799 3
   800 3
   801 3
   802 3
   803 3
   804 3
   805 3
   806 3
   807 3
   808 3
   809 3
   810 3
   811 3
   812 3
   813 3
   814 3
   815 3
   816 3
   817 3
   818 3
   819 3
   820 3
   821 3
   822 3
   823 3
   824 3
   825 3
   826 3
   827 3
   828 3
   829 3
   830 3
   831 3
   832 3
   833 3
   834 3
   835 3
   836 3
   837 3
   838 3
   839 3
   840 3
   841 3
   842 3
  END_NODES_PER_ELEMENT
  ELEMENTS
  1 1 2 3  
  2 392 408 388  
  3 235 207 223  
  4 388 408 402  
  5 392 388 370  
  6 223 207 195  
  7 402 408 421  
  8 370 388 367  
  9 195 207 179  
  10 367 388 382  
  11 370 367 350  
  12 382 388 402  
  13 367 382 363  
  14 350 367 346  
  15 382 402 396  
  16 363 382 381  
  17 346 367 363  
  18 396 402 414  
  19 381 382 396  
  20 346 363 343  
  21 414 402 421  
  22 343 363 360  
  23 346 343 326  
  24 360 363 381  
  25 343 360 340  
  26 326 343 322  
  27 360 381 377  
  28 340 360 357  
  29 322 343 340  
  30 377 381 400  
  31 357 360 377  
  32 322 340 319  
  33 400 381 396  
  34 319 340 338  
  35 322 319 301  
  36 338 340 357  
  37 319 338 316  
  38 301 319 297  
  39 338 357 355  
  40 316 338 337  
  41 297 319 316  
  42 355 357 375  
  43 337 338 355  
  44 297 316 296  
  45 375 357 377  
  46 296 316 317  
  47 297 296 276  
  48 317 316 337  
  49 296 317 300  
  50 276 296 277  
  51 317 337 339  
  52 300 317 320  
  53 277 296 300  
  54 276 277 253  
  55 339 337 361  
  56 320 317 339  
  57 277 300 280  
  58 253 277 256  
  59 361 337 355  
  60 320 339 341  
  61 280 300 302  
  62 256 277 280  
  63 341 339 353  
  64 320 341 324  
  65 302 300 320  
  66 256 280 260  
  67 353 339 361  
  68 324 341 344  
  69 302 320 324  
  70 260 280 283  
  71 344 341 362  
  72 324 344 327  
  73 302 324 306  
  74 283 280 302  
  75 362 341 353  
  76 327 344 348  
  77 306 324 327  
  78 283 302 306  
  79 348 344 365  
  80 327 348 331  
  81 306 327 309  
  82 283 306 288  
  83 365 344 362  
  84 331 348 352  
  85 309 327 331  
  86 288 306 309  
  87 352 348 368  
  88 331 352 335  
  89 309 331 314  
  90 288 309 293  
  91 368 348 365  
  92 335 352 358  
  93 314 331 335  
  94 293 309 314  
  95 358 352 372  
  96 335 358 345  
  97 314 335 321  
  98 293 314 298  
  99 372 352 368  
  100 345 358 366  
  101 321 335 345  
  102 298 314 321  
  103 366 358 379  
  104 345 366 351  
  105 321 345 329  
  106 298 321 307  
  107 379 358 372  
  108 351 366 371  
  109 329 345 351  
  110 307 321 329  
  111 371 366 385  
  112 351 371 359  
  113 307 329 315  
  114 385 366 379  
  115 359 371 383  
  116 351 359 336  
  117 315 329 336  
  118 385 379 401  
  119 383 371 391  
  120 336 359 347  
  121 336 329 351  
  122 401 379 393  
  123 391 371 385  
  124 347 359 369  
  125 393 379 372  
  126 391 385 406  
  127 369 359 383  
  128 347 369 356  
  129 406 385 401  
  130 391 406 404  
  131 406 401 429  
  132 236 238 208  
  133 439 436 426  
  134 426 436 419  
  135 439 426 430  
  136 419 436 431  
  137 426 419 407  
  138 430 426 410  
  139 419 431 412  
  140 407 419 393  
  141 426 407 410  
  142 412 431 429  
  143 410 407 390  
  144 412 429 401  
  145 412 401 393  
  146 390 407 387  
  147 410 390 398  
  148 387 407 393  
  149 390 387 368  
  150 368 387 372  
  151 372 387 393  
  152 398 390 380  
  153 380 390 365  
  154 398 380 389  
  155 389 380 362  
  156 398 389 409  
  157 409 389 395  
  158 398 409 417  
  159 395 389 374  
  160 409 395 413  
  161 417 409 428  
  162 374 389 362  
  163 395 374 384  
  164 413 395 405  
  165 428 409 413  
  166 384 374 361  
  167 395 384 405  
  168 428 413 433  
  169 405 384 394  
  170 433 413 423  
  171 428 433 442  
  172 394 384 373  
  173 405 394 411  
  174 423 413 405  
  175 442 433 446  
  176 373 384 361  
  177 411 394 399  
  178 446 433 438  
  179 442 446 452  
  180 399 394 375  
  181 411 399 425  
  182 438 433 423  
  183 452 446 454  
  184 425 399 415  
  185 411 425 432  
  186 454 446 449  
  187 415 399 400  
  188 432 425 440  
  189 411 432 423  
  190 449 446 438  
  191 440 425 435  
  192 432 440 445  
  193 423 432 438  
  194 435 425 415  
  195 440 435 447  
  196 445 440 450  
  197 438 432 445  
  198 447 435 441  
  199 440 447 450  
  200 438 445 449  
  201 441 435 424  
  202 450 447 455  
  203 449 445 453  
  204 424 435 415  
  205 441 424 443  
  206 455 447 451  
  207 453 445 450  
  208 424 415 400  
  209 453 450 458  
  210 458 450 455  
  211 453 458 459  
  212 458 455 460  
  213 459 458 461  
  214 453 459 457  
  215 461 458 460  
  216 453 457 449  
  217 449 457 454  
  218 396 414 424  
  219 298 307 284  
  220 284 307 292  
  221 298 284 274  
  222 292 307 315  
  223 284 292 269  
  224 274 284 259  
  225 269 292 278  
  226 284 269 259  
  227 278 292 303  
  228 269 278 252  
  229 259 269 242  
  230 303 292 315  
  231 278 303 289  
  232 252 278 265  
  233 242 269 252  
  234 242 252 223  
  235 439 430 444  
  236 444 430 437  
  237 437 430 417  
  238 444 437 448  
  239 417 430 410  
  240 437 417 428  
  241 448 437 442  
  242 417 410 398  
  243 437 428 442  
  244 419 412 393  
  245 298 274 293  
  246 293 274 270  
  247 270 274 249  
  248 293 270 288  
  249 249 274 259  
  250 288 270 264  
  251 249 259 227  
  252 264 270 244  
  253 288 264 283  
  254 227 259 242  
  255 244 270 249  
  256 264 244 237  
  257 283 264 260  
  258 244 249 222  
  259 237 244 215  
  260 260 264 237  
  261 222 249 227  
  262 215 244 222  
  263 237 215 211  
  264 222 227 200  
  265 215 222 196  
  266 211 215 189  
  267 200 227 213  
  268 196 222 200  
  269 215 196 189  
  270 213 227 242  
  271 189 196 172  
  272 213 242 223  
  273 172 196 175  
  274 189 172 166  
  275 175 196 200  
  276 172 175 152  
  277 166 172 149  
  278 189 166 186  
  279 175 200 187  
  280 152 175 160  
  281 149 172 152  
  282 186 166 163  
  283 187 200 213  
  284 160 175 187  
  285 149 152 131  
  286 163 166 143  
  287 187 213 195  
  288 160 187 171  
  289 131 152 138  
  290 143 166 149  
  291 171 187 195  
  292 160 171 148  
  293 138 152 160  
  294 148 171 156  
  295 160 148 138  
  296 138 148 125  
  297 125 148 134  
  298 138 125 117  
  299 117 125 104  
  300 138 117 131  
  301 104 125 114  
  302 117 104 98  
  303 131 117 112  
  304 98 104 86  
  305 117 98 112  
  306 131 112 128  
  307 86 104 94  
  308 112 98 93  
  309 128 112 108  
  310 131 128 149  
  311 93 98 81  
  312 112 93 108  
  313 149 128 143  
  314 93 81 78  
  315 108 93 89  
  316 143 128 124  
  317 78 81 65  
  318 89 93 78  
  319 108 89 106  
  320 124 128 108  
  321 65 81 70  
  322 106 89 87  
  323 108 106 124  
  324 70 81 86  
  325 87 89 73  
  326 124 106 121  
  327 86 81 98  
  328 70 86 76  
  329 73 89 78  
  330 121 106 105  
  331 73 78 63  
  332 105 106 87  
  333 121 105 122  
  334 63 78 65  
  335 105 87 88  
  336 122 105 107  
  337 121 122 139  
  338 63 65 51  
  339 88 87 71  
  340 107 105 88  
  341 139 122 142  
  342 51 65 56  
  343 71 87 73  
  344 107 88 91  
  345 142 122 126  
  346 56 65 70  
  347 71 73 61  
  348 91 88 75  
  349 126 122 107  
  350 56 70 59  
  351 61 73 63  
  352 75 88 71  
  353 126 107 109  
  354 61 63 49  
  355 75 71 62  
  356 109 107 91  
  357 49 63 51  
  358 62 71 61  
  359 75 62 64  
  360 49 51 40  
  361 62 61 48  
  362 64 62 50  
  363 75 64 80  
  364 40 51 43  
  365 48 61 49  
  366 50 62 48  
  367 80 64 68  
  368 43 51 56  
  369 48 49 37  
  370 50 48 38  
  371 68 64 54  
  372 43 56 46  
  373 37 49 40  
  374 38 48 37  
  375 54 64 50  
  376 37 40 29  
  377 38 37 28  
  378 54 50 41  
  379 29 40 31  
  380 28 37 29  
  381 41 50 38  
  382 31 40 43  
  383 29 31 22  
  384 41 38 30  
  385 22 31 26  
  386 29 22 20  
  387 30 38 28  
  388 20 22 14  
  389 29 20 28  
  390 30 28 21  
  391 14 22 17  
  392 28 20 21  
  393 21 20 13  
  394 13 20 14  
  395 21 13 15  
  396 13 14 8  
  397 15 13 9  
  398 21 15 23  
  399 8 14 11  
  400 9 13 8  
  401 15 9 12  
  402 23 15 19  
  403 9 8 4  
  404 12 9 7  
  405 19 15 12  
  406 23 19 27  
  407 4 8 6  
  408 7 9 4  
  409 19 12 18  
  410 27 19 24  
  411 7 4 2  
  412 18 12 10  
  413 19 18 24  
  414 24 18 25  
  415 448 442 452  
  416 260 237 232  
  417 232 237 211  
  418 260 232 256  
  419 232 211 206  
  420 256 232 229  
  421 206 211 186  
  422 229 232 206  
  423 256 229 253  
  424 186 211 189  
  425 229 206 204  
  426 253 229 228  
  427 204 206 183  
  428 229 204 228  
  429 183 206 186  
  430 204 183 182  
  431 228 204 205  
  432 183 186 163  
  433 182 183 161  
  434 205 204 182  
  435 228 205 230  
  436 183 163 161  
  437 205 182 184  
  438 230 205 209  
  439 161 163 140  
  440 184 182 162  
  441 205 184 209  
  442 140 163 143  
  443 162 182 161  
  444 209 184 188  
  445 140 143 124  
  446 162 161 139  
  447 188 184 164  
  448 209 188 214  
  449 140 124 121  
  450 139 161 140  
  451 164 184 162  
  452 214 188 193  
  453 140 121 139  
  454 164 162 142  
  455 193 188 169  
  456 142 162 139  
  457 164 142 147  
  458 169 188 164  
  459 147 142 126  
  460 164 147 169  
  461 147 126 129  
  462 169 147 151  
  463 129 126 109  
  464 147 129 151  
  465 169 151 174  
  466 129 109 116  
  467 151 129 136  
  468 174 151 158  
  469 169 174 193  
  470 116 109 97  
  471 136 129 116  
  472 158 151 136  
  473 193 174 199  
  474 97 109 91  
  475 136 116 120  
  476 158 136 144  
  477 199 174 181  
  478 97 91 80  
  479 120 116 101  
  480 144 136 120  
  481 181 174 158  
  482 80 91 75  
  483 101 116 97  
  484 144 120 130  
  485 181 158 167  
  486 101 97 84  
  487 130 120 110  
  488 167 158 144  
  489 181 167 192  
  490 84 97 80  
  491 110 120 101  
  492 192 167 177  
  493 181 192 210  
  494 84 80 68  
  495 110 101 90  
  496 177 167 153  
  497 210 192 220  
  498 84 68 72  
  499 90 101 84  
  500 153 167 144  
  501 220 192 202  
  502 72 68 57  
  503 153 144 130  
  504 202 192 177  
  505 57 68 54  
  506 72 57 67  
  507 202 177 190  
  508 57 54 44  
  509 67 57 52  
  510 190 177 165  
  511 202 190 218  
  512 44 54 41  
  513 52 57 44  
  514 165 177 153  
  515 218 190 203  
  516 52 44 39  
  517 165 153 141  
  518 203 190 178  
  519 218 203 233  
  520 39 44 33  
  521 178 190 165  
  522 218 233 246  
  523 33 44 41  
  524 178 165 155  
  525 246 233 262  
  526 33 41 30  
  527 155 165 141  
  528 262 233 250  
  529 155 141 132  
  530 250 233 221  
  531 262 250 275  
  532 132 141 119  
  533 221 233 203  
  534 275 250 267  
  535 119 141 130  
  536 267 250 240  
  537 130 141 153  
  538 240 250 221  
  539 267 240 257  
  540 240 221 212  
  541 257 240 226  
  542 212 221 194  
  543 226 240 212  
  544 257 226 251  
  545 194 221 203  
  546 251 226 224  
  547 194 203 178  
  548 224 226 201  
  549 194 178 168  
  550 201 226 212  
  551 168 178 155  
  552 194 168 185  
  553 168 155 145  
  554 185 168 159  
  555 145 155 132  
  556 168 145 159  
  557 145 132 123  
  558 159 145 137  
  559 123 132 111  
  560 145 123 137  
  561 111 132 119  
  562 137 123 118  
  563 111 119 100  
  564 118 123 103  
  565 100 119 110  
  566 111 100 92  
  567 103 123 111  
  568 110 119 130  
  569 92 100 83  
  570 103 111 92  
  571 83 100 90  
  572 103 92 85  
  573 90 100 110  
  574 83 90 72  
  575 85 92 74  
  576 72 90 84  
  577 74 92 83  
  578 74 83 67  
  579 67 83 72  
  580 74 67 58  
  581 58 67 52  
  582 58 52 45  
  583 45 52 39  
  584 58 45 55  
  585 45 39 34  
  586 55 45 42  
  587 34 39 27  
  588 42 45 34  
  589 27 39 33  
  590 34 27 24  
  591 27 33 23  
  592 34 24 32  
  593 23 33 30  
  594 32 24 25  
  595 23 30 21  
  596 251 224 245  
  597 245 224 217  
  598 245 217 241  
  599 241 217 216  
  600 216 217 191  
  601 241 216 238  
  602 191 217 197  
  603 238 198 208  
  604 197 217 224  
  605 197 224 201  
  606 197 201 176  
  607 176 201 185  
  608 197 176 173  
  609 185 201 212  
  610 173 176 154  
  611 185 212 194  
  612 154 176 159  
  613 159 176 185  
  614 173 154 150  
  615 150 154 133  
  616 173 150 170  
  617 133 154 137  
  618 150 133 127  
  619 170 150 146  
  620 137 154 159  
  621 133 137 118  
  622 127 133 113  
  623 146 150 127  
  624 133 118 113  
  625 146 127 135  
  626 113 118 99  
  627 99 118 103  
  628 113 99 96  
  629 99 103 85  
  630 96 99 82  
  631 99 85 82  
  632 96 82 79  
  633 82 85 69  
  634 79 82 66  
  635 96 79 102  
  636 69 85 74  
  637 82 69 66  
  638 69 74 58  
  639 66 69 55  
  640 69 58 55  
  641 66 55 53  
  642 53 55 42  
  643 66 53 60  
  644 53 42 47  
  645 253 228 255  
  646 255 228 230  
  647 253 255 276  
  648 255 230 258  
  649 276 255 279  
  650 258 230 234  
  651 279 255 258  
  652 276 279 297  
  653 234 230 209  
  654 279 258 282  
  655 297 279 301  
  656 234 209 214  
  657 282 258 263  
  658 301 279 282  
  659 263 258 234  
  660 282 263 285  
  661 301 282 304  
  662 285 263 268  
  663 282 285 304  
  664 268 263 243  
  665 304 285 308  
  666 243 263 234  
  667 268 243 247  
  668 308 285 291  
  669 243 234 214  
  670 247 243 219  
  671 291 285 268  
  672 308 291 313  
  673 219 243 214  
  674 247 219 225  
  675 313 291 294  
  676 308 313 330  
  677 225 219 199  
  678 247 225 254  
  679 294 291 271  
  680 330 313 332  
  681 199 219 193  
  682 254 225 239  
  683 271 291 268  
  684 332 313 318  
  685 193 219 214  
  686 254 239 266  
  687 318 313 294  
  688 332 318 342  
  689 266 239 248  
  690 254 266 281  
  691 318 294 305  
  692 342 318 328  
  693 248 239 220  
  694 281 266 290  
  695 305 294 281  
  696 328 318 305  
  697 220 239 210  
  698 290 266 273  
  699 281 294 271  
  700 328 305 312  
  701 210 239 225  
  702 290 273 299  
  703 281 271 254  
  704 312 305 290  
  705 299 273 286  
  706 290 299 312  
  707 254 271 247  
  708 290 305 281  
  709 286 273 261  
  710 312 299 323  
  711 247 271 268  
  712 261 273 248  
  713 286 261 272  
  714 323 299 310  
  715 248 273 266  
  716 261 248 231  
  717 272 261 246  
  718 310 299 286  
  719 231 248 220  
  720 246 261 231  
  721 272 246 262  
  722 231 220 202  
  723 246 231 218  
  724 272 262 287  
  725 231 202 218  
  726 287 262 275  
  727 42 34 32  
  728 42 32 36  
  729 301 304 322  
  730 322 304 326  
  731 326 304 308  
  732 326 308 330  
  733 326 330 346  
  734 346 330 350  
  735 350 330 332  
  736 350 332 354  
  737 354 332 342  
  738 350 354 370  
  739 354 342 364  
  740 370 354 376  
  741 364 342 349  
  742 354 364 376  
  743 349 342 328  
  744 349 328 334  
  745 334 328 312  
  746 334 312 323  
  747 286 272 295  
  748 295 272 287  
  749 286 295 310  
  750 60 77 79  
  751 462 461 460  
  752 59 46 56  
  753 181 210 199  
  754 199 210 225  
  755 416 397 418  
  756 16 25 18  
  757 134 114 125  
  758 443 451 441  
  759 427 422 406  
  760 370 376 392  
  761 135 157 146  
  762 17 11 14  
  763 170 146 157  
  764 333 311 325  
  765 325 311 303  
  766 333 325 347  
  767 5 10 7  
  768 179 156 171  
  769 421 434 414  
  770 414 434 424  
  771 223 195 213  
  772 405 411 423  
  773 95 115 102  
  774 102 115 127  
  775 95 102 79  
  776 96 102 113  
  777 35 26 31  
  778 378 356 369  
  779 355 375 373  
  780 373 375 394  
  781 355 373 361  
  782 36 47 42  
  783 94 76 86  
  784 456 460 455  
  785 420 418 403  
  786 403 418 397  
  787 420 403 404  
  788 404 403 383  
  789 420 404 422  
  790 422 404 406  
  791 391 404 383  
  792 377 400 399  
  793 336 347 325  
  794 180 208 198  
  795 198 238 216  
  796 198 216 191  
  797 180 198 170  
  798 6 3 4  
  799 289 265 278  
  800 2 5 7  
  801 195 179 171  
  802 368 365 390  
  803 380 365 362  
  804 191 197 173  
  805 191 173 170  
  806 191 170 198  
  807 77 95 79  
  808 46 35 43  
  809 303 315 325  
  810 79 66 60  
  811 397 378 386  
  812 386 378 369  
  813 397 386 403  
  814 403 386 383  
  815 375 377 399  
  816 25 36 32  
  817 114 94 104  
  818 451 456 455  
  819 362 353 374  
  820 374 353 361  
  821 400 396 424  
  822 157 180 170  
  823 11 6 8  
  824 127 113 102  
  825 311 289 303  
  826 10 16 18  
  827 156 134 148  
  828 434 443 424  
  829 429 427 406  
  830 315 336 325  
  831 115 135 127  
  832 26 17 22  
  833 369 383 386  
  834 356 333 347  
  835 447 441 451  
  836 47 60 53  
  837 76 59 70  
  838 31 43 35  
  839 235 223 252  
  840 265 235 252  
  841 12 7 10  
  842 4 3 2  
  END_ELEMENTS  
  COORDINATES  
   1   2.000000e+00 -6.000000e+00   
   2   2.500000e+00 -6.000000e+00   
   3   2.000000e+00 -5.500000e+00   
   4   2.547063e+00 -5.291667e+00   
   5   3.000000e+00 -6.000000e+00   
   6   2.000000e+00 -5.000000e+00   
   7   3.071797e+00 -5.500000e+00   
   8   2.638784e+00 -4.750000e+00   
   9   3.071797e+00 -5.000000e+00   
   10   3.500000e+00 -6.000000e+00   
   11   2.000000e+00 -4.500000e+00   
   12   3.504809e+00 -5.250000e+00   
   13   3.071797e+00 -4.500000e+00   
   14   2.638784e+00 -4.250000e+00   
   15   3.504809e+00 -4.750000e+00   
   16   4.000000e+00 -6.000000e+00   
   17   2.000000e+00 -4.000000e+00   
   18   3.937822e+00 -5.500000e+00   
   19   3.937822e+00 -5.000000e+00   
   20   3.071797e+00 -4.000000e+00   
   21   3.504809e+00 -4.250000e+00   
   22   2.638784e+00 -3.750000e+00   
   23   3.937822e+00 -4.500000e+00   
   24   4.392362e+00 -5.291667e+00   
   25   4.500000e+00 -6.000000e+00   
   26   2.000000e+00 -3.500000e+00   
   27   4.370835e+00 -4.750000e+00   
   28   3.504809e+00 -3.750000e+00   
   29   3.071797e+00 -3.500000e+00   
   30   3.937822e+00 -4.000000e+00   
   31   2.638784e+00 -3.250000e+00   
   32   4.787365e+00 -5.536905e+00   
   33   4.370835e+00 -4.250000e+00   
   34   4.803848e+00 -5.000000e+00   
   35   2.000000e+00 -3.000000e+00   
   36   5.000000e+00 -6.000000e+00   
   37   3.504809e+00 -3.250000e+00   
   38   3.937822e+00 -3.500000e+00   
   39   4.803848e+00 -4.500000e+00   
   40   3.071797e+00 -3.000000e+00   
   41   4.370835e+00 -3.750000e+00   
   42   5.240614e+00 -5.392857e+00   
   43   2.638784e+00 -2.750000e+00   
   44   4.803848e+00 -4.000000e+00   
   45   5.236860e+00 -4.750000e+00   
   46   2.000000e+00 -2.500000e+00   
   47   5.500000e+00 -6.000000e+00   
   48   3.937822e+00 -3.000000e+00   
   49   3.504809e+00 -2.750000e+00   
   50   4.370835e+00 -3.250000e+00   
   51   3.071797e+00 -2.500000e+00   
   52   5.236860e+00 -4.250000e+00   
   53   5.669873e+00 -5.500000e+00   
   54   4.803848e+00 -3.500000e+00   
   55   5.669873e+00 -5.000000e+00   
   56   2.638784e+00 -2.250000e+00   
   57   5.236860e+00 -3.750000e+00   
   58   5.669873e+00 -4.500000e+00   
   59   2.000000e+00 -2.000000e+00   
   60   6.000000e+00 -6.000000e+00   
   61   3.937822e+00 -2.500000e+00   
   62   4.370835e+00 -2.750000e+00   
   63   3.504809e+00 -2.250000e+00   
   64   4.803848e+00 -3.000000e+00   
   65   3.071797e+00 -2.000000e+00   
   66   6.085738e+00 -5.291667e+00   
   67   5.669873e+00 -4.000000e+00   
   68   5.236860e+00 -3.250000e+00   
   69   6.102886e+00 -4.750000e+00   
   70   2.638784e+00 -1.750000e+00   
   71   4.370835e+00 -2.250000e+00   
   72   5.669873e+00 -3.500000e+00   
   73   3.937822e+00 -2.000000e+00   
   74   6.102886e+00 -4.250000e+00   
   75   4.803848e+00 -2.500000e+00   
   76   2.000000e+00 -1.500000e+00   
   77   6.500000e+00 -6.000000e+00   
   78   3.504809e+00 -1.750000e+00   
   79   6.535898e+00 -5.500000e+00   
   80   5.236860e+00 -2.750000e+00   
   81   3.071797e+00 -1.500000e+00   
   82   6.535898e+00 -5.000000e+00   
   83   6.102886e+00 -3.750000e+00   
   84   5.669873e+00 -3.000000e+00   
   85   6.535898e+00 -4.500000e+00   
   86   2.638784e+00 -1.250000e+00   
   87   4.370835e+00 -1.750000e+00   
   88   4.803848e+00 -2.000000e+00   
   89   3.937822e+00 -1.500000e+00   
   90   6.102886e+00 -3.250000e+00   
   91   5.236860e+00 -2.250000e+00   
   92   6.535898e+00 -4.000000e+00   
   93   3.504809e+00 -1.250000e+00   
   94   2.000000e+00 -1.000000e+00   
   95   7.000000e+00 -6.000000e+00   
   96   6.938526e+00 -5.163397e+00   
   97   5.669873e+00 -2.500000e+00   
   98   3.071797e+00 -1.000000e+00   
   99   6.968911e+00 -4.750000e+00   
   100   6.535898e+00 -3.500000e+00   
   101   6.102886e+00 -2.750000e+00   
   102   7.250000e+00 -5.566987e+00   
   103   6.968911e+00 -4.250000e+00   
   104   2.638784e+00 -7.500000e-01   
   105   4.803848e+00 -1.500000e+00   
   106   4.370835e+00 -1.250000e+00   
   107   5.236860e+00 -1.750000e+00   
   108   3.937822e+00 -1.000000e+00   
   109   5.669873e+00 -2.000000e+00   
   110   6.535898e+00 -3.000000e+00   
   111   6.968911e+00 -3.750000e+00   
   112   3.504809e+00 -7.500000e-01   
   113   7.401924e+00 -5.000000e+00   
   114   2.000000e+00 -5.000000e-01   
   115   7.500000e+00 -6.000000e+00   
   116   6.102886e+00 -2.250000e+00   
   117   3.071797e+00 -5.000000e-01   
   118   7.401924e+00 -4.500000e+00   
   119   6.968911e+00 -3.250000e+00   
   120   6.535898e+00 -2.500000e+00   
   121   4.803848e+00 -1.000000e+00   
   122   5.236860e+00 -1.250000e+00   
   123   7.401924e+00 -4.000000e+00   
   124   4.370835e+00 -7.500000e-01   
   125   2.638784e+00 -2.500000e-01   
   126   5.669873e+00 -1.500000e+00   
   127   7.788966e+00 -5.402427e+00   
   128   3.937822e+00 -5.000000e-01   
   129   6.102886e+00 -1.750000e+00   
   130   6.968911e+00 -2.750000e+00   
   131   3.504809e+00 -2.500000e-01   
   132   7.401924e+00 -3.500000e+00   
   133   7.834936e+00 -4.750000e+00   
   134   2.000000e+00 -2.664535e-15   
   135   8.000000e+00 -6.000000e+00   
   136   6.535898e+00 -2.000000e+00   
   137   7.834936e+00 -4.250000e+00   
   138   3.071797e+00 -3.552714e-14   
   139   5.236860e+00 -7.500000e-01   
   140   4.803848e+00 -5.000000e-01   
   141   7.401924e+00 -3.000000e+00   
   142   5.669873e+00 -1.000000e+00   
   143   4.370835e+00 -2.500000e-01   
   144   6.968911e+00 -2.250000e+00   
   145   7.834936e+00 -3.750000e+00   
   146   8.257693e+00 -5.560971e+00   
   147   6.102886e+00 -1.250000e+00   
   148   2.638784e+00  2.500000e-01   
   149   3.937822e+00 -3.153033e-14   
   150   8.267949e+00 -5.000000e+00   
   151   6.535898e+00 -1.500000e+00   
   152   3.504809e+00  2.500000e-01   
   153   7.401924e+00 -2.500000e+00   
   154   8.267949e+00 -4.500000e+00   
   155   7.834936e+00 -3.250000e+00   
   156   2.000000e+00  5.000000e-01   
   157   8.500000e+00 -6.000000e+00   
   158   6.968911e+00 -1.750000e+00   
   159   8.267949e+00 -4.000000e+00   
   160   3.071797e+00  5.000000e-01   
   161   5.236860e+00 -2.500000e-01   
   162   5.669873e+00 -5.000000e-01   
   163   4.803848e+00 -2.708944e-14   
   164   6.102886e+00 -7.500000e-01   
   165   7.834936e+00 -2.750000e+00   
   166   4.370835e+00  2.500000e-01   
   167   7.401924e+00 -2.000000e+00   
   168   8.267949e+00 -3.500000e+00   
   169   6.535898e+00 -1.000000e+00   
   170   8.731548e+00 -5.402427e+00   
   171   2.638784e+00  7.500000e-01   
   172   3.937822e+00  5.000000e-01   
   173   8.700962e+00 -4.750000e+00   
   174   6.968911e+00 -1.250000e+00   
   175   3.504809e+00  7.500000e-01   
   176   8.700962e+00 -4.250000e+00   
   177   7.834936e+00 -2.250000e+00   
   178   8.267949e+00 -3.000000e+00   
   179   2.000000e+00  1.000000e+00   
   180   9.000000e+00 -6.000000e+00   
   181   7.401924e+00 -1.500000e+00   
   182   5.669873e+00 -2.353673e-14   
   183   5.236860e+00  2.500000e-01   
   184   6.102886e+00 -2.500000e-01   
   185   8.700962e+00 -3.750000e+00   
   186   4.803848e+00  5.000000e-01   
   187   3.071797e+00  1.000000e+00   
   188   6.535898e+00 -5.000000e-01   
   189   4.370835e+00  7.500000e-01   
   190   8.267949e+00 -2.500000e+00   
   191   9.133975e+00 -5.000000e+00   
   192   7.834936e+00 -1.750000e+00   
   193   6.968911e+00 -7.500000e-01   
   194   8.700962e+00 -3.250000e+00   
   195   2.433013e+00  1.250000e+00   
   196   3.937822e+00  1.000000e+00   
   197   9.133975e+00 -4.500000e+00   
   198   9.325952e+00 -5.510971e+00   
   199   7.401924e+00 -1.000000e+00   
   200   3.504809e+00  1.250000e+00   
   201   9.133975e+00 -4.000000e+00   
   202   8.267949e+00 -2.000000e+00   
   203   8.700962e+00 -2.750000e+00   
   204   5.669873e+00  5.000000e-01   
   205   6.102886e+00  2.500000e-01   
   206   5.236860e+00  7.500000e-01   
   207   2.000000e+00  1.500000e+00   
   208   9.500000e+00 -6.000000e+00   
   209   6.535898e+00 -2.042810e-14   
   210   7.834936e+00 -1.250000e+00   
   211   4.803848e+00  1.000000e+00   
   212   9.133975e+00 -3.500000e+00   
   213   3.071797e+00  1.500000e+00   
   214   6.968911e+00 -2.500000e-01   
   215   4.370835e+00  1.250000e+00   
   216   9.590192e+00 -5.163397e+00   
   217   9.566987e+00 -4.750000e+00   
   218   8.700962e+00 -2.250000e+00   
   219   7.401924e+00 -5.000000e-01   
   220   8.267949e+00 -1.500000e+00   
   221   9.133975e+00 -3.000000e+00   
   222   3.937822e+00  1.500000e+00   
   223   2.433013e+00  1.750000e+00   
   224   9.566987e+00 -4.250000e+00   
   225   7.834936e+00 -7.500000e-01   
   226   9.566987e+00 -3.750000e+00   
   227   3.504809e+00  1.750000e+00   
   228   6.102886e+00  7.500000e-01   
   229   5.669873e+00  1.000000e+00   
   230   6.535898e+00  5.000000e-01   
   231   8.700962e+00 -1.750000e+00   
   232   5.236860e+00  1.250000e+00   
   233   9.133975e+00 -2.500000e+00   
   234   6.968911e+00  2.500000e-01   
   235   2.000000e+00  2.000000e+00   
   236   1.000000e+01 -6.000000e+00   
   237   4.803848e+00  1.500000e+00   
   238   1.000000e+01 -5.500000e+00   
   239   8.267949e+00 -1.000000e+00   
   240   9.566987e+00 -3.250000e+00   
   241   1.000000e+01 -5.000000e+00   
   242   3.071797e+00  2.000000e+00   
   243   7.401924e+00 -1.820766e-14   
   244   4.370835e+00  1.750000e+00   
   245   1.000000e+01 -4.500000e+00   
   246   9.133975e+00 -2.000000e+00   
   247   7.834936e+00 -2.500000e-01   
   248   8.700962e+00 -1.250000e+00   
   249   3.937822e+00  2.000000e+00   
   250   9.566987e+00 -2.750000e+00   
   251   1.000000e+01 -4.000000e+00   
   252   2.638784e+00  2.250000e+00   
   253   6.102886e+00  1.250000e+00   
   254   8.267949e+00 -5.000000e-01   
   255   6.535898e+00  1.000000e+00   
   256   5.669873e+00  1.500000e+00   
   257   1.000000e+01 -3.500000e+00   
   258   6.968911e+00  7.500000e-01   
   259   3.504809e+00  2.250000e+00   
   260   5.236860e+00  1.750000e+00   
   261   9.133975e+00 -1.500000e+00   
   262   9.566987e+00 -2.250000e+00   
   263   7.401924e+00  5.000000e-01   
   264   4.803848e+00  2.000000e+00   
   265   2.000000e+00  2.500000e+00   
   266   8.700962e+00 -7.500000e-01   
   267   1.000000e+01 -3.000000e+00   
   268   7.834936e+00  2.500000e-01   
   269   3.071797e+00  2.500000e+00   
   270   4.370835e+00  2.250000e+00   
   271   8.267949e+00 -1.509903e-14   
   272   9.566987e+00 -1.750000e+00   
   273   9.133975e+00 -1.000000e+00   
   274   3.937822e+00  2.500000e+00   
   275   1.000000e+01 -2.500000e+00   
   276   6.535898e+00  1.500000e+00   
   277   6.102886e+00  1.750000e+00   
   278   2.638784e+00  2.750000e+00   
   279   6.968911e+00  1.250000e+00   
   280   5.669873e+00  2.000000e+00   
   281   8.700962e+00 -2.500000e-01   
   282   7.401924e+00  1.000000e+00   
   283   5.236860e+00  2.250000e+00   
   284   3.504809e+00  2.750000e+00   
   285   7.834936e+00  7.500000e-01   
   286   9.566987e+00 -1.250000e+00   
   287   1.000000e+01 -2.000000e+00   
   288   4.803848e+00  2.500000e+00   
   289   2.000000e+00  3.000000e+00   
   290   9.133975e+00 -5.000000e-01   
   291   8.267949e+00  5.000000e-01   
   292   3.071797e+00  3.000000e+00   
   293   4.370835e+00  2.750000e+00   
   294   8.700962e+00  2.500000e-01   
   295   1.000000e+01 -1.500000e+00   
   296   6.535898e+00  2.000000e+00   
   297   6.968911e+00  1.750000e+00   
   298   3.937822e+00  3.000000e+00   
   299   9.566987e+00 -7.500000e-01   
   300   6.102886e+00  2.250000e+00   
   301   7.401924e+00  1.500000e+00   
   302   5.669873e+00  2.500000e+00   
   303   2.638784e+00  3.250000e+00   
   304   7.834936e+00  1.250000e+00   
   305   9.133975e+00 -8.881784e-15   
   306   5.236860e+00  2.750000e+00   
   307   3.504809e+00  3.250000e+00   
   308   8.267949e+00  1.000000e+00   
   309   4.803848e+00  3.000000e+00   
   310   1.000000e+01 -1.000000e+00   
   311   2.000000e+00  3.500000e+00   
   312   9.566987e+00 -2.500000e-01   
   313   8.700962e+00  7.500000e-01   
   314   4.370835e+00  3.250000e+00   
   315   3.071797e+00  3.500000e+00   
   316   6.968911e+00  2.250000e+00   
   317   6.535898e+00  2.500000e+00   
   318   9.133975e+00  5.000000e-01   
   319   7.401924e+00  2.000000e+00   
   320   6.102886e+00  2.750000e+00   
   321   3.937822e+00  3.500000e+00   
   322   7.834936e+00  1.750000e+00   
   323   1.000000e+01 -5.000000e-01   
   324   5.669873e+00  3.000000e+00   
   325   2.433013e+00  3.750000e+00   
   326   8.267949e+00  1.500000e+00   
   327   5.236860e+00  3.250000e+00   
   328   9.566987e+00  2.500000e-01   
   329   3.504809e+00  3.750000e+00   
   330   8.700962e+00  1.250000e+00   
   331   4.803848e+00  3.500000e+00   
   332   9.133975e+00  1.000000e+00   
   333   2.000000e+00  4.000000e+00   
   334   1.000000e+01  2.664535e-15   
   335   4.370835e+00  3.750000e+00   
   336   3.071797e+00  4.000000e+00   
   337   6.968911e+00  2.750000e+00   
   338   7.401924e+00  2.500000e+00   
   339   6.535898e+00  3.000000e+00   
   340   7.834936e+00  2.250000e+00   
   341   6.102886e+00  3.250000e+00   
   342   9.566987e+00  7.500000e-01   
   343   8.267949e+00  2.000000e+00   
   344   5.669873e+00  3.500000e+00   
   345   3.937822e+00  4.000000e+00   
   346   8.700962e+00  1.750000e+00   
   347   2.638784e+00  4.250000e+00   
   348   5.236860e+00  3.750000e+00   
   349   1.000000e+01  5.000000e-01   
   350   9.133975e+00  1.500000e+00   
   351   3.504809e+00  4.250000e+00   
   352   4.803848e+00  4.000000e+00   
   353   6.492116e+00  3.416987e+00   
   354   9.566987e+00  1.250000e+00   
   355   7.401924e+00  3.000000e+00   
   356   2.000000e+00  4.500000e+00   
   357   7.834936e+00  2.750000e+00   
   358   4.370835e+00  4.250000e+00   
   359   3.071797e+00  4.500000e+00   
   360   8.267949e+00  2.500000e+00   
   361   6.977174e+00  3.325248e+00   
   362   6.102886e+00  3.750000e+00   
   363   8.700962e+00  2.250000e+00   
   364   1.000000e+01  1.000000e+00   
   365   5.669873e+00  4.000000e+00   
   366   3.937822e+00  4.500000e+00   
   367   9.133975e+00  2.000000e+00   
   368   5.236860e+00  4.250000e+00   
   369   2.638784e+00  4.750000e+00   
   370   9.566987e+00  1.750000e+00   
   371   3.504809e+00  4.750000e+00   
   372   4.803848e+00  4.500000e+00   
   373   7.441367e+00  3.439877e+00   
   374   6.750000e+00  3.834936e+00   
   375   7.836001e+00  3.279514e+00   
   376   1.000000e+01  1.500000e+00   
   377   8.267949e+00  3.000000e+00   
   378   2.000000e+00  5.000000e+00   
   379   4.370835e+00  4.750000e+00   
   380   6.000000e+00  4.267949e+00   
   381   8.700962e+00  2.750000e+00   
   382   9.133975e+00  2.500000e+00   
   383   3.035422e+00  5.065824e+00   
   384   7.250000e+00  3.834936e+00   
   385   3.937822e+00  5.000000e+00   
   386   2.492116e+00  5.163397e+00   
   387   5.250000e+00  4.700962e+00   
   388   9.566987e+00  2.250000e+00   
   389   6.500000e+00  4.267949e+00   
   390   5.700962e+00  4.598260e+00   
   391   3.540450e+00  5.163397e+00   
   392   1.000000e+01  2.000000e+00   
   393   4.803848e+00  5.000000e+00   
   394   7.750000e+00  3.834936e+00   
   395   7.000000e+00  4.267949e+00   
   396   9.133975e+00  3.000000e+00   
   397   2.000000e+00  5.500000e+00   
   398   6.250000e+00  4.700962e+00   
   399   8.261195e+00  3.690225e+00   
   400   8.725481e+00  3.375802e+00   
   401   4.383388e+00  5.302831e+00   
   402   9.566987e+00  2.750000e+00   
   403   2.750000e+00  5.566987e+00   
   404   3.250000e+00  5.566987e+00   
   405   7.500000e+00  4.267949e+00   
   406   3.937822e+00  5.500000e+00   
   407   5.500000e+00  5.133975e+00   
   408   1.000000e+01  2.500000e+00   
   409   6.750000e+00  4.700962e+00   
   410   6.000000e+00  5.133975e+00   
   411   8.000000e+00  4.267949e+00   
   412   4.787447e+00  5.573964e+00   
   413   7.250000e+00  4.700962e+00   
   414   9.607103e+00  3.187416e+00   
   415   8.764246e+00  3.857801e+00   
   416   2.000000e+00  6.000000e+00   
   417   6.500000e+00  5.133975e+00   
   418   2.500000e+00  6.000000e+00   
   419   5.250000e+00  5.566987e+00   
   420   3.000000e+00  6.000000e+00   
   421   1.000000e+01  3.000000e+00   
   422   3.500000e+00  6.000000e+00   
   423   7.750000e+00  4.700962e+00   
   424   9.334555e+00  3.687080e+00   
   425   8.500000e+00  4.267949e+00   
   426   5.750000e+00  5.566987e+00   
   427   4.000000e+00  6.000000e+00   
   428   7.000000e+00  5.133975e+00   
   429   4.500000e+00  6.000000e+00   
   430   6.250000e+00  5.566987e+00   
   431   5.000000e+00  6.000000e+00   
   432   8.250000e+00  4.700962e+00   
   433   7.500000e+00  5.133975e+00   
   434   1.000000e+01  3.500000e+00   
   435   9.000000e+00  4.267949e+00   
   436   5.500000e+00  6.000000e+00   
   437   6.750000e+00  5.566987e+00   
   438   8.000000e+00  5.133975e+00   
   439   6.000000e+00  6.000000e+00   
   440   8.750000e+00  4.700962e+00   
   441   9.525244e+00  4.224499e+00   
   442   7.250000e+00  5.566987e+00   
   443   1.000000e+01  4.000000e+00   
   444   6.500000e+00  6.000000e+00   
   445   8.500000e+00  5.133975e+00   
   446   7.750000e+00  5.566987e+00   
   447   9.291667e+00  4.667468e+00   
   448   7.000000e+00  6.000000e+00   
   449   8.250000e+00  5.566987e+00   
   450   9.000000e+00  5.133975e+00   
   451   1.000000e+01  4.500000e+00   
   452   7.500000e+00  6.000000e+00   
   453   8.750000e+00  5.566987e+00   
   454   8.000000e+00  6.000000e+00   
   455   9.500000e+00  5.133975e+00   
   456   1.000000e+01  5.000000e+00   
   457   8.500000e+00  6.000000e+00   
   458   9.291667e+00  5.555823e+00   
   459   9.000000e+00  6.000000e+00   
   460   1.000000e+01  5.500000e+00   
   461   9.500000e+00  6.000000e+00   
   462   1.000000e+01  6.000000e+00   
  END_COORDINATES
  BOUNDARIES, ELEMENT
    1         1     2         1     
    2         3     1         1     
    3         392     408         2     
    4         235     207         3     
    5         408     421         7     
    6         207     179         9     
    7         208     236         132     
    8         236     238         132     
    9         439     436         133     
    10         436     431         136     
    11         431     429         142     
    12         454     452         183     
    13         461     459         213     
    14         459     457         214     
    15         457     454         217     
    16         444     439         235     
    17         448     444         238     
    18         452     448         415     
    19         267     275         534     
    20         257     267         539     
    21         251     257         544     
    22         245     251         596     
    23         241     245         598     
    24         238     241         601     
    25         310     323         714     
    26         275     287         726     
    27         349     364         741     
    28         364     376         742     
    29         334     349         744     
    30         323     334         746     
    31         287     295         748     
    32         295     310         749     
    33         60     77         750     
    34         460     462         751     
    35         462     461         751     
    36         59     46         752     
    37         418     416         755     
    38         416     397         755     
    39         16     25         756     
    40         134     114         757     
    41         443     451         758     
    42         427     422         759     
    43         376     392         760     
    44         135     157         761     
    45         17     11         762     
    46         333     311         764     
    47         5     10         767     
    48         179     156         768     
    49         421     434         769     
    50         95     115         773     
    51         35     26         777     
    52         378     356         778     
    53         36     47         782     
    54         94     76         783     
    55         456     460         784     
    56         420     418         785     
    57         422     420         789     
    58         180     208         794     
    59         6     3         798     
    60         289     265         799     
    61         2     5         800     
    62         77     95         807     
    63         46     35         808     
    64         397     378         811     
    65         25     36         816     
    66         114     94         817     
    67         451     456         818     
    68         157     180         822     
    69         11     6         823     
    70         311     289         825     
    71         10     16         826     
    72         156     134         827     
    73         434     443         828     
    74         429     427         829     
    75         115     135         831     
    76         26     17         832     
    77         356     333         834     
    78         47     60         836     
    79         76     59         837     
    80         265     235         840     
  END_BOUNDARIES
  MATERIALS
     1     0
     2     0
     3     0
     4     0
     5     0
     6     0
     7     0
     8     0
     9     0
     10     0
     11     0
     12     0
     13     0
     14     0
     15     0
     16     0
     17     0
     18     0
     19     0
     20     0
     21     0
     22     0
     23     0
     24     0
     25     0
     26     0
     27     0
     28     0
     29     0
     30     0
     31     0
     32     0
     33     0
     34     0
     35     0
     36     0
     37     0
     38     0
     39     0
     40     0
     41     0
     42     0
     43     0
     44     0
     45     0
     46     0
     47     0
     48     0
     49     0
     50     0
     51     0
     52     0
     53     0
     54     0
     55     0
     56     0
     57     0
     58     0
     59     0
     60     0
     61     0
     62     0
     63     0
     64     0
     65     0
     66     0
     67     0
     68     0
     69     0
     70     0
     71     0
     72     0
     73     0
     74     0
     75     0
     76     0
     77     0
     78     0
     79     0
     80     0
     81     0
     82     0
     83     0
     84     0
     85     0
     86     0
     87     0
     88     0
     89     0
     90     0
     91     0
     92     0
     93     0
     94     0
     95     0
     96     0
     97     0
     98     0
     99     0
     100     0
     101     0
     102     0
     103     0
     104     0
     105     0
     106     0
     107     0
     108     0
     109     0
     110     0
     111     0
     112     0
     113     0
     114     0
     115     0
     116     0
     117     0
     118     0
     119     0
     120     0
     121     0
     122     0
     123     0
     124     0
     125     0
     126     0
     127     0
     128     0
     129     0
     130     0
     131     0
     132     0
     133     0
     134     0
     135     0
     136     0
     137     0
     138     0
     139     0
     140     0
     141     0
     142     0
     143     0
     144     0
     145     0
     146     0
     147     0
     148     0
     149     0
     150     0
     151     0
     152     0
     153     0
     154     0
     155     0
     156     0
     157     0
     158     0
     159     0
     160     0
     161     0
     162     0
     163     0
     164     0
     165     0
     166     0
     167     0
     168     0
     169     0
     170     0
     171     0
     172     0
     173     0
     174     0
     175     0
     176     0
     177     0
     178     0
     179     0
     180     0
     181     0
     182     0
     183     0
     184     0
     185     0
     186     0
     187     0
     188     0
     189     0
     190     0
     191     0
     192     0
     193     0
     194     0
     195     0
     196     0
     197     0
     198     0
     199     0
     200     0
     201     0
     202     0
     203     0
     204     0
     205     0
     206     0
     207     0
     208     0
     209     0
     210     0
     211     0
     212     0
     213     0
     214     0
     215     0
     216     0
     217     0
     218     0
     219     0
     220     0
     221     0
     222     0
     223     0
     224     0
     225     0
     226     0
     227     0
     228     0
     229     0
     230     0
     231     0
     232     0
     233     0
     234     0
     235     0
     236     0
     237     0
     238     0
     239     0
     240     0
     241     0
     242     0
     243     0
     244     0
     245     0
     246     0
     247     0
     248     0
     249     0
     250     0
     251     0
     252     0
     253     0
     254     0
     255     0
     256     0
     257     0
     258     0
     259     0
     260     0
     261     0
     262     0
     263     0
     264     0
     265     0
     266     0
     267     0
     268     0
     269     0
     270     0
     271     0
     272     0
     273     0
     274     0
     275     0
     276     0
     277     0
     278     0
     279     0
     280     0
     281     0
     282     0
     283     0
     284     0
     285     0
     286     0
     287     0
     288     0
     289     0
     290     0
     291     0
     292     0
     293     0
     294     0
     295     0
     296     0
     297     0
     298     0
     299     0
     300     0
     301     0
     302     0
     303     0
     304     0
     305     0
     306     0
     307     0
     308     0
     309     0
     310     0
     311     0
     312     0
     313     0
     314     0
     315     0
     316     0
     317     0
     318     0
     319     0
     320     0
     321     0
     322     0
     323     0
     324     0
     325     0
     326     0
     327     0
     328     0
     329     0
     330     0
     331     0
     332     0
     333     0
     334     0
     335     0
     336     0
     337     0
     338     0
     339     0
     340     0
     341     0
     342     0
     343     0
     344     0
     345     0
     346     0
     347     0
     348     0
     349     0
     350     0
     351     0
     352     0
     353     0
     354     0
     355     0
     356     0
     357     0
     358     0
     359     0
     360     0
     361     0
     362     0
     363     0
     364     0
     365     0
     366     0
     367     0
     368     0
     369     0
     370     0
     371     0
     372     0
     373     0
     374     0
     375     0
     376     0
     377     0
     378     0
     379     0
     380     0
     381     0
     382     0
     383     0
     384     0
     385     0
     386     0
     387     0
     388     0
     389     0
     390     0
     391     0
     392     0
     393     0
     394     0
     395     0
     396     0
     397     0
     398     0
     399     0
     400     0
     401     0
     402     0
     403     0
     404     0
     405     0
     406     0
     407     0
     408     0
     409     0
     410     0
     411     0
     412     0
     413     0
     414     0
     415     0
     416     0
     417     0
     418     0
     419     0
     420     0
     421     0
     422     0
     423     0
     424     0
     425     0
     426     0
     427     0
     428     0
     429     0
     430     0
     431     0
     432     0
     433     0
     434     0
     435     0
     436     0
     437     0
     438     0
     439     0
     440     0
     441     0
     442     0
     443     0
     444     0
     445     0
     446     0
     447     0
     448     0
     449     0
     450     0
     451     0
     452     0
     453     0
     454     0
     455     0
     456     0
     457     0
     458     0
     459     0
     460     0
     461     0
     462     0
     463     0
     464     0
     465     0
     466     0
     467     0
     468     0
     469     0
     470     0
     471     0
     472     0
     473     0
     474     0
     475     0
     476     0
     477     0
     478     0
     479     0
     480     0
     481     0
     482     0
     483     0
     484     0
     485     0
     486     0
     487     0
     488     0
     489     0
     490     0
     491     0
     492     0
     493     0
     494     0
     495     0
     496     0
     497     0
     498     0
     499     0
     500     0
     501     0
     502     0
     503     0
     504     0
     505     0
     506     0
     507     0
     508     0
     509     0
     510     0
     511     0
     512     0
     513     0
     514     0
     515     0
     516     0
     517     0
     518     0
     519     0
     520     0
     521     0
     522     0
     523     0
     524     0
     525     0
     526     0
     527     0
     528     0
     529     0
     530     0
     531     0
     532     0
     533     0
     534     0
     535     0
     536     0
     537     0
     538     0
     539     0
     540     0
     541     0
     542     0
     543     0
     544     0
     545     0
     546     0
     547     0
     548     0
     549     0
     550     0
     551     0
     552     0
     553     0
     554     0
     555     0
     556     0
     557     0
     558     0
     559     0
     560     0
     561     0
     562     0
     563     0
     564     0
     565     0
     566     0
     567     0
     568     0
     569     0
     570     0
     571     0
     572     0
     573     0
     574     0
     575     0
     576     0
     577     0
     578     0
     579     0
     580     0
     581     0
     582     0
     583     0
     584     0
     585     0
     586     0
     587     0
     588     0
     589     0
     590     0
     591     0
     592     0
     593     0
     594     0
     595     0
     596     0
     597     0
     598     0
     599     0
     600     0
     601     0
     602     0
     603     0
     604     0
     605     0
     606     0
     607     0
     608     0
     609     0
     610     0
     611     0
     612     0
     613     0
     614     0
     615     0
     616     0
     617     0
     618     0
     619     0
     620     0
     621     0
     622     0
     623     0
     624     0
     625     0
     626     0
     627     0
     628     0
     629     0
     630     0
     631     0
     632     0
     633     0
     634     0
     635     0
     636     0
     637     0
     638     0
     639     0
     640     0
     641     0
     642     0
     643     0
     644     0
     645     0
     646     0
     647     0
     648     0
     649     0
     650     0
     651     0
     652     0
     653     0
     654     0
     655     0
     656     0
     657     0
     658     0
     659     0
     660     0
     661     0
     662     0
     663     0
     664     0
     665     0
     666     0
     667     0
     668     0
     669     0
     670     0
     671     0
     672     0
     673     0
     674     0
     675     0
     676     0
     677     0
     678     0
     679     0
     680     0
     681     0
     682     0
     683     0
     684     0
     685     0
     686     0
     687     0
     688     0
     689     0
     690     0
     691     0
     692     0
     693     0
     694     0
     695     0
     696     0
     697     0
     698     0
     699     0
     700     0
     701     0
     702     0
     703     0
     704     0
     705     0
     706     0
     707     0
     708     0
     709     0
     710     0
     711     0
     712     0
     713     0
     714     0
     715     0
     716     0
     717     0
     718     0
     719     0
     720     0
     721     0
     722     0
     723     0
     724     0
     725     0
     726     0
     727     0
     728     0
     729     0
     730     0
     731     0
     732     0
     733     0
     734     0
     735     0
     736     0
     737     0
     738     0
     739     0
     740     0
     741     0
     742     0
     743     0
     744     0
     745     0
     746     0
     747     0
     748     0
     749     0
     750     0
     751     0
     752     0
     753     0
     754     0
     755     0
     756     0
     757     0
     758     0
     759     0
     760     0
     761     0
     762     0
     763     0
     764     0
     765     0
     766     0
     767     0
     768     0
     769     0
     770     0
     771     0
     772     0
     773     0
     774     0
     775     0
     776     0
     777     0
     778     0
     779     0
     780     0
     781     0
     782     0
     783     0
     784     0
     785     0
     786     0
     787     0
     788     0
     789     0
     790     0
     791     0
     792     0
     793     0
     794     0
     795     0
     796     0
     797     0
     798     0
     799     0
     800     0
     801     0
     802     0
     803     0
     804     0
     805     0
     806     0
     807     0
     808     0
     809     0
     810     0
     811     0
     812     0
     813     0
     814     0
     815     0
     816     0
     817     0
     818     0
     819     0
     820     0
     821     0
     822     0
     823     0
     824     0
     825     0
     826     0
     827     0
     828     0
     829     0
     830     0
     831     0
     832     0
     833     0
     834     0
     835     0
     836     0
     837     0
     838     0
     839     0
     840     0
     841     0
     842     0
  END_MATERIALS 
  SUBDOMAINS
  END_SUBDOMAINS
  CHARACTERISTICS
  END_CHARACTERISTICS
